# Parameters: nPorts nContainers
14 7248
# Transport type: id length=(20,40) weight type=(DC,RC,HC,HR)
0 20 3 DC
1 20 9 DC
2 20 14 DC
3 20 21 DC
4 20 27 DC
5 20 3 RC
6 20 9 RC
7 20 14 RC
8 20 21 RC
9 20 27 RC
10 40 3 DC
11 40 6 DC
12 40 9 DC
13 40 14 DC
14 40 21 DC
15 40 27 DC
16 40 3 RC
17 40 9 RC
18 40 14 RC
19 40 21 RC
20 40 27 RC
21 40 3 HC
22 40 6 HC
23 40 9 HC
24 40 14 HC
25 40 21 HC
26 40 27 HC
27 40 3 HR
28 40 9 HR
29 40 14 HR
30 40 21 HR
31 40 27 HR
32 40 3 HC
33 40 6 HC
34 40 9 HC
35 40 14 HC
36 40 21 HC
37 40 27 HC
# Container: startPort endPort typeId [bay stack tier slot]
0 3 3 1 5 12 1
0 2 4 1 5 12 2
0 5 26 1 7 12 1
0 5 26 1 7 13 1
0 5 26 1 7 14 1
0 5 14 1 7 15 1
0 5 13 1 7 16 1
0 5 24 1 7 17 1
0 4 3 1 10 12 1
0 4 3 1 10 12 2
0 4 26 1 10 13 1
0 4 26 1 10 14 1
0 4 26 1 10 15 1
0 4 26 1 10 16 1
0 4 23 1 10 17 1
0 3 4 1 16 12 1
0 3 4 1 16 12 2
0 3 2 1 16 13 1
0 3 3 1 16 13 2
0 3 15 1 16 14 1
0 3 15 1 16 15 1
0 3 15 1 16 16 1
0 3 10 1 16 17 1
0 5 25 1 17 12 1
0 5 24 1 17 13 1
0 5 24 1 17 14 1
0 5 23 1 17 15 1
0 4 21 1 17 16 1
0 4 21 1 17 17 1
0 3 4 1 18 12 1
0 3 4 1 18 12 2
0 3 3 1 18 13 1
0 3 3 1 18 13 2
0 3 26 1 18 14 1
0 3 25 1 18 15 1
0 3 25 1 18 16 1
0 3 25 1 18 17 1
0 5 3 1 19 12 1
0 5 3 1 19 12 2
0 5 14 1 19 13 1
0 5 25 1 19 14 1
0 5 24 1 19 15 1
0 5 22 1 19 16 1
0 5 22 1 19 17 1
0 8 26 1 6 9 1
0 8 14 1 6 10 1
0 3 4 1 7 8 1
0 3 4 1 7 8 2
0 3 3 1 7 9 1
0 3 4 1 7 9 2
0 3 26 1 7 10 1
0 3 4 1 8 8 1
0 4 4 1 8 8 2
0 3 3 1 8 9 1
0 3 3 1 8 9 2
0 3 3 1 8 10 1
0 3 3 1 8 10 2
0 4 3 1 9 6 1
0 4 4 1 9 6 2
0 4 3 1 9 7 1
0 4 4 1 9 7 2
0 4 2 1 9 8 1
0 4 3 1 9 8 2
0 4 15 1 9 9 1
0 4 13 1 9 10 1
0 7 10 1 10 3 1
0 7 10 1 10 4 1
0 4 3 1 11 3 1
0 4 4 1 11 3 2
0 4 15 1 11 4 1
0 4 15 1 11 5 1
0 4 15 1 11 6 1
0 4 15 1 11 7 1
0 4 15 1 11 8 1
0 4 13 1 11 9 1
0 4 21 1 11 10 1
0 7 14 1 12 6 1
0 7 25 1 12 7 1
0 7 25 1 12 8 1
0 7 22 1 12 9 1
0 6 3 1 14 8 1
0 6 3 1 14 8 2
0 6 3 1 14 9 1
0 6 3 1 14 9 2
0 6 3 1 14 10 1
0 6 3 1 14 10 2
0 7 0 1 15 9 1
0 1 2 1 15 9 2
0 2 3 2 1 12 1
0 2 4 2 1 12 2
0 2 3 2 1 13 1
0 2 4 2 1 13 2
0 2 3 2 1 14 1
0 2 3 2 1 14 2
0 2 25 2 1 15 1
0 2 25 2 1 16 1
0 2 25 2 1 17 1
0 5 3 2 2 12 1
0 5 3 2 2 12 2
0 5 3 2 2 13 1
0 5 3 2 2 13 2
0 5 3 2 2 14 1
0 5 3 2 2 14 2
0 5 3 2 2 15 1
0 5 3 2 2 15 2
0 5 25 2 2 16 1
0 5 25 2 2 17 1
0 5 11 2 2 18 1
0 8 3 2 3 12 1
0 8 4 2 3 12 2
0 8 3 2 3 13 1
0 8 3 2 3 13 2
0 8 26 2 3 14 1
0 8 26 2 3 15 1
0 8 25 2 3 16 1
0 8 24 2 3 17 1
0 8 24 2 3 18 1
0 2 4 2 5 12 1
0 2 4 2 5 12 2
0 2 4 2 5 13 1
0 2 4 2 5 13 2
0 2 4 2 5 14 1
0 2 4 2 5 14 2
0 2 3 2 5 15 1
0 2 3 2 5 15 2
0 2 0 2 5 16 1
0 2 0 2 5 16 2
0 2 0 2 5 17 1
0 2 0 2 5 17 2
0 4 3 2 16 12 1
0 4 4 2 16 12 2
0 4 26 2 16 13 1
0 4 24 2 16 14 1
0 4 23 2 16 15 1
0 7 3 2 18 12 1
0 7 4 2 18 12 2
0 7 3 2 18 13 1
0 7 4 2 18 13 2
0 7 2 2 18 14 1
0 7 3 2 18 14 2
0 7 23 2 18 15 1
0 7 23 2 18 16 1
0 7 23 2 18 17 1
0 7 10 2 18 18 1
0 8 3 2 20 12 1
0 10 4 2 20 12 2
0 4 3 2 20 13 1
0 10 4 2 20 13 2
0 4 14 2 8 5 1
0 4 25 2 8 6 1
0 4 11 2 8 7 1
0 4 11 2 8 8 1
0 4 10 2 8 9 1
0 4 10 2 8 10 1
0 3 3 2 15 7 1
0 3 4 2 15 7 2
0 3 15 2 15 8 1
0 3 15 2 15 9 1
0 3 26 2 15 10 1
0 3 4 3 3 12 1
0 3 4 3 3 12 2
0 3 3 3 3 13 1
0 3 4 3 3 13 2
0 3 26 3 3 14 1
0 3 25 3 3 15 1
0 3 25 3 3 16 1
0 3 25 3 3 17 1
0 3 24 3 3 18 1
0 4 3 3 3 9 1
0 4 3 3 3 9 2
0 4 3 3 3 10 1
0 4 3 3 3 10 2
0 7 4 3 5 6 1
0 7 4 3 5 6 2
0 7 15 3 5 7 1
0 7 26 3 5 8 1
0 7 13 3 5 9 1
0 7 11 3 5 10 1
0 3 0 3 7 4 1
0 3 4 3 7 4 2
0 3 15 3 7 5 1
0 3 15 3 7 6 1
0 3 15 3 7 7 1
0 3 13 3 7 8 1
0 3 13 3 7 9 1
0 3 24 3 7 10 1
0 3 4 3 10 0 1
0 3 4 3 10 0 2
0 3 2 3 10 1 1
0 3 4 3 10 1 2
0 3 26 3 10 2 1
0 3 14 3 10 3 1
0 3 25 3 10 4 1
0 3 25 3 10 5 1
0 3 25 3 10 6 1
0 3 25 3 10 7 1
0 3 24 3 10 8 1
0 3 23 3 10 9 1
0 2 25 3 14 4 1
0 2 25 3 14 5 1
0 2 25 3 14 6 1
0 6 3 3 16 6 1
0 6 3 3 16 6 2
0 6 25 3 16 7 1
0 6 24 3 16 8 1
0 6 23 3 16 9 1
0 6 25 3 18 9 1
0 8 25 4 0 12 1
0 8 25 4 0 13 1
0 8 24 4 0 14 1
0 8 24 4 0 15 1
0 8 22 4 0 16 1
0 8 22 4 0 17 1
0 8 21 4 0 18 1
0 3 1 4 1 12 1
0 3 4 4 1 12 2
0 3 26 4 1 13 1
0 3 26 4 1 14 1
0 3 26 4 1 15 1
0 3 25 4 1 16 1
0 3 25 4 1 17 1
0 3 24 4 1 18 1
0 3 3 4 3 12 1
0 3 4 4 3 12 2
0 3 3 4 3 13 1
0 3 4 4 3 13 2
0 3 26 4 3 14 1
0 3 25 4 3 15 1
0 3 25 4 3 16 1
0 3 24 4 3 17 1
0 3 21 4 3 18 1
0 4 3 4 4 12 1
0 4 4 4 4 12 2
0 4 2 4 4 13 1
0 4 3 4 4 13 2
0 4 12 4 4 14 1
0 4 23 4 4 15 1
0 4 23 4 4 16 1
0 4 23 4 4 17 1
0 4 11 4 4 18 1
0 4 25 4 16 12 1
0 4 11 4 16 13 1
0 4 22 4 16 14 1
0 4 21 4 16 15 1
0 8 3 4 18 12 1
0 8 4 4 18 12 2
0 8 26 4 18 13 1
0 8 25 4 18 14 1
0 8 25 4 18 15 1
0 8 25 4 18 16 1
0 8 25 4 18 17 1
0 8 25 4 18 18 1
0 4 3 4 19 12 1
0 4 4 4 19 12 2
0 4 3 4 19 13 1
0 4 3 4 19 13 2
0 4 25 4 19 14 1
0 4 13 4 19 15 1
0 4 24 4 19 16 1
0 4 24 4 19 17 1
0 4 11 4 19 18 1
0 7 3 4 20 12 1
0 7 4 4 20 12 2
0 7 3 4 20 13 1
0 7 4 4 20 13 2
0 7 2 4 20 14 1
0 7 4 4 20 14 2
0 7 24 4 20 15 1
0 7 24 4 20 16 1
0 7 23 4 20 17 1
0 7 11 4 20 18 1
0 10 26 4 21 12 1
0 10 26 4 21 13 1
0 10 26 4 21 14 1
0 10 26 4 21 15 1
0 10 26 4 21 16 1
0 10 25 4 21 17 1
0 10 21 4 21 18 1
0 6 4 4 2 9 1
0 8 4 4 2 9 2
0 8 3 4 2 10 1
0 8 3 4 2 10 2
0 3 1 4 4 8 1
0 3 4 4 4 8 2
0 3 15 4 4 9 1
0 3 26 4 4 10 1
0 4 3 4 6 4 1
0 4 4 4 6 4 2
0 4 1 4 6 5 1
0 4 3 4 6 5 2
0 4 15 4 6 6 1
0 4 15 4 6 7 1
0 4 15 4 6 8 1
0 4 15 4 6 9 1
0 4 22 4 6 10 1
0 10 3 4 9 2 1
0 10 4 4 9 2 2
0 10 3 4 9 3 1
0 10 4 4 9 3 2
0 10 3 4 9 4 1
0 10 4 4 9 4 2
0 10 3 4 9 5 1
0 10 4 4 9 5 2
0 10 3 4 9 6 1
0 10 3 4 9 6 2
0 10 2 4 9 7 1
0 10 3 4 9 7 2
0 10 15 4 9 8 1
0 10 15 4 9 9 1
0 10 26 4 9 10 1
0 9 4 4 10 0 1
0 9 4 4 10 0 2
0 9 3 4 10 1 1
0 9 4 4 10 1 2
0 9 3 4 10 2 1
0 9 4 4 10 2 2
0 9 3 4 10 3 1
0 9 4 4 10 3 2
0 9 25 4 10 4 1
0 9 25 4 10 5 1
0 9 24 4 10 6 1
0 9 24 4 10 7 1
0 9 24 4 10 8 1
0 9 24 4 10 9 1
0 6 3 4 16 6 1
0 6 3 4 16 6 2
0 6 3 4 16 7 1
0 6 3 4 16 7 2
0 6 3 4 16 8 1
0 6 3 4 16 8 2
0 6 3 4 16 9 1
0 6 3 4 16 9 2
0 6 2 4 16 10 1
0 6 3 4 16 10 2
0 6 3 4 17 8 1
0 6 3 4 17 8 2
0 6 1 4 17 9 1
0 6 3 4 17 9 2
0 4 3 4 17 10 1
0 4 1 4 17 10 2
0 5 0 4 19 9 1
0 5 3 4 19 9 2
0 10 3 5 3 12 1
0 10 4 5 3 12 2
0 10 3 5 3 13 1
0 10 4 5 3 13 2
0 10 3 5 3 14 1
0 10 0 5 3 14 2
0 10 3 5 3 15 1
0 10 0 5 3 15 2
0 10 14 5 3 16 1
0 10 25 5 3 17 1
0 10 25 5 3 18 1
0 10 23 5 3 19 1
0 3 3 5 5 12 1
0 3 4 5 5 12 2
0 3 3 5 5 13 1
0 3 4 5 5 13 2
0 3 3 5 5 14 1
0 3 4 5 5 14 2
0 3 3 5 5 15 1
0 3 4 5 5 15 2
0 3 3 5 5 16 1
0 3 0 5 5 16 2
0 3 1 5 5 17 1
0 3 0 5 5 17 2
0 3 23 5 5 18 1
0 3 22 5 5 19 1
0 8 3 5 17 12 1
0 8 4 5 17 12 2
0 8 3 5 17 13 1
0 8 3 5 17 13 2
0 8 3 5 17 14 1
0 8 3 5 17 14 2
0 8 3 5 17 15 1
0 8 0 5 17 15 2
0 8 25 5 17 16 1
0 8 25 5 17 17 1
0 8 24 5 17 18 1
0 8 24 5 17 19 1
0 8 2 5 19 12 1
0 8 3 5 19 12 2
0 8 2 5 19 13 1
0 8 3 5 19 13 2
0 8 26 5 19 14 1
0 8 26 5 19 15 1
0 8 26 5 19 16 1
0 8 14 5 19 17 1
0 8 25 5 19 18 1
0 8 22 5 19 19 1
0 3 3 5 4 5 1
0 3 4 5 4 5 2
0 3 3 5 4 6 1
0 3 8 5 4 6 2
0 3 7 5 4 7 1
0 3 8 5 4 7 2
0 3 15 5 4 8 1
0 3 15 5 4 9 1
0 3 25 5 4 10 1
0 7 3 5 6 2 1
0 7 4 5 6 2 2
0 7 3 5 6 3 1
0 7 3 5 6 3 2
0 7 3 5 6 4 1
0 7 3 5 6 4 2
0 7 2 5 6 5 1
0 7 3 5 6 5 2
0 7 2 5 6 6 1
0 7 3 5 6 6 2
0 7 31 5 6 7 1
0 7 15 5 6 8 1
0 7 14 5 6 9 1
0 7 13 5 6 10 1
0 5 31 5 7 1 1
0 5 15 5 7 2 1
0 5 15 5 7 3 1
0 5 15 5 7 4 1
0 5 15 5 7 5 1
0 5 15 5 7 6 1
0 5 15 5 7 7 1
0 5 15 5 7 8 1
0 5 15 5 7 9 1
0 5 15 5 7 10 1
0 4 3 5 12 1 1
0 4 4 5 12 1 2
0 4 6 5 12 2 1
0 4 3 5 12 2 2
0 4 0 5 12 3 1
0 4 3 5 12 3 2
0 4 13 5 12 4 1
0 4 28 5 12 5 1
0 4 23 5 12 6 1
0 4 22 5 12 7 1
0 4 22 5 12 8 1
0 4 22 5 12 9 1
0 4 26 5 13 1 1
0 4 30 5 13 2 1
0 4 14 5 13 3 1
0 4 25 5 13 4 1
0 4 25 5 13 5 1
0 4 13 5 13 6 1
0 4 12 5 13 7 1
0 4 23 5 13 8 1
0 4 22 5 13 9 1
0 10 4 5 16 4 1
0 10 4 5 16 4 2
0 10 4 5 16 5 1
0 10 4 5 16 5 2
0 10 3 5 16 6 1
0 10 4 5 16 6 2
0 10 15 5 16 7 1
0 10 15 5 16 8 1
0 10 15 5 16 9 1
0 10 26 5 16 10 1
0 8 7 5 17 5 1
0 8 4 5 17 5 2
0 8 7 5 17 6 1
0 8 8 5 17 6 2
0 8 15 5 17 7 1
0 8 15 5 17 8 1
0 8 15 5 17 9 1
0 8 22 5 17 10 1
0 2 3 5 19 7 1
0 2 4 5 19 7 2
0 2 3 5 19 8 1
0 2 4 5 19 8 2
0 2 15 5 19 9 1
0 2 26 5 19 10 1
0 3 4 5 20 8 1
0 3 4 5 20 8 2
0 3 3 5 20 9 1
0 3 4 5 20 9 2
0 3 26 5 20 10 1
0 8 4 6 14 12 1
0 8 4 6 14 12 2
0 8 26 6 14 13 1
0 8 26 6 14 14 1
0 8 14 6 14 15 1
0 8 24 6 14 16 1
0 8 22 6 14 17 1
0 8 22 6 14 18 1
0 8 22 6 14 19 1
0 8 3 6 15 12 1
0 8 4 6 15 12 2
0 8 26 6 15 13 1
0 8 26 6 15 14 1
0 8 25 6 15 15 1
0 8 13 6 15 16 1
0 8 23 6 15 17 1
0 8 22 6 15 18 1
0 8 22 6 15 19 1
0 6 3 6 2 7 1
0 6 3 6 2 7 2
0 6 15 6 2 8 1
0 6 14 6 2 9 1
0 6 24 6 2 10 1
0 5 26 6 3 6 1
0 5 26 6 3 7 1
0 5 26 6 3 8 1
0 5 26 6 3 9 1
0 2 4 6 4 5 1
0 2 4 6 4 5 2
0 2 4 6 4 6 1
0 2 4 6 4 6 2
0 2 4 6 4 7 1
0 2 4 6 4 7 2
0 2 3 6 4 8 1
0 2 4 6 4 8 2
0 2 14 6 4 9 1
0 2 25 6 4 10 1
0 4 1 6 6 2 1
0 4 3 6 6 2 2
0 4 24 6 6 3 1
0 4 12 6 6 4 1
0 4 22 6 6 5 1
0 4 22 6 6 6 1
0 4 22 6 6 7 1
0 4 22 6 6 8 1
0 4 10 6 6 9 1
0 4 3 6 8 1 1
0 4 4 6 8 1 2
0 4 3 6 8 2 1
0 4 4 6 8 2 2
0 4 2 6 8 3 1
0 4 4 6 8 3 2
0 4 0 6 8 4 1
0 4 3 6 8 4 2
0 4 25 6 8 5 1
0 4 13 6 8 6 1
0 4 23 6 8 7 1
0 4 23 6 8 8 1
0 4 23 6 8 9 1
0 3 3 6 9 1 1
0 3 4 6 9 1 2
0 3 3 6 9 2 1
0 3 4 6 9 2 2
0 3 3 6 9 3 1
0 3 4 6 9 3 2
0 3 3 6 9 4 1
0 3 4 6 9 4 2
0 3 3 6 9 5 1
0 3 4 6 9 5 2
0 3 3 6 9 6 1
0 3 4 6 9 6 2
0 3 3 6 9 7 1
0 3 3 6 9 7 2
0 3 3 6 9 8 1
0 3 3 6 9 8 2
0 3 15 6 9 9 1
0 3 25 6 9 10 1
0 3 3 6 10 1 1
0 3 3 6 10 1 2
0 3 15 6 10 2 1
0 3 14 6 10 3 1
0 3 14 6 10 4 1
0 3 14 6 10 5 1
0 3 14 6 10 6 1
0 3 12 6 10 7 1
0 3 12 6 10 8 1
0 3 11 6 10 9 1
0 3 21 6 10 10 1
0 8 1 6 11 1 1
0 8 2 6 11 1 2
0 8 14 6 11 2 1
0 8 14 6 11 3 1
0 8 25 6 11 4 1
0 8 13 6 11 5 1
0 8 13 6 11 6 1
0 8 13 6 11 7 1
0 8 12 6 11 8 1
0 8 12 6 11 9 1
0 8 11 6 11 10 1
0 10 26 6 13 1 1
0 10 26 6 13 2 1
0 10 26 6 13 3 1
0 10 14 6 13 4 1
0 10 14 6 13 5 1
0 10 25 6 13 6 1
0 10 24 6 13 7 1
0 10 24 6 13 8 1
0 10 24 6 13 9 1
0 9 3 6 14 1 1
0 9 4 6 14 1 2
0 9 3 6 14 2 1
0 9 4 6 14 2 2
0 9 3 6 14 3 1
0 9 3 6 14 3 2
0 9 2 6 14 4 1
0 9 3 6 14 4 2
0 9 15 6 14 5 1
0 9 13 6 14 6 1
0 9 12 6 14 7 1
0 9 11 6 14 8 1
0 9 22 6 14 9 1
0 9 10 6 14 10 1
0 8 0 6 15 2 1
0 8 1 6 15 2 2
0 8 22 6 15 3 1
0 8 22 6 15 4 1
0 8 10 6 15 5 1
0 8 10 6 15 6 1
0 8 10 6 15 7 1
0 8 21 6 15 8 1
0 8 21 6 15 9 1
0 7 3 6 16 4 1
0 7 4 6 16 4 2
0 7 3 6 16 5 1
0 7 4 6 16 5 2
0 7 0 6 16 6 1
0 7 4 6 16 6 2
0 7 0 6 16 7 1
0 7 3 6 16 7 2
0 7 0 6 16 8 1
0 7 3 6 16 8 2
0 7 0 6 16 9 1
0 7 3 6 16 9 2
0 7 0 6 16 10 1
0 7 3 6 16 10 2
0 7 3 6 17 5 1
0 7 4 6 17 5 2
0 7 3 6 17 6 1
0 7 3 6 17 6 2
0 7 2 6 17 7 1
0 7 3 6 17 7 2
0 7 2 6 17 8 1
0 7 3 6 17 8 2
0 7 4 7 3 3 1
0 7 4 7 3 3 2
0 7 3 7 3 4 1
0 7 4 7 3 4 2
0 7 12 7 3 5 1
0 7 12 7 3 6 1
0 7 12 7 3 7 1
0 7 11 7 3 8 1
0 7 11 7 3 9 1
0 7 21 7 3 10 1
0 3 4 7 8 0 1
0 3 4 7 8 0 2
0 3 4 7 8 1 1
0 3 4 7 8 1 2
0 3 26 7 8 2 1
0 3 26 7 8 3 1
0 3 25 7 8 4 1
0 3 25 7 8 5 1
0 3 25 7 8 6 1
0 3 24 7 8 7 1
0 3 22 7 8 8 1
0 3 10 7 8 9 1
0 5 3 7 10 0 1
0 5 3 7 10 0 2
0 5 3 7 10 1 1
0 5 3 7 10 1 2
0 5 0 7 10 2 1
0 5 3 7 10 2 2
0 5 14 7 10 3 1
0 5 14 7 10 4 1
0 5 14 7 10 5 1
0 5 25 7 10 6 1
0 5 25 7 10 7 1
0 5 25 7 10 8 1
0 5 25 7 10 9 1
0 4 3 7 11 0 1
0 4 4 7 11 0 2
0 4 3 7 11 1 1
0 4 4 7 11 1 2
0 4 2 7 11 2 1
0 4 3 7 11 2 2
0 4 26 7 11 3 1
0 4 30 7 11 4 1
0 4 30 7 11 5 1
0 4 14 7 11 6 1
0 4 25 7 11 7 1
0 4 24 7 11 8 1
0 4 24 7 11 9 1
0 5 3 7 12 0 1
0 5 4 7 12 0 2
0 5 3 7 12 1 1
0 5 4 7 12 1 2
0 5 3 7 12 2 1
0 5 3 7 12 2 2
0 5 3 7 12 3 1
0 5 3 7 12 3 2
0 5 26 7 12 4 1
0 5 30 7 12 5 1
0 5 30 7 12 6 1
0 5 30 7 12 7 1
0 5 25 7 12 8 1
0 5 25 7 12 9 1
0 8 3 7 13 0 1
0 8 3 7 13 0 2
0 8 31 7 13 1 1
0 8 31 7 13 2 1
0 8 31 7 13 3 1
0 8 26 7 13 4 1
0 8 30 7 13 5 1
0 8 14 7 13 6 1
0 8 25 7 13 7 1
0 8 25 7 13 8 1
0 8 13 7 13 9 1
0 4 30 7 17 2 1
0 4 30 7 17 3 1
0 4 30 7 17 4 1
0 6 3 7 18 3 1
0 6 4 7 18 3 2
0 6 3 7 18 4 1
0 6 3 7 18 4 2
0 6 3 7 18 5 1
0 6 3 7 18 5 2
0 6 0 7 18 6 1
0 6 3 7 18 6 2
0 6 14 7 18 7 1
0 6 23 7 18 8 1
0 6 11 7 18 9 1
0 6 10 7 18 10 1
0 3 3 7 19 5 1
0 3 4 7 19 5 2
0 3 3 7 19 6 1
0 3 4 7 19 6 2
0 3 3 7 19 7 1
0 3 4 7 19 7 2
0 3 15 7 19 8 1
0 3 14 7 19 9 1
0 3 22 7 19 10 1
0 2 4 7 20 6 1
0 2 4 7 20 6 2
0 2 3 7 20 7 1
0 2 4 7 20 7 2
0 2 3 7 20 8 1
0 2 4 7 20 8 2
0 2 3 7 20 9 1
0 2 4 7 20 9 2
0 2 25 7 20 10 1
0 8 14 8 16 12 1
0 8 14 8 16 13 1
0 8 22 8 16 14 1
0 8 22 8 16 15 1
0 8 22 8 16 16 1
0 8 22 8 16 17 1
0 8 22 8 16 18 1
0 8 21 8 16 19 1
0 4 3 8 17 12 1
0 4 3 8 17 12 2
0 4 3 8 17 13 1
0 4 3 8 17 13 2
0 4 3 8 17 14 1
0 4 3 8 17 14 2
0 4 25 8 17 15 1
0 4 25 8 17 16 1
0 4 25 8 17 17 1
0 4 23 8 17 18 1
0 4 23 8 17 19 1
0 5 3 8 20 12 1
0 5 4 8 20 12 2
0 5 26 8 20 13 1
0 5 26 8 20 14 1
0 5 26 8 20 15 1
0 5 26 8 20 16 1
0 5 25 8 20 17 1
0 5 24 8 20 18 1
0 8 26 8 21 12 1
0 8 26 8 21 13 1
0 8 25 8 21 14 1
0 8 25 8 21 15 1
0 8 12 8 21 16 1
0 8 22 8 21 17 1
0 8 22 8 21 18 1
0 8 22 8 21 19 1
0 2 3 8 1 6 1
0 2 3 8 1 6 2
0 2 15 8 1 7 1
0 2 15 8 1 8 1
0 2 15 8 1 9 1
0 2 26 8 1 10 1
0 4 4 8 4 2 1
0 4 4 8 4 2 2
0 4 3 8 4 3 1
0 4 4 8 4 3 2
0 4 3 8 4 4 1
0 4 4 8 4 4 2
0 4 3 8 4 5 1
0 4 4 8 4 5 2
0 4 15 8 4 6 1
0 4 14 8 4 7 1
0 4 12 8 4 8 1
0 4 11 8 4 9 1
0 4 21 8 4 10 1
0 3 3 8 5 1 1
0 3 4 8 5 1 2
0 3 3 8 5 2 1
0 3 3 8 5 2 2
0 3 26 8 5 3 1
0 3 25 8 5 4 1
0 3 25 8 5 5 1
0 3 25 8 5 6 1
0 3 23 8 5 7 1
0 3 23 8 5 8 1
0 3 22 8 5 9 1
0 4 3 8 7 0 1
0 4 3 8 7 0 2
0 4 26 8 7 1 1
0 4 26 8 7 2 1
0 4 25 8 7 3 1
0 4 23 8 7 4 1
0 4 22 8 7 5 1
0 4 22 8 7 6 1
0 4 22 8 7 7 1
0 4 22 8 7 8 1
0 4 22 8 7 9 1
0 4 3 8 9 0 1
0 4 4 8 9 0 2
0 4 3 8 9 1 1
0 4 4 8 9 1 2
0 4 3 8 9 2 1
0 4 4 8 9 2 2
0 4 2 8 9 3 1
0 4 4 8 9 3 2
0 4 2 8 9 4 1
0 4 4 8 9 4 2
0 4 2 8 9 5 1
0 4 3 8 9 5 2
0 4 14 8 9 6 1
0 4 13 8 9 7 1
0 4 12 8 9 8 1
0 4 12 8 9 9 1
0 4 23 8 9 10 1
0 4 4 8 10 0 1
0 4 4 8 10 0 2
0 4 3 8 10 1 1
0 4 4 8 10 1 2
0 4 3 8 10 2 1
0 4 4 8 10 2 2
0 4 3 8 10 3 1
0 4 4 8 10 3 2
0 4 15 8 10 4 1
0 4 26 8 10 5 1
0 4 26 8 10 6 1
0 4 25 8 10 7 1
0 4 24 8 10 8 1
0 4 24 8 10 9 1
0 4 0 8 11 0 1
0 4 3 8 11 0 2
0 4 25 8 11 1 1
0 4 25 8 11 2 1
0 4 13 8 11 3 1
0 4 24 8 11 4 1
0 4 12 8 11 5 1
0 4 23 8 11 6 1
0 4 22 8 11 7 1
0 4 22 8 11 8 1
0 4 10 8 11 9 1
0 9 3 8 16 1 1
0 9 4 8 16 1 2
0 9 2 8 16 2 1
0 9 4 8 16 2 2
0 9 15 8 16 3 1
0 9 25 8 16 4 1
0 9 25 8 16 5 1
0 9 25 8 16 6 1
0 9 13 8 16 7 1
0 9 24 8 16 8 1
0 9 23 8 16 9 1
0 8 11 8 17 2 1
0 8 11 8 17 3 1
0 8 22 8 17 4 1
0 8 22 8 17 5 1
0 8 10 8 17 6 1
0 8 10 8 17 7 1
0 8 21 8 17 8 1
0 8 21 8 17 9 1
0 7 4 8 18 3 1
0 7 4 8 18 3 2
0 7 3 8 18 4 1
0 7 4 8 18 4 2
0 7 3 8 18 5 1
0 7 4 8 18 5 2
0 7 3 8 18 6 1
0 7 4 8 18 6 2
0 7 3 8 18 7 1
0 7 4 8 18 7 2
0 7 3 8 18 8 1
0 7 4 8 18 8 2
0 7 2 8 18 9 1
0 7 2 8 18 9 2
0 7 25 8 18 10 1
0 2 4 8 19 5 1
0 2 4 8 19 5 2
0 2 4 8 19 6 1
0 2 4 8 19 6 2
0 2 4 8 19 7 1
0 2 4 8 19 7 2
0 2 4 8 19 8 1
0 2 4 8 19 8 2
0 2 3 8 19 9 1
0 2 3 8 19 9 2
0 2 25 8 19 10 1
0 9 3 9 2 2 1
0 9 4 9 2 2 2
0 9 3 9 2 3 1
0 9 4 9 2 3 2
0 9 7 9 2 4 1
0 9 4 9 2 4 2
0 9 1 9 2 5 1
0 9 4 9 2 5 2
0 9 15 9 2 6 1
0 9 24 9 2 7 1
0 9 24 9 2 8 1
0 9 24 9 2 9 1
0 2 3 9 3 2 1
0 2 4 9 3 2 2
0 2 3 9 3 3 1
0 2 4 9 3 3 2
0 2 3 9 3 4 1
0 2 3 9 3 4 2
0 2 31 9 3 5 1
0 2 31 9 3 6 1
0 2 31 9 3 7 1
0 2 26 9 3 8 1
0 2 26 9 3 9 1
0 4 2 9 4 1 1
0 4 4 9 4 1 2
0 4 0 9 4 2 1
0 4 4 9 4 2 2
0 4 0 9 4 3 1
0 4 3 9 4 3 2
0 4 24 9 4 4 1
0 4 23 9 4 5 1
0 4 23 9 4 6 1
0 4 23 9 4 7 1
0 4 23 9 4 8 1
0 4 22 9 4 9 1
0 4 2 9 5 1 1
0 4 4 9 5 1 2
0 4 15 9 5 2 1
0 4 26 9 5 3 1
0 4 25 9 5 4 1
0 4 25 9 5 5 1
0 4 23 9 5 6 1
0 4 23 9 5 7 1
0 4 23 9 5 8 1
0 4 23 9 5 9 1
0 10 8 9 6 0 1
0 10 3 9 6 0 2
0 10 3 9 6 1 1
0 10 3 9 6 1 2
0 10 2 9 6 2 1
0 10 3 9 6 2 2
0 10 2 9 6 3 1
0 10 3 9 6 3 2
0 10 31 9 6 4 1
0 10 26 9 6 5 1
0 10 26 9 6 6 1
0 10 26 9 6 7 1
0 10 26 9 6 8 1
0 10 26 9 6 9 1
0 7 0 9 7 0 1
0 7 4 9 7 0 2
0 7 0 9 7 1 1
0 7 3 9 7 1 2
0 7 0 9 7 2 1
0 7 3 9 7 2 2
0 7 0 9 7 3 1
0 7 2 9 7 3 2
0 7 0 9 7 4 1
0 7 2 9 7 4 2
0 7 11 9 7 5 1
0 7 22 9 7 6 1
0 7 22 9 7 7 1
0 7 22 9 7 8 1
0 7 21 9 7 9 1
0 10 2 9 11 0 1
0 10 4 9 11 0 2
0 10 2 9 11 1 1
0 10 3 9 11 1 2
0 10 0 9 11 2 1
0 10 3 9 11 2 2
0 10 30 9 11 3 1
0 10 30 9 11 4 1
0 10 30 9 11 5 1
0 10 30 9 11 6 1
0 10 25 9 11 7 1
0 10 25 9 11 8 1
0 10 25 9 11 9 1
0 4 8 9 12 0 1
0 4 3 9 12 0 2
0 4 7 9 12 1 1
0 4 3 9 12 1 2
0 4 7 9 12 2 1
0 4 3 9 12 2 2
0 4 7 9 12 3 1
0 4 1 9 12 3 2
0 4 30 9 12 4 1
0 4 30 9 12 5 1
0 4 30 9 12 6 1
0 4 30 9 12 7 1
0 4 22 9 12 8 1
0 4 21 9 12 9 1
0 4 4 9 13 0 1
0 4 4 9 13 0 2
0 4 4 9 13 1 1
0 4 4 9 13 1 2
0 4 1 9 13 2 1
0 4 4 9 13 2 2
0 4 24 9 13 3 1
0 4 23 9 13 4 1
0 4 23 9 13 5 1
0 4 10 9 13 6 1
0 4 10 9 13 7 1
0 4 21 9 13 8 1
0 4 21 9 13 9 1
0 5 3 9 14 0 1
0 5 4 9 14 0 2
0 5 31 9 14 1 1
0 5 15 9 14 2 1
0 5 26 9 14 3 1
0 5 26 9 14 4 1
0 5 26 9 14 5 1
0 5 26 9 14 6 1
0 5 26 9 14 7 1
0 5 26 9 14 8 1
0 5 26 9 14 9 1
0 7 0 9 19 2 1
0 7 4 9 19 2 2
0 7 0 9 19 3 1
0 7 3 9 19 3 2
0 7 30 9 19 4 1
0 7 30 9 19 5 1
0 7 30 9 19 6 1
0 7 30 9 19 7 1
0 7 13 9 19 8 1
0 7 22 9 19 9 1
0 6 3 9 20 3 1
0 6 3 9 20 3 2
0 6 3 9 20 4 1
0 6 3 9 20 4 2
0 6 3 9 20 5 1
0 6 3 9 20 5 2
0 6 3 9 20 6 1
0 6 3 9 20 6 2
0 6 3 9 20 7 1
0 6 3 9 20 7 2
0 6 3 9 20 8 1
0 6 3 9 20 8 2
0 6 3 9 20 9 1
0 6 3 9 20 9 2
0 6 3 9 20 10 1
0 6 3 9 20 10 2
0 8 4 10 0 12 1
0 8 4 10 0 12 2
0 8 24 10 0 13 1
0 8 22 10 0 14 1
0 8 22 10 0 15 1
0 8 22 10 0 16 1
0 8 22 10 0 17 1
0 8 22 10 0 18 1
0 8 22 10 0 19 1
0 3 3 10 1 12 1
0 3 4 10 1 12 2
0 3 3 10 1 13 1
0 3 4 10 1 13 2
0 3 2 10 1 14 1
0 3 3 10 1 14 2
0 3 14 10 1 15 1
0 3 25 10 1 16 1
0 3 25 10 1 17 1
0 3 23 10 1 18 1
0 3 22 10 1 19 1
0 3 3 10 2 12 1
0 3 4 10 2 12 2
0 3 26 10 2 13 1
0 3 26 10 2 14 1
0 3 26 10 2 15 1
0 3 26 10 2 16 1
0 3 26 10 2 17 1
0 3 14 10 2 18 1
0 3 3 10 3 12 1
0 3 4 10 3 12 2
0 3 26 10 3 13 1
0 3 26 10 3 14 1
0 3 26 10 3 15 1
0 3 25 10 3 16 1
0 3 25 10 3 17 1
0 3 24 10 3 18 1
0 5 15 10 1 3 1
0 5 15 10 1 4 1
0 5 15 10 1 5 1
0 5 15 10 1 6 1
0 5 15 10 1 7 1
0 5 15 10 1 8 1
0 5 14 10 1 9 1
0 5 25 10 1 10 1
0 3 4 10 2 2 1
0 3 4 10 2 2 2
0 3 4 10 2 3 1
0 3 4 10 2 3 2
0 3 4 10 2 4 1
0 3 4 10 2 4 2
0 3 15 10 2 5 1
0 3 26 10 2 6 1
0 3 14 10 2 7 1
0 3 14 10 2 8 1
0 3 14 10 2 9 1
0 3 14 10 2 10 1
0 6 3 10 3 2 1
0 6 4 10 3 2 2
0 6 3 10 3 3 1
0 6 4 10 3 3 2
0 6 3 10 3 4 1
0 6 3 10 3 4 2
0 6 3 10 3 5 1
0 6 3 10 3 5 2
0 6 3 10 3 6 1
0 6 3 10 3 6 2
0 6 3 10 3 7 1
0 6 3 10 3 7 2
0 6 3 10 3 8 1
0 6 3 10 3 8 2
0 6 23 10 3 9 1
0 6 11 10 3 10 1
0 4 2 10 5 1 1
0 4 3 10 5 1 2
0 4 2 10 5 2 1
0 4 3 10 5 2 2
0 4 26 10 5 3 1
0 4 26 10 5 4 1
0 7 3 10 11 0 1
0 7 4 10 11 0 2
0 7 2 10 11 1 1
0 7 3 10 11 1 2
0 7 15 10 11 2 1
0 7 15 10 11 3 1
0 7 26 10 11 4 1
0 7 14 10 11 5 1
0 7 13 10 11 6 1
0 7 12 10 11 7 1
0 7 12 10 11 8 1
0 7 11 10 11 9 1
0 7 11 10 11 10 1
0 3 3 10 13 0 1
0 3 4 10 13 0 2
0 3 3 10 13 1 1
0 3 4 10 13 1 2
0 3 3 10 13 2 1
0 3 4 10 13 2 2
0 3 3 10 13 3 1
0 3 4 10 13 3 2
0 3 3 10 13 4 1
0 3 4 10 13 4 2
0 3 3 10 13 5 1
0 3 4 10 13 5 2
0 3 26 10 13 6 1
0 3 26 10 13 7 1
0 3 26 10 13 8 1
0 3 25 10 13 9 1
0 3 4 10 16 1 1
0 3 4 10 16 1 2
0 3 4 10 16 2 1
0 3 4 10 16 2 2
0 3 3 10 16 3 1
0 3 4 10 16 3 2
0 3 3 10 16 4 1
0 3 4 10 16 4 2
0 3 3 10 16 5 1
0 3 4 10 16 5 2
0 3 3 10 16 6 1
0 3 4 10 16 6 2
0 3 3 10 16 7 1
0 3 4 10 16 7 2
0 3 15 10 16 8 1
0 3 26 10 16 9 1
0 3 14 10 16 10 1
0 7 1 10 18 2 1
0 7 3 10 18 2 2
0 7 23 10 18 3 1
0 7 23 10 18 4 1
0 7 23 10 18 5 1
0 7 23 10 18 6 1
0 7 22 10 18 7 1
0 7 22 10 18 8 1
0 7 22 10 18 9 1
0 7 0 10 19 2 1
0 7 4 10 19 2 2
0 7 23 10 19 3 1
0 7 23 10 19 4 1
0 7 22 10 19 5 1
0 7 22 10 19 6 1
0 7 22 10 19 7 1
0 7 21 10 19 8 1
0 7 21 10 19 9 1
0 4 2 11 1 2 1
0 4 3 11 1 2 2
0 4 5 11 1 3 1
0 4 3 11 1 3 2
0 4 0 11 1 4 1
0 4 3 11 1 4 2
0 4 29 11 1 5 1
0 4 24 11 1 6 1
0 4 23 11 1 7 1
0 4 11 11 1 8 1
0 4 21 11 1 9 1
0 4 3 11 3 0 1
0 4 4 11 3 0 2
0 4 31 11 3 1 1
0 4 13 11 3 2 1
0 4 12 11 3 3 1
0 4 12 11 3 4 1
0 4 12 11 3 5 1
0 4 11 11 3 6 1
0 4 11 11 3 7 1
0 4 11 11 3 8 1
0 4 11 11 3 9 1
0 4 10 11 3 10 1
0 4 3 11 6 0 1
0 4 4 11 6 0 2
0 4 2 11 6 1 1
0 4 3 11 6 1 2
0 4 2 11 6 2 1
0 4 3 11 6 2 2
0 4 2 11 6 3 1
0 4 3 11 6 3 2
0 4 23 11 6 4 1
0 4 23 11 6 5 1
0 4 22 11 6 6 1
0 4 10 11 6 7 1
0 4 10 11 6 8 1
0 4 10 11 6 9 1
0 7 31 11 8 0 1
0 7 30 11 8 1 1
0 7 14 11 8 2 1
0 7 25 11 8 3 1
0 7 25 11 8 4 1
0 7 25 11 8 5 1
0 7 25 11 8 6 1
0 7 25 11 8 7 1
0 6 12 11 8 8 1
0 6 23 11 8 9 1
0 4 3 11 9 0 1
0 4 4 11 9 0 2
0 4 3 11 9 1 1
0 4 4 11 9 1 2
0 4 3 11 9 2 1
0 4 4 11 9 2 2
0 4 3 11 9 3 1
0 4 4 11 9 3 2
0 4 1 11 9 4 1
0 4 4 11 9 4 2
0 4 0 11 9 5 1
0 4 3 11 9 5 2
0 4 13 11 9 6 1
0 4 24 11 9 7 1
0 4 23 11 9 8 1
0 4 23 11 9 9 1
0 7 31 11 11 0 1
0 7 30 11 11 1 1
0 7 24 11 11 2 1
0 7 24 11 11 3 1
0 7 24 11 11 4 1
0 7 24 11 11 5 1
0 7 23 11 11 6 1
0 7 23 11 11 7 1
0 4 3 11 13 0 1
0 4 4 11 13 0 2
0 4 3 11 13 1 1
0 4 4 11 13 1 2
0 4 3 11 13 2 1
0 4 4 11 13 2 2
0 4 2 11 13 3 1
0 4 4 11 13 3 2
0 4 26 11 13 4 1
0 4 26 11 13 5 1
0 4 26 11 13 6 1
0 4 26 11 13 7 1
0 4 24 11 13 8 1
0 4 24 11 13 9 1
0 4 3 11 14 0 1
0 4 4 11 14 0 2
0 4 3 11 14 1 1
0 4 4 11 14 1 2
0 4 3 11 14 2 1
0 4 3 11 14 2 2
0 4 25 11 14 3 1
0 4 25 11 14 4 1
0 4 25 11 14 5 1
0 4 25 11 14 6 1
0 4 23 11 14 7 1
0 11 22 11 14 8 1
0 7 3 11 15 0 1
0 7 4 11 15 0 2
0 7 3 11 15 1 1
0 7 4 11 15 1 2
0 7 6 11 15 2 1
0 7 3 11 15 2 2
0 7 23 11 15 3 1
0 7 23 11 15 4 1
0 7 23 11 15 5 1
0 7 23 11 15 6 1
0 7 10 11 15 7 1
0 2 3 11 16 0 1
0 2 4 11 16 0 2
0 2 3 11 16 1 1
0 2 4 11 16 1 2
0 2 3 11 16 2 1
0 2 3 11 16 2 2
0 2 25 11 16 3 1
0 2 25 11 16 4 1
0 2 25 11 16 5 1
0 2 25 11 16 6 1
0 2 25 11 16 7 1
0 2 24 11 16 8 1
0 2 23 11 16 9 1
0 4 3 11 19 1 1
0 4 4 11 19 1 2
0 4 2 11 19 2 1
0 4 4 11 19 2 2
0 4 25 11 19 3 1
0 4 13 11 19 4 1
0 4 12 11 19 5 1
0 4 23 11 19 6 1
0 4 22 11 19 7 1
0 4 22 11 19 8 1
0 4 10 11 19 9 1
0 3 4 12 3 0 1
0 3 4 12 3 0 2
0 3 25 12 3 1 1
0 3 25 12 3 2 1
0 3 24 12 3 3 1
0 3 24 12 3 4 1
0 3 24 12 3 5 1
0 3 12 12 3 6 1
0 3 22 12 3 7 1
0 3 22 12 3 8 1
0 3 22 12 3 9 1
0 4 3 12 4 0 1
0 4 4 12 4 0 2
0 4 1 12 4 1 1
0 4 4 12 4 1 2
0 4 0 12 4 2 1
0 4 3 12 4 2 2
0 4 23 12 4 3 1
0 4 23 12 4 4 1
0 4 22 12 4 5 1
0 4 22 12 4 6 1
0 4 22 12 4 7 1
0 4 10 12 4 8 1
0 4 21 12 4 9 1
0 10 2 12 5 0 1
0 10 4 12 5 0 2
0 10 2 12 5 1 1
0 10 3 12 5 1 2
0 10 2 12 5 2 1
0 10 3 12 5 2 2
0 10 2 12 5 3 1
0 10 3 12 5 3 2
0 10 26 12 5 4 1
0 10 26 12 5 5 1
0 10 26 12 5 6 1
0 10 26 12 5 7 1
0 10 25 12 5 8 1
0 10 25 12 5 9 1
0 3 4 12 10 0 1
0 3 4 12 10 0 2
0 3 4 12 10 1 1
0 3 4 12 10 1 2
0 3 25 12 10 2 1
0 3 25 12 10 3 1
0 3 25 12 10 4 1
0 3 25 12 10 5 1
0 3 25 12 10 6 1
0 3 25 12 10 7 1
0 3 25 12 10 8 1
0 3 25 12 10 9 1
0 3 3 12 15 0 1
0 3 4 12 15 0 2
0 3 3 12 15 1 1
0 3 4 12 15 1 2
0 3 3 12 15 2 1
0 3 3 12 15 2 2
0 3 23 12 15 3 1
0 3 23 12 15 4 1
0 3 23 12 15 5 1
0 3 23 12 15 6 1
0 3 22 12 15 7 1
0 3 22 12 15 8 1
0 3 22 12 15 9 1
0 6 4 12 17 0 1
0 6 4 12 17 0 2
0 6 2 12 17 1 1
0 6 4 12 17 1 2
0 6 14 12 17 2 1
0 6 25 12 17 3 1
0 6 25 12 17 4 1
0 6 25 12 17 5 1
0 6 24 12 17 6 1
0 6 24 12 17 7 1
0 6 24 12 17 8 1
0 6 24 12 17 9 1
0 10 3 12 18 0 1
0 10 3 12 18 0 2
0 10 26 12 18 1 1
0 10 26 12 18 2 1
0 10 14 12 18 3 1
0 10 14 12 18 4 1
0 10 14 12 18 5 1
0 10 25 12 18 6 1
0 10 25 12 18 7 1
0 10 25 12 18 8 1
0 10 23 12 18 9 1
0 4 26 12 20 2 1
0 4 26 12 20 3 1
0 4 26 12 20 4 1
0 4 26 12 20 5 1
0 4 26 12 20 6 1
0 4 25 12 20 7 1
0 4 25 12 20 8 1
0 4 25 12 20 9 1
0 3 3 13 2 1 1
0 3 3 13 2 1 2
0 3 3 13 2 2 1
0 3 3 13 2 2 2
0 3 3 13 2 3 1
0 3 3 13 2 3 2
0 3 3 13 2 4 1
0 3 3 13 2 4 2
0 3 3 13 2 5 1
0 3 3 13 2 5 2
0 3 3 13 2 6 1
0 3 3 13 2 6 2
0 3 3 13 2 7 1
0 3 3 13 2 7 2
0 3 0 13 2 8 1
0 3 3 13 2 8 2
0 3 14 13 2 9 1
0 3 23 13 2 10 1
0 4 25 13 5 0 1
0 4 25 13 5 1 1
0 4 25 13 5 2 1
0 4 25 13 5 3 1
0 4 23 13 5 4 1
0 4 23 13 5 5 1
0 4 23 13 5 6 1
0 4 23 13 5 7 1
0 4 12 13 5 8 1
0 5 3 13 6 0 1
0 5 3 13 6 0 2
0 5 14 13 6 1 1
0 5 25 13 6 2 1
0 5 25 13 6 3 1
0 5 24 13 6 4 1
0 5 24 13 6 5 1
0 5 24 13 6 6 1
0 5 24 13 6 7 1
0 5 23 13 6 8 1
0 5 22 13 6 9 1
0 6 3 13 7 0 1
0 6 3 13 7 0 2
0 6 3 13 7 1 1
0 6 3 13 7 1 2
0 6 3 13 7 2 1
0 6 3 13 7 2 2
0 6 2 13 7 3 1
0 6 3 13 7 3 2
0 6 13 13 7 4 1
0 6 13 13 7 5 1
0 6 12 13 7 6 1
0 6 11 13 7 7 1
0 6 11 13 7 8 1
0 6 11 13 7 9 1
0 6 21 13 7 10 1
0 6 3 13 14 0 1
0 6 3 13 14 0 2
0 6 3 13 14 1 1
0 6 3 13 14 1 2
0 6 2 13 14 2 1
0 6 3 13 14 2 2
0 6 1 13 14 3 1
0 6 3 13 14 3 2
0 6 0 13 14 4 1
0 6 3 13 14 4 2
0 6 0 13 14 5 1
0 6 3 13 14 5 2
0 6 14 13 14 6 1
0 6 23 13 14 7 1
0 6 11 13 14 8 1
0 6 10 13 14 9 1
0 6 10 13 14 10 1
0 4 4 13 15 0 1
0 4 4 13 15 0 2
0 4 3 13 15 1 1
0 4 4 13 15 1 2
0 4 3 13 15 2 1
0 4 4 13 15 2 2
0 4 15 13 15 3 1
0 4 15 13 15 4 1
0 4 13 13 15 5 1
0 4 12 13 15 6 1
0 4 11 13 15 7 1
0 4 11 13 15 8 1
0 4 22 13 15 9 1
0 4 10 13 15 10 1
0 4 3 13 17 0 1
0 4 4 13 17 0 2
0 4 3 13 17 1 1
0 4 4 13 17 1 2
0 4 2 13 17 2 1
0 4 3 13 17 2 2
0 4 2 13 17 3 1
0 4 3 13 17 3 2
0 4 23 13 17 4 1
0 4 22 13 17 5 1
0 4 22 13 17 6 1
0 4 22 13 17 7 1
0 4 22 13 17 8 1
0 4 21 13 17 9 1
0 4 3 13 19 1 1
0 4 4 13 19 1 2
0 4 3 13 19 2 1
0 4 3 13 19 2 2
0 4 23 13 19 3 1
0 4 23 13 19 4 1
0 4 23 13 19 5 1
0 4 22 13 19 6 1
0 4 22 13 19 7 1
0 4 22 13 19 8 1
0 4 22 13 19 9 1
0 5 7 13 20 2 1
0 5 4 13 20 2 2
0 5 1 13 20 3 1
0 5 3 13 20 3 2
0 5 0 13 20 4 1
0 5 3 13 20 4 2
0 5 25 13 20 5 1
0 5 25 13 20 6 1
0 5 25 13 20 7 1
0 5 24 13 20 8 1
0 4 3 15 0 12 1
0 4 3 15 0 12 2
0 4 1 15 0 13 1
0 4 3 15 0 13 2
0 4 1 15 0 14 1
0 4 3 15 0 14 2
0 4 1 15 0 15 1
0 4 3 15 0 15 2
0 4 11 15 0 16 1
0 4 22 15 0 17 1
0 4 22 15 0 18 1
0 4 10 15 0 19 1
0 6 3 15 1 12 1
0 6 4 15 1 12 2
0 6 3 15 1 13 1
0 6 4 15 1 13 2
0 6 3 15 1 14 1
0 6 3 15 1 14 2
0 6 23 15 1 15 1
0 6 11 15 1 16 1
0 6 11 15 1 17 1
0 6 22 15 1 18 1
0 6 22 15 1 19 1
0 3 3 15 2 12 1
0 3 4 15 2 12 2
0 3 0 15 2 13 1
0 3 4 15 2 13 2
0 3 26 15 2 14 1
0 3 26 15 2 15 1
0 3 26 15 2 16 1
0 3 25 15 2 17 1
0 3 24 15 2 18 1
0 3 22 15 2 19 1
0 7 4 15 4 12 1
0 7 4 15 4 12 2
0 7 23 15 4 13 1
0 7 23 15 4 14 1
0 7 23 15 4 15 1
0 7 23 15 4 16 1
0 7 22 15 4 17 1
0 7 22 15 4 18 1
0 7 10 15 4 19 1
0 8 1 15 5 12 1
0 8 3 15 5 12 2
0 8 26 15 5 13 1
0 8 14 15 5 14 1
0 8 25 15 5 15 1
0 8 23 15 5 16 1
0 8 22 15 5 17 1
0 8 22 15 5 18 1
0 8 22 15 5 19 1
0 5 3 15 1 2 1
0 5 3 15 1 2 2
0 5 26 15 1 3 1
0 5 26 15 1 4 1
0 5 26 15 1 5 1
0 5 26 15 1 6 1
0 5 26 15 1 7 1
0 5 26 15 1 8 1
0 5 26 15 1 9 1
0 9 4 15 2 0 1
0 9 4 15 2 0 2
0 9 0 15 2 1 1
0 9 4 15 2 1 2
0 9 23 15 2 2 1
0 9 22 15 2 3 1
0 9 22 15 2 4 1
0 9 22 15 2 5 1
0 9 22 15 2 6 1
0 9 22 15 2 7 1
0 9 22 15 2 8 1
0 9 21 15 2 9 1
0 10 3 15 3 0 1
0 10 4 15 3 0 2
0 10 2 15 3 1 1
0 10 3 15 3 1 2
0 10 2 15 3 2 1
0 10 3 15 3 2 2
0 10 25 15 3 3 1
0 10 25 15 3 4 1
0 10 25 15 3 5 1
0 10 25 15 3 6 1
0 10 25 15 3 7 1
0 10 24 15 3 8 1
0 10 24 15 3 9 1
0 8 24 15 4 0 1
0 8 23 15 4 1 1
0 8 11 15 4 2 1
0 8 11 15 4 3 1
0 8 22 15 4 4 1
0 8 22 15 4 5 1
0 8 22 15 4 6 1
0 8 22 15 4 7 1
0 8 22 15 4 8 1
0 8 21 15 4 9 1
0 10 2 15 5 0 1
0 10 2 15 5 0 2
0 10 14 15 5 1 1
0 10 25 15 5 2 1
0 10 25 15 5 3 1
0 10 25 15 5 4 1
0 10 25 15 5 5 1
0 10 25 15 5 6 1
0 10 24 15 5 7 1
0 10 11 15 5 8 1
0 10 22 15 5 9 1
0 2 4 15 6 6 1
0 2 4 15 6 6 2
0 2 4 15 6 7 1
0 2 4 15 6 7 2
0 2 3 15 6 8 1
0 2 4 15 6 8 2
0 2 3 15 6 9 1
0 2 4 15 6 9 2
0 2 3 15 6 10 1
0 2 0 15 6 10 2
0 3 4 15 7 6 1
0 3 4 15 7 6 2
0 3 4 15 7 7 1
0 3 4 15 7 7 2
0 3 3 15 7 8 1
0 3 4 15 7 8 2
0 3 3 15 7 9 1
0 3 4 15 7 9 2
0 3 22 15 7 10 1
0 2 4 15 8 6 1
0 2 4 15 8 6 2
0 2 3 15 8 7 1
0 2 4 15 8 7 2
0 2 3 15 8 8 1
0 2 4 15 8 8 2
0 2 3 15 8 9 1
0 2 4 15 8 9 2
0 2 25 15 8 10 1
0 2 4 15 9 6 1
0 2 4 15 9 6 2
0 2 4 15 9 7 1
0 2 4 15 9 7 2
0 2 4 15 9 8 1
0 2 4 15 9 8 2
0 2 4 15 9 9 1
0 2 4 15 9 9 2
0 2 25 15 9 10 1
0 3 4 15 13 6 1
0 3 4 15 13 6 2
0 3 4 15 13 7 1
0 3 4 15 13 7 2
0 3 3 15 13 8 1
0 3 3 15 13 8 2
0 3 3 15 13 9 1
0 3 3 15 13 9 2
0 3 3 15 13 10 1
0 3 3 15 13 10 2
0 2 4 15 14 6 1
0 2 4 15 14 6 2
0 2 4 15 14 7 1
0 2 4 15 14 7 2
0 2 3 15 14 8 1
0 2 4 15 14 8 2
0 2 3 15 14 9 1
0 2 4 15 14 9 2
0 2 25 15 14 10 1
0 4 3 15 18 0 1
0 4 4 15 18 0 2
0 4 0 15 18 1 1
0 4 3 15 18 1 2
0 4 0 15 18 2 1
0 4 3 15 18 2 2
0 4 23 15 18 3 1
0 4 23 15 18 4 1
0 4 11 15 18 5 1
0 4 22 15 18 6 1
0 4 22 15 18 7 1
0 4 22 15 18 8 1
0 4 22 15 18 9 1
0 4 15 15 20 2 1
0 4 14 15 20 3 1
0 4 14 15 20 4 1
0 4 12 15 20 5 1
0 4 12 15 20 6 1
0 4 11 15 20 7 1
0 4 11 15 20 8 1
0 4 22 15 20 9 1
0 4 10 15 20 10 1
0 4 13 16 2 0 1
0 4 24 16 2 1 1
0 4 24 16 2 2 1
0 4 12 16 2 3 1
0 4 23 16 2 4 1
0 4 23 16 2 5 1
0 4 23 16 2 6 1
0 4 23 16 2 7 1
0 4 23 16 2 8 1
0 4 22 16 2 9 1
0 4 1 16 4 0 1
0 4 3 16 4 0 2
0 4 0 16 4 1 1
0 4 3 16 4 1 2
0 4 25 16 4 2 1
0 4 25 16 4 3 1
0 4 25 16 4 4 1
0 4 13 16 4 5 1
0 4 24 16 4 6 1
0 4 23 16 4 7 1
0 4 22 16 4 8 1
0 4 10 16 4 9 1
0 4 3 16 5 0 1
0 4 4 16 5 0 2
0 4 2 16 5 1 1
0 4 3 16 5 1 2
0 4 24 16 5 2 1
0 4 12 16 5 3 1
0 4 23 16 5 4 1
0 4 23 16 5 5 1
0 4 23 16 5 6 1
0 4 23 16 5 7 1
0 4 22 16 5 8 1
0 4 22 16 5 9 1
0 7 4 16 8 0 1
0 7 4 16 8 0 2
0 7 4 16 8 1 1
0 7 4 16 8 1 2
0 7 4 16 8 2 1
0 7 4 16 8 2 2
0 7 4 16 8 3 1
0 7 4 16 8 3 2
0 7 4 16 8 4 1
0 7 4 16 8 4 2
0 7 4 16 8 5 1
0 7 4 16 8 5 2
0 7 4 16 8 6 1
0 7 4 16 8 6 2
0 7 3 16 8 7 1
0 7 4 16 8 7 2
0 7 12 16 8 8 1
0 7 12 16 8 9 1
0 7 22 16 8 10 1
0 3 3 16 10 2 1
0 3 4 16 10 2 2
0 3 3 16 10 3 1
0 3 4 16 10 3 2
0 3 3 16 10 4 1
0 3 4 16 10 4 2
0 3 3 16 10 5 1
0 3 4 16 10 5 2
0 3 14 16 10 6 1
0 3 14 16 10 7 1
0 3 23 16 10 8 1
0 3 11 16 10 9 1
0 3 11 16 10 10 1
0 4 26 16 11 2 1
0 4 26 16 11 3 1
0 4 14 16 11 4 1
0 4 25 16 11 5 1
0 4 23 16 11 6 1
0 4 23 16 11 7 1
0 4 22 16 11 8 1
0 4 21 16 11 9 1
0 4 2 16 12 2 1
0 4 3 16 12 2 2
0 4 0 16 12 3 1
0 4 3 16 12 3 2
0 4 25 16 12 4 1
0 4 25 16 12 5 1
0 4 25 16 12 6 1
0 4 25 16 12 7 1
0 4 25 16 12 8 1
0 4 11 16 12 9 1
0 4 0 16 13 0 1
0 4 4 16 13 0 2
0 4 15 16 13 1 1
0 4 15 16 13 2 1
0 4 15 16 13 3 1
0 4 26 16 13 4 1
0 4 14 16 13 5 1
0 4 13 16 13 6 1
0 4 13 16 13 7 1
0 4 12 16 13 8 1
0 4 11 16 13 9 1
0 4 11 16 13 10 1
0 10 3 16 15 0 1
0 10 4 16 15 0 2
0 10 3 16 15 1 1
0 10 3 16 15 1 2
0 10 26 16 15 2 1
0 10 26 16 15 3 1
0 10 26 16 15 4 1
0 10 26 16 15 5 1
0 10 26 16 15 6 1
0 10 14 16 15 7 1
0 10 25 16 15 8 1
0 10 22 16 15 9 1
0 8 3 16 19 0 1
0 8 4 16 19 0 2
0 8 3 16 19 1 1
0 8 3 16 19 1 2
0 8 3 16 19 2 1
0 8 3 16 19 2 2
0 8 26 16 19 3 1
0 8 26 16 19 4 1
0 8 14 16 19 5 1
0 8 25 16 19 6 1
0 8 25 16 19 7 1
0 8 24 16 19 8 1
0 8 21 16 19 9 1
0 8 2 16 20 1 1
0 8 4 16 20 1 2
0 8 14 16 20 2 1
0 8 14 16 20 3 1
0 8 25 16 20 4 1
0 8 22 16 20 5 1
0 8 22 16 20 6 1
0 8 21 16 20 7 1
0 8 21 16 20 8 1
0 8 21 16 20 9 1
0 7 0 17 8 12 1
0 7 3 17 8 12 2
0 7 0 17 8 13 1
0 7 2 17 8 13 2
0 7 12 17 8 14 1
0 7 23 17 8 15 1
0 7 23 17 8 16 1
0 7 11 17 8 17 1
0 7 11 17 8 18 1
0 7 10 17 8 19 1
0 3 4 17 10 12 1
0 3 4 17 10 12 2
0 3 3 17 10 13 1
0 3 3 17 10 13 2
0 3 3 17 10 14 1
0 3 3 17 10 14 2
0 3 26 17 10 15 1
0 3 26 17 10 16 1
0 3 26 17 10 17 1
0 3 24 17 10 18 1
0 3 11 17 10 19 1
0 5 3 17 11 12 1
0 5 3 17 11 12 2
0 5 26 17 11 13 1
0 5 26 17 11 14 1
0 5 26 17 11 15 1
0 5 26 17 11 16 1
0 5 25 17 11 17 1
0 5 25 17 11 18 1
0 3 3 17 12 12 1
0 3 4 17 12 12 2
0 3 3 17 12 13 1
0 3 3 17 12 13 2
0 3 26 17 12 14 1
0 3 26 17 12 15 1
0 3 26 17 12 16 1
0 3 26 17 12 17 1
0 3 25 17 12 18 1
0 3 10 17 12 19 1
0 3 4 17 15 12 1
0 3 4 17 15 12 2
0 3 26 17 15 13 1
0 3 26 17 15 14 1
0 3 14 17 15 15 1
0 3 25 17 15 16 1
0 3 25 17 15 17 1
0 3 22 17 15 18 1
0 3 10 17 15 19 1
0 3 4 17 1 2 1
0 3 4 17 1 2 2
0 3 15 17 1 3 1
0 3 15 17 1 4 1
0 3 15 17 1 5 1
0 3 26 17 1 6 1
0 3 26 17 1 7 1
0 3 26 17 1 8 1
0 3 25 17 1 9 1
0 3 3 17 3 0 1
0 3 4 17 3 0 2
0 3 1 17 3 1 1
0 3 4 17 3 1 2
0 3 0 17 3 2 1
0 3 3 17 3 2 2
0 3 0 17 3 3 1
0 3 3 17 3 3 2
0 3 14 17 3 4 1
0 3 25 17 3 5 1
0 3 25 17 3 6 1
0 3 25 17 3 7 1
0 3 25 17 3 8 1
0 3 25 17 3 9 1
0 3 4 17 5 0 1
0 3 4 17 5 0 2
0 3 4 17 5 1 1
0 3 4 17 5 1 2
0 3 3 17 5 2 1
0 3 4 17 5 2 2
0 3 26 17 5 3 1
0 3 26 17 5 4 1
0 3 26 17 5 5 1
0 3 26 17 5 6 1
0 3 26 17 5 7 1
0 3 26 17 5 8 1
0 3 26 17 5 9 1
0 4 4 17 7 6 1
0 4 4 17 7 6 2
0 4 23 17 7 7 1
0 10 3 17 9 6 1
0 10 3 17 9 6 2
0 10 26 17 9 7 1
0 10 26 17 9 8 1
0 10 26 17 9 9 1
0 3 3 17 10 6 1
0 3 4 17 10 6 2
0 3 3 17 10 7 1
0 3 4 17 10 7 2
0 3 14 17 10 8 1
0 3 14 17 10 9 1
0 3 24 17 10 10 1
0 5 15 17 11 6 1
0 5 15 17 11 7 1
0 5 26 17 11 8 1
0 3 25 17 12 6 1
0 3 23 17 12 7 1
0 3 23 17 12 8 1
0 5 15 17 13 6 1
0 5 26 17 13 7 1
0 5 26 17 13 8 1
0 5 24 17 13 9 1
0 2 15 17 15 6 1
0 2 26 17 15 7 1
0 2 26 17 15 8 1
0 3 4 17 16 0 1
0 3 4 17 16 0 2
0 3 3 17 16 1 1
0 3 4 17 16 1 2
0 3 3 17 16 2 1
0 3 4 17 16 2 2
0 3 3 17 16 3 1
0 3 4 17 16 3 2
0 3 3 17 16 4 1
0 3 4 17 16 4 2
0 3 25 17 16 5 1
0 3 25 17 16 6 1
0 3 13 17 16 7 1
0 3 24 17 16 8 1
0 3 24 17 16 9 1
0 4 4 18 1 2 1
0 4 4 18 1 2 2
0 4 24 18 1 3 1
0 4 24 18 1 4 1
0 4 24 18 1 5 1
0 4 12 18 1 6 1
0 4 12 18 1 7 1
0 4 23 18 1 8 1
0 4 10 18 1 9 1
0 3 3 18 4 1 1
0 3 4 18 4 1 2
0 3 26 18 4 2 1
0 3 25 18 4 3 1
0 3 25 18 4 4 1
0 3 25 18 4 5 1
0 3 25 18 4 6 1
0 3 24 18 4 7 1
0 3 23 18 4 8 1
0 3 22 18 4 9 1
0 7 0 18 8 1 1
0 7 4 18 8 1 2
0 7 0 18 8 2 1
0 7 2 18 8 2 2
0 7 13 18 8 3 1
0 7 12 18 8 4 1
0 7 12 18 8 5 1
0 7 12 18 8 6 1
0 7 12 18 8 7 1
0 7 10 18 8 8 1
0 7 10 18 8 9 1
0 7 21 18 8 10 1
0 3 4 18 9 1 1
0 3 4 18 9 1 2
0 3 3 18 9 2 1
0 3 4 18 9 2 2
0 3 3 18 9 3 1
0 3 4 18 9 3 2
0 3 25 18 9 4 1
0 3 25 18 9 5 1
0 3 25 18 9 6 1
0 3 25 18 9 7 1
0 3 24 18 9 8 1
0 3 22 18 9 9 1
0 6 3 18 10 1 1
0 6 4 18 10 1 2
0 6 15 18 10 2 1
0 6 26 18 10 3 1
0 6 24 18 10 4 1
0 6 24 18 10 5 1
0 6 24 18 10 6 1
0 6 23 18 10 7 1
0 6 22 18 10 8 1
0 6 22 18 10 9 1
0 4 25 18 11 1 1
0 4 11 18 11 2 1
0 4 11 18 11 3 1
0 8 11 18 11 4 1
0 4 3 18 12 1 1
0 4 3 18 12 1 2
0 4 25 18 12 2 1
0 4 25 18 12 3 1
0 4 25 18 12 4 1
0 4 11 18 12 5 1
0 4 11 18 12 6 1
0 4 22 18 12 7 1
0 4 22 18 12 8 1
0 4 21 18 12 9 1
0 4 3 18 15 1 1
0 4 4 18 15 1 2
0 4 3 18 15 2 1
0 4 3 18 15 2 2
0 4 14 18 15 3 1
0 4 14 18 15 4 1
0 4 12 18 15 5 1
0 4 12 18 15 6 1
0 4 12 18 15 7 1
0 4 12 18 15 8 1
0 4 12 18 15 9 1
0 4 22 18 15 10 1
0 4 3 18 18 1 1
0 4 4 18 18 1 2
0 4 26 18 18 2 1
0 4 26 18 18 3 1
0 4 25 18 18 4 1
0 4 12 18 18 5 1
0 4 22 18 18 6 1
0 4 22 18 18 7 1
0 4 22 18 18 8 1
0 4 21 18 18 9 1
0 4 3 19 1 3 1
0 4 4 19 1 3 2
0 4 3 19 1 4 1
0 4 3 19 1 4 2
0 4 26 19 1 5 1
0 4 26 19 1 6 1
0 4 25 19 1 7 1
0 4 25 19 1 8 1
0 4 25 19 1 9 1
0 7 3 19 2 2 1
0 7 4 19 2 2 2
0 7 0 19 2 3 1
0 7 4 19 2 3 2
0 7 11 19 2 4 1
0 7 22 19 2 5 1
0 7 22 19 2 6 1
0 7 21 19 2 7 1
0 7 21 19 2 8 1
0 7 21 19 2 9 1
0 9 12 19 4 2 1
0 3 0 19 5 2 1
0 3 1 19 5 2 2
0 3 12 19 5 3 1
0 3 12 19 5 4 1
0 3 12 19 5 5 1
0 3 11 19 5 6 1
0 3 10 19 5 7 1
0 3 10 19 5 8 1
0 3 10 19 5 9 1
0 3 21 19 5 10 1
0 3 3 19 7 2 1
0 3 4 19 7 2 2
0 3 3 19 7 3 1
0 3 4 19 7 3 2
0 3 2 19 7 4 1
0 3 3 19 7 4 2
0 3 26 19 7 5 1
0 3 26 19 7 6 1
0 3 14 19 7 7 1
0 4 1 19 12 2 1
0 4 3 19 12 2 2
0 4 25 19 12 3 1
0 4 25 19 12 4 1
0 4 25 19 12 5 1
0 4 13 19 12 6 1
0 4 23 19 12 7 1
0 4 23 19 12 8 1
0 4 23 19 12 9 1
0 4 2 19 13 2 1
0 4 4 19 13 2 2
0 4 15 19 13 3 1
0 4 13 19 13 4 1
0 4 24 19 13 5 1
0 7 24 19 16 2 1
0 7 24 19 16 3 1
0 4 13 19 16 4 1
0 4 13 19 16 5 1
0 4 24 19 16 6 1
0 4 24 19 16 7 1
0 4 24 19 16 8 1
0 4 10 19 16 9 1
0 7 3 19 20 3 1
0 7 4 19 20 3 2
0 7 2 19 20 4 1
0 7 3 19 20 4 2
0 7 26 19 20 5 1
0 7 26 19 20 6 1
0 7 14 19 20 7 1
0 7 25 19 20 8 1
0 7 24 19 20 9 1
0 4 3 20 5 3 1
0 6 4 20 5 3 2
0 4 15 20 5 4 1
0 4 15 20 5 5 1
0 4 26 20 5 6 1
0 4 26 20 5 7 1
0 6 24 20 5 8 1
0 4 22 20 5 9 1
0 4 25 20 6 3 1
0 4 25 20 6 4 1
0 4 25 20 6 5 1
0 4 25 20 6 6 1
0 4 21 20 6 7 1
0 7 23 20 7 2 1
0 7 23 20 7 3 1
0 7 22 20 7 4 1
0 7 22 20 7 5 1
0 4 0 20 9 2 1
0 4 3 20 9 2 2
0 4 21 20 9 3 1
0 4 21 20 9 4 1
0 4 21 20 9 5 1
0 4 21 20 9 6 1
0 4 21 20 9 7 1
0 4 21 20 9 8 1
0 4 21 20 9 9 1
0 6 3 20 11 2 1
0 7 4 20 11 2 2
0 3 4 20 13 2 1
0 3 4 20 13 2 2
0 3 4 20 13 3 1
0 3 4 20 13 3 2
0 3 3 20 13 4 1
0 3 4 20 13 4 2
0 3 3 20 13 5 1
0 3 4 20 13 5 2
0 3 3 20 13 6 1
0 3 4 20 13 6 2
0 3 14 20 13 7 1
0 3 14 20 13 8 1
0 3 14 20 13 9 1
0 3 25 20 13 10 1
0 4 3 20 15 3 1
0 4 4 20 15 3 2
0 4 3 20 15 4 1
0 4 4 20 15 4 2
0 4 1 20 15 5 1
0 4 4 20 15 5 2
0 4 23 20 15 6 1
0 4 23 20 15 7 1
0 4 22 20 15 8 1
0 4 22 20 15 9 1
0 3 3 20 16 3 1
0 3 3 20 16 3 2
0 3 2 20 16 4 1
0 3 3 20 16 4 2
0 3 14 20 16 5 1
0 3 4 20 18 4 1
0 3 4 20 18 4 2
0 3 3 20 18 5 1
0 3 4 20 18 5 2
0 3 3 20 18 6 1
0 3 4 20 18 6 2
0 3 3 20 18 7 1
0 3 4 20 18 7 2
0 3 15 20 18 8 1
0 3 12 20 18 9 1
0 3 23 20 18 10 1
0 5 15 20 19 4 1
0 5 26 20 19 5 1
0 5 26 20 19 6 1
0 5 3 20 20 4 1
0 5 3 20 20 4 2
0 5 26 20 20 5 1
0 5 24 20 20 6 1
0 5 24 20 20 7 1
0 5 23 20 20 8 1
0 5 23 20 20 9 1
0 4 25 21 1 5 1
0 4 24 21 1 6 1
0 4 23 21 1 7 1
0 2 4 21 5 3 1
0 2 4 21 5 3 2
0 2 4 21 5 4 1
0 2 4 21 5 4 2
0 2 4 21 5 5 1
0 2 4 21 5 5 2
0 2 3 21 5 6 1
0 2 4 21 5 6 2
0 2 3 21 5 7 1
0 2 4 21 5 7 2
0 2 3 21 5 8 1
0 2 3 21 5 8 2
0 2 3 21 5 9 1
0 2 3 21 5 9 2
0 2 25 21 5 10 1
0 3 4 21 6 3 1
0 3 4 21 6 3 2
0 3 3 21 6 4 1
0 3 4 21 6 4 2
0 3 15 21 6 5 1
0 3 15 21 6 6 1
0 3 15 21 6 7 1
0 3 15 21 6 8 1
0 3 15 21 6 9 1
0 3 22 21 6 10 1
0 7 3 21 9 3 1
0 7 4 21 9 3 2
0 7 0 21 9 4 1
0 7 3 21 9 4 2
0 7 0 21 9 5 1
0 7 3 21 9 5 2
0 7 12 21 9 6 1
0 7 23 21 9 7 1
0 7 22 21 9 8 1
0 7 21 21 9 9 1
0 3 2 21 10 3 1
0 3 4 21 10 3 2
0 3 25 21 10 4 1
0 3 25 21 10 5 1
0 2 25 21 10 6 1
0 2 25 21 10 7 1
0 2 25 21 10 8 1
0 8 25 21 10 9 1
0 7 1 21 11 3 1
0 7 3 21 11 3 2
0 7 0 21 11 4 1
0 7 3 21 11 4 2
0 7 14 21 11 5 1
0 7 14 21 11 6 1
0 7 14 21 11 7 1
0 7 11 21 11 8 1
0 7 11 21 11 9 1
0 7 22 21 11 10 1
0 3 4 21 12 3 1
0 3 4 21 12 3 2
0 3 3 21 12 4 1
0 3 4 21 12 4 2
0 3 2 21 12 5 1
0 3 4 21 12 5 2
0 3 14 21 12 6 1
0 3 25 21 12 7 1
0 3 13 21 12 8 1
0 3 12 21 12 9 1
0 3 11 21 12 10 1
0 2 26 21 13 3 1
0 2 25 21 13 4 1
0 2 25 21 13 5 1
0 2 25 21 13 6 1
0 2 25 21 13 7 1
0 2 25 21 13 8 1
0 2 25 21 13 9 1
0 4 25 21 19 4 1
0 4 25 21 19 5 1
0 4 25 21 19 6 1
0 4 25 21 19 7 1
0 4 25 21 19 8 1
0 7 4 22 7 12 1
0 7 4 22 7 12 2
0 7 24 22 7 13 1
0 7 12 22 7 14 1
0 7 12 22 7 15 1
0 7 23 22 7 16 1
0 7 23 22 7 17 1
0 7 11 22 7 18 1
0 7 22 22 7 19 1
0 3 3 22 10 12 1
0 3 4 22 10 12 2
0 3 3 22 10 13 1
0 3 4 22 10 13 2
0 3 3 22 10 14 1
0 3 2 22 10 14 2
0 3 26 22 10 15 1
0 3 26 22 10 16 1
0 3 26 22 10 17 1
0 3 24 22 10 18 1
0 3 12 22 10 19 1
0 2 3 22 11 12 1
0 2 4 22 11 12 2
0 2 3 22 11 13 1
0 2 3 22 11 13 2
0 2 25 22 11 14 1
0 2 25 22 11 15 1
0 2 25 22 11 16 1
0 2 25 22 11 17 1
0 2 25 22 11 18 1
0 2 25 22 11 19 1
0 6 24 22 14 12 1
0 6 24 22 14 13 1
0 6 23 22 14 14 1
0 6 23 22 14 15 1
0 6 23 22 14 16 1
0 6 23 22 14 17 1
0 6 23 22 14 18 1
0 3 4 22 15 12 1
0 3 4 22 15 12 2
0 3 4 22 15 13 1
0 3 4 22 15 13 2
0 3 4 22 15 14 1
0 3 4 22 15 14 2
0 3 14 22 15 15 1
0 3 25 22 15 16 1
0 3 25 22 15 17 1
0 3 23 22 15 18 1
0 3 22 22 15 19 1
0 4 15 22 6 4 1
0 4 15 22 6 5 1
0 4 26 22 6 6 1
0 4 26 22 6 7 1
0 4 26 22 6 8 1
0 7 0 22 8 4 1
0 7 3 22 8 4 2
0 7 0 22 8 5 1
0 7 3 22 8 5 2
0 7 13 22 8 6 1
0 7 12 22 8 7 1
0 7 11 22 8 8 1
0 7 22 22 8 9 1
0 7 10 22 8 10 1
0 7 3 22 9 4 1
0 7 4 22 9 4 2
0 7 3 22 9 5 1
0 7 4 22 9 5 2
0 7 2 22 9 6 1
0 7 3 22 9 6 2
0 7 13 22 9 7 1
0 7 12 22 9 8 1
0 7 11 22 9 9 1
0 7 22 22 9 10 1
0 7 3 22 10 4 1
0 7 3 22 10 4 2
0 7 25 22 10 5 1
0 7 25 22 10 6 1
0 7 23 22 10 7 1
0 8 22 22 10 8 1
0 8 22 22 10 9 1
0 6 3 22 11 4 1
0 7 4 22 11 4 2
0 6 3 22 11 5 1
0 7 3 22 11 5 2
0 6 25 22 11 6 1
0 6 24 22 11 7 1
0 4 24 22 11 8 1
0 4 23 22 11 9 1
0 3 4 22 12 4 1
0 3 4 22 12 4 2
0 3 4 22 12 5 1
0 3 4 22 12 5 2
0 3 4 22 12 6 1
0 3 4 22 12 6 2
0 3 3 22 12 7 1
0 3 4 22 12 7 2
0 3 2 22 12 8 1
0 3 4 22 12 8 2
0 3 23 22 12 9 1
0 7 25 22 13 4 1
0 7 23 22 13 5 1
0 7 10 22 13 6 1
0 7 21 22 13 7 1
0 9 26 22 15 4 1
0 9 26 22 15 5 1
0 9 26 22 15 6 1
0 9 14 22 15 7 1
0 9 24 22 15 8 1
0 9 23 22 15 9 1
0 7 23 23 5 6 1
0 7 22 23 5 7 1
0 4 0 23 8 5 1
0 4 4 23 8 5 2
0 4 23 23 8 6 1
0 4 22 23 8 7 1
0 4 15 23 10 5 1
0 4 15 23 10 6 1
0 4 15 23 10 7 1
0 4 15 23 10 8 1
0 4 15 23 10 9 1
0 4 15 23 10 10 1
0 9 26 23 11 5 1
0 9 25 23 11 6 1
0 9 25 23 11 7 1
0 9 23 23 11 8 1
0 9 23 23 11 9 1
0 7 3 23 14 5 1
0 7 4 23 14 5 2
0 7 2 23 14 6 1
0 4 4 23 14 6 2
0 7 2 23 14 7 1
0 4 4 23 14 7 2
0 4 3 23 20 7 1
0 4 3 23 20 7 2
0 4 14 23 20 8 1
0 4 22 23 20 9 1
0 4 10 23 20 10 1
1 2 25
1 2 25
1 2 25
1 2 26
1 2 31
1 2 26
1 2 4
1 2 26
1 2 0
1 2 14
1 2 26
1 2 7
1 2 26
1 2 26
1 2 26
1 2 26
1 2 14
1 2 25
1 2 26
1 2 25
1 2 31
1 2 26
1 2 24
1 2 26
1 2 25
1 2 26
1 2 25
1 2 25
1 2 26
1 2 14
1 2 26
1 2 25
1 2 26
1 2 25
1 2 24
1 2 25
1 2 7
1 2 25
1 2 14
1 2 26
1 2 25
1 2 26
1 2 26
1 2 26
1 2 26
1 2 25
1 2 26
1 2 26
1 2 26
1 2 25
1 2 25
1 2 25
1 2 26
1 3 1
1 3 21
1 3 25
1 3 25
1 3 25
1 3 12
1 3 10
1 3 14
1 3 14
1 3 25
1 3 13
1 3 14
1 3 25
1 3 25
1 3 14
1 3 10
1 3 25
1 3 26
1 3 10
1 3 14
1 3 23
1 3 21
1 3 26
1 3 11
1 3 25
1 3 25
1 3 25
1 3 15
1 3 12
1 3 26
1 3 10
1 3 14
1 3 25
1 3 10
1 3 14
1 3 10
1 3 15
1 3 15
1 3 26
1 3 12
1 3 26
1 3 25
1 3 22
1 3 25
1 3 15
1 3 25
1 3 25
1 3 25
1 3 26
1 3 14
1 3 22
1 3 14
1 3 25
1 3 25
1 3 25
1 3 25
1 3 0
1 3 23
1 3 2
1 3 21
1 3 25
1 3 26
1 3 25
1 3 10
1 3 26
1 3 15
1 3 22
1 3 15
1 3 25
1 3 12
1 3 10
1 3 24
1 3 0
1 3 25
1 3 14
1 3 25
1 3 25
1 3 25
1 3 3
1 3 25
1 3 12
1 3 14
1 3 26
1 3 14
1 3 14
1 3 25
1 3 14
1 3 0
1 3 26
1 3 25
1 3 14
1 3 11
1 3 10
1 3 14
1 3 3
1 3 25
1 3 25
1 3 25
1 3 25
1 3 24
1 3 14
1 3 3
1 3 23
1 3 24
1 3 25
1 3 10
1 3 25
1 3 23
1 3 14
1 3 23
1 3 24
1 3 15
1 3 14
1 3 15
1 3 14
1 3 3
1 3 14
1 3 25
1 3 25
1 3 26
1 3 26
1 3 15
1 3 25
1 3 24
1 3 10
1 3 14
1 3 22
1 3 0
1 3 25
1 3 26
1 3 26
1 3 25
1 3 15
1 3 0
1 3 25
1 3 15
1 3 25
1 3 25
1 3 25
1 3 0
1 3 3
1 3 26
1 3 25
1 3 0
1 3 22
1 3 23
1 3 12
1 3 25
1 3 25
1 3 14
1 3 14
1 3 14
1 3 3
1 3 25
1 3 2
1 3 10
1 3 14
1 3 15
1 3 22
1 3 10
1 3 25
1 3 23
1 3 14
1 3 26
1 3 0
1 3 0
1 3 21
1 3 25
1 3 23
1 3 3
1 3 11
1 3 24
1 3 10
1 3 26
1 3 25
1 3 14
1 3 14
1 3 25
1 3 25
1 3 15
1 3 25
1 3 12
1 3 23
1 3 11
1 3 15
1 3 25
1 3 25
1 3 26
1 3 3
1 3 25
1 3 14
1 3 25
1 3 25
1 3 25
1 3 1
1 3 12
1 3 25
1 3 14
1 3 13
1 3 10
1 3 10
1 3 25
1 3 26
1 4 23
1 4 0
1 4 25
1 4 2
1 4 15
1 4 3
1 4 29
1 4 12
1 4 25
1 4 3
1 4 26
1 4 10
1 4 3
1 4 3
1 4 3
1 4 14
1 4 12
1 4 22
1 4 25
1 4 25
1 4 26
1 4 13
1 4 15
1 4 4
1 4 14
1 4 11
1 4 4
1 4 21
1 4 26
1 4 25
1 4 14
1 4 15
1 4 25
1 4 0
1 4 24
1 4 3
1 4 3
1 4 26
1 4 22
1 4 13
1 4 15
1 4 26
1 4 12
1 4 23
1 4 2
1 4 25
1 4 15
1 4 4
1 4 3
1 4 25
1 4 10
1 4 14
1 4 4
1 4 15
1 4 29
1 4 1
1 4 1
1 4 22
1 4 12
1 4 21
1 4 14
1 4 5
1 4 26
1 4 3
1 4 23
1 4 26
1 4 25
1 4 22
1 4 26
1 4 3
1 4 13
1 4 3
1 4 0
1 4 26
1 4 24
1 4 24
1 4 3
1 4 13
1 4 3
1 4 4
1 4 22
1 4 0
1 4 25
1 4 3
1 4 26
1 4 14
1 4 25
1 4 22
1 4 15
1 4 3
1 4 22
1 4 21
1 4 24
1 4 21
1 4 24
1 4 22
1 4 14
1 4 15
1 4 1
1 4 21
1 4 1
1 4 3
1 4 21
1 4 22
1 4 25
1 4 15
1 4 24
1 4 15
1 4 25
1 4 10
1 4 11
1 4 21
1 4 4
1 4 22
1 4 26
1 4 25
1 4 4
1 4 26
1 4 23
1 4 26
1 4 26
1 4 24
1 4 3
1 4 25
1 4 3
1 4 3
1 4 13
1 4 25
1 4 12
1 4 22
1 4 3
1 4 28
1 4 15
1 4 25
1 4 3
1 4 3
1 4 14
1 4 14
1 4 23
1 4 3
1 4 26
1 4 26
1 4 3
1 4 1
1 4 21
1 4 10
1 4 22
1 4 25
1 4 26
1 4 22
1 4 26
1 4 3
1 4 25
1 4 3
1 4 26
1 4 3
1 4 14
1 4 24
1 4 25
1 4 25
1 4 26
1 4 15
1 4 14
1 4 24
1 4 3
1 4 15
1 4 4
1 4 29
1 4 24
1 4 13
1 4 25
1 4 3
1 4 15
1 4 15
1 4 26
1 4 3
1 4 3
1 4 14
1 4 26
1 4 3
1 4 3
1 4 22
1 4 22
1 4 14
1 4 22
1 4 3
1 4 31
1 4 14
1 4 25
1 4 14
1 4 15
1 4 23
1 4 25
1 4 13
1 4 12
1 4 3
1 4 24
1 4 12
1 4 22
1 4 26
1 4 15
1 4 10
1 4 25
1 4 23
1 4 15
1 4 3
1 4 24
1 4 25
1 4 11
1 4 12
1 4 25
1 4 4
1 4 14
1 4 3
1 4 22
1 4 14
1 4 11
1 4 13
1 4 22
1 4 15
1 4 26
1 4 2
1 4 22
1 4 26
1 4 3
1 4 25
1 4 23
1 4 0
1 4 3
1 4 21
1 4 25
1 4 26
1 4 24
1 4 23
1 4 21
1 4 12
1 4 14
1 4 10
1 4 3
1 4 26
1 4 12
1 4 21
1 4 26
1 4 4
1 4 22
1 4 4
1 4 3
1 4 26
1 4 23
1 4 24
1 4 26
1 4 3
1 4 24
1 4 15
1 4 1
1 4 26
1 4 24
1 4 3
1 4 11
1 4 3
1 4 26
1 4 22
1 4 24
1 4 22
1 4 14
1 4 3
1 4 10
1 4 4
1 4 15
1 4 25
1 4 4
1 4 25
1 4 25
1 4 22
1 4 3
1 4 15
1 4 15
1 4 3
1 4 24
1 4 14
1 4 25
1 4 3
1 4 23
1 4 26
1 4 3
1 4 13
1 4 25
1 4 22
1 4 3
1 4 3
1 4 24
1 4 26
1 4 13
1 4 25
1 4 25
1 4 11
1 4 3
1 4 3
1 4 25
1 4 3
1 4 25
1 4 14
1 4 26
1 4 10
1 4 25
1 4 4
1 4 14
1 4 26
1 4 22
1 4 13
1 4 3
1 4 25
1 4 0
1 4 3
1 4 23
1 4 14
1 4 12
1 4 26
1 4 14
1 4 25
1 4 3
1 4 26
1 4 13
1 4 22
1 4 26
1 4 25
1 4 14
1 4 13
1 4 26
1 4 25
1 4 25
1 4 22
1 4 12
1 4 3
1 4 3
1 4 3
1 4 25
1 4 15
1 4 4
1 4 24
1 4 26
1 4 3
1 4 26
1 4 3
1 4 3
1 4 4
1 4 22
1 4 2
1 4 25
1 4 1
1 4 28
1 4 24
1 4 4
1 4 22
1 4 4
1 4 15
1 4 26
1 4 15
1 4 26
1 4 22
1 4 23
1 4 23
1 4 0
1 4 3
1 4 22
1 4 3
1 4 3
1 4 21
1 4 26
1 4 13
1 4 11
1 4 26
1 4 27
1 4 25
1 4 15
1 4 24
1 4 15
1 4 14
1 4 15
1 4 15
1 4 26
1 4 3
1 4 24
1 4 14
1 4 1
1 4 3
1 4 10
1 4 14
1 4 25
1 4 23
1 4 0
1 4 13
1 4 15
1 4 12
1 4 3
1 4 14
1 4 2
1 4 25
1 4 25
1 4 31
1 4 13
1 4 3
1 4 21
1 4 3
1 4 15
1 4 22
1 4 25
1 4 3
1 4 21
1 4 22
1 4 24
1 4 26
1 4 12
1 4 25
1 4 14
1 4 21
1 4 22
1 4 22
1 4 2
1 4 13
1 4 3
1 4 14
1 4 25
1 4 14
1 4 3
1 4 14
1 4 12
1 4 22
1 4 21
1 4 3
1 4 3
1 4 21
1 4 3
1 4 3
1 4 26
1 4 26
1 4 21
1 4 26
1 4 24
1 4 28
1 4 3
1 4 11
1 4 22
1 4 3
1 4 26
1 4 11
1 4 14
1 4 3
1 4 25
1 4 24
1 4 24
1 4 3
1 4 26
1 4 0
1 4 3
1 4 24
1 4 15
1 4 15
1 4 3
1 4 14
1 4 23
1 4 26
1 4 3
1 4 0
1 4 3
1 4 22
1 4 4
1 4 1
1 4 26
1 4 21
1 4 15
1 4 26
1 4 21
1 4 25
1 4 3
1 4 14
1 4 5
1 4 11
1 4 26
1 4 10
1 4 26
1 4 25
1 4 21
1 4 3
1 4 25
1 4 11
1 4 25
1 4 23
1 4 3
1 4 15
1 4 3
1 4 14
1 4 3
1 4 31
1 4 12
1 4 13
1 4 12
1 4 23
1 4 1
1 4 3
1 4 15
1 4 10
1 4 23
1 4 0
1 4 3
1 4 25
1 4 3
1 4 3
1 4 25
1 4 4
1 4 10
1 4 4
1 4 21
1 4 26
1 4 21
1 4 26
1 4 25
1 4 31
1 4 14
1 4 25
1 4 25
1 4 23
1 4 3
1 4 26
1 4 26
1 4 11
1 4 29
1 4 25
1 4 3
1 4 25
1 4 1
1 4 14
1 4 3
1 4 22
1 4 21
1 4 25
1 4 25
1 4 26
1 4 31
1 4 15
1 4 25
1 4 24
1 4 3
1 4 11
1 4 26
1 4 14
1 4 26
1 4 21
1 4 10
1 4 4
1 4 12
1 4 15
1 4 24
1 4 25
1 4 21
1 4 25
1 4 25
1 4 14
1 4 25
1 4 24
1 4 10
1 4 11
1 4 25
1 4 26
1 4 28
1 4 14
1 4 25
1 4 22
1 4 3
1 4 3
1 4 14
1 4 14
1 4 21
1 4 25
1 4 0
1 4 14
1 4 22
1 4 10
1 4 3
1 4 25
1 4 3
1 4 23
1 4 3
1 4 14
1 4 15
1 4 4
1 4 13
1 4 26
1 4 14
1 4 30
1 4 22
1 4 3
1 4 15
1 4 3
1 4 3
1 4 14
1 4 3
1 4 4
1 4 25
1 4 10
1 4 21
1 4 15
1 4 13
1 4 14
1 4 26
1 4 22
1 4 14
1 4 25
1 4 2
1 4 3
1 4 27
1 4 3
1 4 25
1 4 11
1 4 31
1 4 12
1 4 3
1 4 24
1 4 3
1 4 3
1 4 3
1 4 26
1 4 3
1 4 4
1 4 15
1 4 26
1 4 22
1 4 31
1 4 25
1 4 24
1 4 23
1 4 14
1 4 14
1 4 15
1 4 25
1 4 11
1 4 15
1 4 14
1 4 15
1 4 23
1 4 22
1 4 24
1 4 23
1 4 11
1 4 0
1 4 2
1 4 4
1 4 10
1 4 25
1 4 15
1 4 26
1 4 10
1 4 24
1 4 15
1 4 15
1 4 26
1 4 28
1 4 3
1 4 14
1 4 25
1 4 15
1 4 23
1 4 25
1 4 10
1 4 3
1 4 25
1 4 3
1 4 26
1 4 26
1 4 26
1 4 14
1 4 25
1 4 4
1 4 26
1 4 25
1 4 26
1 4 25
1 4 14
1 4 14
1 4 13
1 4 3
1 4 25
1 4 26
1 4 14
1 4 25
1 4 14
1 4 22
1 4 31
1 4 0
1 4 3
1 4 24
1 4 4
1 4 24
1 4 3
1 4 22
1 4 3
1 4 3
1 4 25
1 4 25
1 4 25
1 4 4
1 4 26
1 4 4
1 4 10
1 4 26
1 4 23
1 4 15
1 4 25
1 4 14
1 4 3
1 4 14
1 4 4
1 4 23
1 4 21
1 4 3
1 4 2
1 4 15
1 4 13
1 4 26
1 4 11
1 4 25
1 4 26
1 5 14
1 5 31
1 5 31
1 5 25
1 5 25
1 5 31
1 5 31
1 5 3
1 5 31
1 5 25
1 5 4
1 5 25
1 5 4
1 5 31
1 5 31
1 5 31
1 5 23
1 5 31
1 5 4
1 5 25
1 5 25
1 5 3
1 5 3
1 5 31
1 5 25
1 5 31
1 5 31
1 5 4
1 5 31
1 5 31
1 5 30
1 5 4
1 5 3
1 5 31
1 5 31
1 5 31
1 5 31
1 5 31
1 5 30
1 5 31
1 5 31
1 5 25
1 5 3
1 5 31
1 5 26
1 5 4
1 5 3
1 5 4
1 5 31
1 5 31
1 5 25
1 5 31
1 5 26
1 5 3
1 5 31
1 5 23
1 5 31
1 5 25
1 5 3
1 5 31
1 5 31
1 5 31
1 5 31
1 5 31
1 5 31
1 5 31
1 5 25
1 5 14
1 5 25
1 5 31
1 5 31
1 5 13
1 5 25
1 5 31
1 5 25
1 5 31
1 5 31
1 5 31
1 5 3
1 5 4
1 5 31
1 5 3
1 5 25
1 5 3
1 5 31
1 5 31
1 5 3
1 5 31
1 5 25
1 5 25
1 5 31
1 5 31
1 5 4
1 5 25
1 5 3
1 6 2
1 6 2
1 6 2
1 6 2
1 6 2
1 6 2
1 6 2
1 6 2
1 6 2
1 6 2
1 6 2
1 6 2
1 7 3
1 7 3
1 7 3
1 7 3
1 7 3
1 7 3
1 7 31
1 7 14
1 7 25
1 7 22
1 7 14
1 7 3
1 7 3
1 7 2
1 7 3
1 7 26
1 7 25
1 7 25
1 7 3
1 7 3
1 7 24
1 7 3
1 7 3
1 7 25
1 7 3
1 7 3
1 7 14
1 7 2
1 7 3
1 7 3
1 7 3
1 7 3
1 7 3
1 7 14
1 7 25
1 7 23
1 7 3
1 7 3
1 7 2
1 7 3
1 7 3
1 7 3
1 7 4
1 7 31
1 7 4
1 7 3
1 7 3
1 7 25
1 7 3
1 7 3
1 7 24
1 7 24
1 7 3
1 7 3
1 7 3
1 7 15
1 7 14
1 7 3
1 7 3
1 7 3
1 7 3
1 7 26
1 7 3
1 7 3
1 7 4
1 7 15
1 7 3
1 7 26
1 7 3
1 7 3
1 7 23
1 7 3
1 7 3
1 7 3
1 7 3
1 7 15
1 7 3
1 7 4
1 7 31
1 7 3
1 7 3
1 7 3
1 7 31
1 7 3
1 7 4
1 7 14
1 7 3
1 7 25
1 7 3
1 7 3
1 7 3
1 7 3
1 7 3
1 7 3
1 7 3
1 8 14
1 8 24
1 8 14
1 8 12
1 8 25
1 8 10
1 8 14
1 8 30
1 8 30
1 8 14
1 8 25
1 8 25
1 8 25
1 8 23
1 8 25
1 8 15
1 8 14
1 8 24
1 8 25
1 8 14
1 8 11
1 8 3
1 8 2
1 8 25
1 8 14
1 8 14
1 8 23
1 8 14
1 8 11
1 8 12
1 8 25
1 8 25
1 8 14
1 8 13
1 8 25
1 8 10
1 8 12
1 8 14
1 8 26
1 8 14
1 8 14
1 8 25
1 8 25
1 8 0
1 8 14
1 8 13
1 8 29
1 8 3
1 8 30
1 8 30
1 8 14
1 8 13
1 8 13
1 8 31
1 8 25
1 8 30
1 8 25
1 8 22
1 8 12
1 8 14
1 8 14
1 8 25
1 8 25
1 8 27
1 8 21
1 8 25
1 8 25
1 8 22
1 8 25
1 8 14
1 8 10
1 8 24
1 8 14
1 8 12
1 8 25
1 8 25
1 8 3
1 8 25
1 8 31
1 8 25
1 8 1
1 8 22
1 8 21
1 8 14
1 8 26
1 8 13
1 8 25
1 8 22
1 8 21
1 8 14
1 8 30
1 8 23
1 8 12
1 8 30
1 8 23
1 8 22
1 8 14
1 8 30
1 8 2
1 8 30
1 8 23
1 8 14
1 8 14
1 8 31
1 8 25
1 8 25
1 8 23
1 8 14
1 8 23
1 8 2
1 8 10
1 8 25
1 8 25
1 8 25
1 8 25
1 8 13
1 8 25
1 8 25
1 8 25
1 8 30
1 8 3
1 8 14
1 8 13
1 8 14
1 8 24
1 8 22
1 8 25
1 8 25
1 8 0
1 8 3
1 8 0
1 8 31
1 8 25
1 8 14
1 8 25
1 8 14
1 8 14
1 8 14
1 8 25
1 8 25
1 8 22
1 8 14
1 8 30
1 8 14
1 8 12
1 8 14
1 8 12
1 8 25
1 8 25
1 8 14
1 8 31
1 8 14
1 8 12
1 8 3
1 8 25
1 8 14
1 8 14
1 8 12
1 8 23
1 8 25
1 8 30
1 8 26
1 8 30
1 8 30
1 8 30
1 8 14
1 8 0
1 8 14
1 8 25
1 8 30
1 8 28
1 8 30
1 8 26
1 8 12
1 8 12
1 8 25
1 8 27
1 8 25
1 8 23
1 8 14
1 8 24
1 8 14
1 8 25
1 8 14
1 8 25
1 8 24
1 8 1
1 8 25
1 8 22
1 8 25
1 8 1
1 8 26
1 8 25
1 8 14
1 8 14
1 8 25
1 8 10
1 8 14
1 8 14
1 8 14
1 8 3
1 8 31
1 8 23
1 8 14
1 8 14
1 8 22
1 8 23
1 8 30
1 8 22
1 8 14
1 8 12
1 8 27
1 8 30
1 8 30
1 8 2
1 8 13
1 8 14
1 8 23
1 8 0
1 8 1
1 8 25
1 8 12
1 8 25
1 8 15
1 8 22
1 8 25
1 8 12
1 8 11
1 8 31
1 8 12
1 8 12
1 8 30
1 8 25
1 8 2
1 8 14
1 8 13
1 8 3
1 8 22
1 8 25
1 8 12
1 8 30
1 8 14
1 8 14
1 8 14
1 8 25
1 8 14
1 8 10
1 8 0
1 8 25
1 9 25
1 9 13
1 9 31
1 9 13
1 9 12
1 9 28
1 9 25
1 9 26
1 9 0
1 9 28
1 9 25
1 9 26
1 9 3
1 9 26
1 9 24
1 9 24
1 9 0
1 9 4
1 9 24
1 9 31
1 9 25
1 9 25
1 9 13
1 9 14
1 9 13
1 9 14
1 9 3
1 9 15
1 9 23
1 9 25
1 9 25
1 9 14
1 9 24
1 9 15
1 9 25
1 9 24
1 9 13
1 9 24
1 9 31
1 9 15
1 9 25
1 9 11
1 9 26
1 9 11
1 9 4
1 9 25
1 9 24
1 9 25
1 9 0
1 9 25
1 9 3
1 9 26
1 9 21
1 9 4
1 9 25
1 9 26
1 9 25
1 9 12
1 9 24
1 9 25
1 9 14
1 9 28
1 9 4
1 9 31
1 9 24
1 9 24
1 9 24
1 9 25
1 9 4
1 9 25
1 9 14
1 9 0
1 9 3
1 9 31
1 9 13
1 9 14
1 9 26
1 9 14
1 9 14
1 9 25
1 9 14
1 9 4
1 9 3
1 9 25
1 9 24
1 9 14
1 9 25
1 9 25
1 9 13
1 9 26
1 9 25
1 9 25
1 9 14
1 9 31
1 9 24
1 9 0
1 9 24
1 9 14
1 9 24
1 9 14
1 9 0
1 9 25
1 9 15
1 9 0
1 9 22
1 9 21
1 9 25
1 9 24
1 9 14
1 9 24
1 9 14
1 9 26
1 9 14
1 9 26
1 9 3
1 9 0
1 9 26
1 9 3
1 9 28
1 9 25
1 9 26
1 9 31
1 9 14
1 9 13
1 9 24
1 9 3
1 9 12
1 9 31
1 9 24
1 9 14
1 9 25
1 9 25
1 9 21
1 9 24
1 9 25
1 9 25
1 9 26
1 9 26
1 9 26
1 9 23
1 9 24
1 9 24
1 9 0
1 9 15
1 9 31
1 9 26
1 9 24
1 9 3
1 9 31
1 9 25
1 9 24
1 9 3
1 9 14
1 9 14
1 9 4
1 9 3
1 9 31
1 9 14
1 9 25
1 9 11
1 9 22
1 9 14
1 9 25
1 9 3
1 9 25
1 9 12
1 9 4
1 9 26
1 9 13
1 9 24
1 9 13
1 9 21
1 9 3
1 9 28
1 9 25
1 9 31
1 9 14
1 9 26
1 9 31
1 9 26
1 9 26
1 9 0
1 9 14
1 9 25
1 9 25
1 9 13
1 9 24
1 9 4
1 9 24
1 9 14
1 9 31
1 9 24
1 9 25
1 9 26
1 9 25
1 9 14
1 9 26
1 9 24
1 9 24
1 9 25
1 9 13
1 9 25
1 9 15
1 9 26
1 9 3
1 9 25
1 9 14
1 9 13
1 9 25
1 9 0
1 9 24
1 9 3
1 9 14
1 9 24
1 9 14
1 9 3
1 9 14
1 9 25
1 9 15
1 9 15
1 9 3
1 9 24
1 9 24
1 9 3
1 9 14
1 9 25
1 9 11
1 9 3
1 9 24
1 9 28
1 9 26
1 9 26
1 9 4
1 9 12
1 9 14
1 9 25
1 9 31
1 9 28
1 9 25
1 9 12
1 9 14
1 9 3
1 9 21
1 9 26
1 9 26
1 9 3
1 9 26
1 9 24
1 9 3
1 9 13
1 9 24
1 9 25
1 9 28
1 9 25
1 9 24
1 9 31
1 9 26
1 9 31
1 9 24
1 9 28
1 9 14
1 9 22
1 9 25
1 9 26
1 9 25
1 9 24
1 9 25
1 9 25
1 9 25
1 9 26
1 9 12
1 9 28
1 9 14
1 9 14
1 9 23
1 9 4
1 9 26
1 9 13
1 9 26
1 9 26
1 9 13
1 9 24
1 9 31
1 9 31
1 9 26
1 9 26
1 9 28
1 9 25
1 9 26
1 9 24
1 9 26
1 9 24
1 9 25
1 9 3
1 9 14
1 9 25
1 9 14
1 9 24
1 10 25
1 10 26
1 10 23
1 10 1
1 10 25
1 10 3
1 10 26
1 10 23
1 10 11
1 10 23
1 10 26
1 10 4
1 10 30
1 10 21
1 10 15
1 10 11
1 10 26
1 10 23
1 10 14
1 10 15
1 10 24
1 10 15
1 10 26
1 10 25
1 10 21
1 10 3
1 10 3
1 10 14
1 10 25
1 10 26
1 10 26
1 10 12
1 10 26
1 10 26
1 10 23
1 10 25
1 10 11
1 10 25
1 10 26
1 10 25
1 10 23
1 10 4
1 10 25
1 10 23
1 10 23
1 10 23
1 10 15
1 10 26
1 10 3
1 10 3
1 10 26
1 10 21
1 10 26
1 10 25
1 10 25
1 10 26
1 10 10
1 10 26
1 10 12
1 10 26
1 10 25
1 10 14
1 10 26
1 10 14
1 10 11
1 10 26
1 10 0
1 10 25
1 10 25
1 10 23
1 10 25
1 10 26
1 10 23
1 10 25
1 10 14
1 10 2
1 10 25
1 10 26
1 10 25
1 10 14
1 10 26
1 10 26
1 10 25
1 10 26
1 10 24
1 10 14
1 10 26
1 10 4
1 10 15
1 10 25
1 10 30
1 11 25
1 11 25
1 11 25
1 11 25
1 11 31
1 11 25
1 11 25
1 11 26
1 11 26
1 11 25
1 11 0
1 11 25
1 11 4
1 11 25
1 11 25
1 11 31
1 11 25
1 11 26
1 11 25
1 11 25
1 11 31
1 11 25
1 11 25
1 11 25
1 11 26
1 11 25
1 11 25
1 11 25
1 11 25
1 11 25
1 11 24
1 11 25
1 11 24
1 11 25
1 11 25
1 11 25
1 11 25
1 11 25
1 11 25
1 11 25
1 11 26
1 11 26
1 11 25
1 11 26
1 11 25
1 11 31
1 11 25
1 11 25
1 11 26
1 11 25
1 11 26
1 11 26
1 11 25
1 11 25
1 11 25
1 11 25
1 11 25
1 11 25
1 11 26
1 11 26
1 11 25
1 11 25
1 11 25
1 11 25
1 11 25
1 11 26
1 12 25
1 12 12
1 12 14
1 12 0
1 12 21
1 12 14
1 12 14
1 12 23
1 12 26
1 12 15
1 12 11
1 12 25
1 12 3
1 12 21
1 12 26
1 12 14
1 12 15
1 12 24
1 12 26
1 12 3
1 12 4
1 12 26
1 12 4
1 12 24
1 12 3
1 12 2
1 12 26
1 12 25
1 12 3
1 12 25
1 12 30
1 12 14
1 12 15
1 12 15
1 12 2
1 12 15
1 12 3
1 12 26
1 12 26
1 12 22
1 12 25
1 12 23
1 12 0
1 12 24
1 12 23
1 12 26
1 12 21
1 12 25
1 12 0
1 12 3
1 12 11
1 12 3
1 12 2
1 12 10
1 12 14
1 12 14
1 12 4
1 12 31
1 12 21
1 12 11
1 12 13
1 12 26
1 12 26
1 12 22
1 12 15
1 12 31
1 12 11
1 12 23
1 12 11
1 12 25
1 12 21
1 12 4
1 12 26
1 12 25
1 12 23
1 12 4
1 12 15
1 12 30
1 12 13
1 12 14
1 12 31
1 12 24
1 12 26
1 12 25
1 12 25
1 12 11
1 12 31
1 12 4
1 12 22
1 12 30
1 12 24
1 12 2
1 12 26
1 12 25
1 12 21
1 12 14
1 12 12
1 12 26
1 12 4
1 12 25
1 12 31
1 12 25
1 12 31
1 12 12
1 12 12
1 12 26
1 12 3
1 12 14
1 12 26
1 12 25
1 12 31
1 12 25
1 12 24
1 12 29
1 12 12
1 12 3
1 12 23
1 12 13
1 12 3
1 12 15
1 12 4
1 12 15
1 12 12
1 12 4
1 12 22
1 12 3
1 12 10
1 12 2
1 12 25
1 12 4
1 12 26
1 12 25
1 12 14
1 12 14
1 12 3
1 12 3
1 12 14
1 12 10
1 12 13
1 12 11
1 12 22
1 12 3
1 12 22
1 12 27
1 12 26
1 12 26
1 12 13
1 12 26
1 12 24
1 12 14
1 12 11
1 12 25
1 12 26
1 12 25
1 12 0
1 12 3
1 12 26
1 12 24
1 12 0
1 12 21
1 12 22
1 12 28
1 12 26
1 12 3
1 12 13
1 12 26
1 12 25
1 12 14
1 12 22
1 12 4
1 12 26
1 12 14
1 12 4
1 12 25
1 12 12
1 12 31
1 12 31
1 12 22
1 12 26
1 12 26
1 12 14
1 12 3
1 12 15
1 12 22
1 12 23
1 12 13
1 12 15
1 12 13
1 12 15
1 12 25
1 12 26
1 12 25
1 12 23
1 12 15
1 12 30
1 12 15
1 12 26
1 12 10
1 12 12
1 12 21
1 12 31
1 12 22
1 12 25
1 12 22
1 12 11
1 12 26
1 12 15
1 12 10
1 12 8
1 12 31
1 12 21
1 12 22
1 12 25
1 12 4
1 12 26
1 12 31
1 12 22
1 12 26
1 12 3
1 12 10
1 12 11
1 12 4
1 12 30
1 12 29
1 12 25
1 12 1
1 12 25
1 12 15
1 12 3
1 12 30
1 12 26
1 12 31
1 12 14
1 12 23
1 12 31
1 12 22
1 12 11
1 12 15
1 12 31
1 12 2
1 12 11
1 12 26
1 12 26
1 12 4
1 12 21
1 12 30
1 12 15
1 12 14
1 12 15
1 12 21
1 12 24
1 12 4
1 12 26
1 12 26
1 12 15
1 12 14
1 12 4
1 12 30
1 12 25
1 12 5
1 12 3
1 12 26
1 12 25
1 12 3
1 12 23
1 12 14
1 12 11
1 12 11
1 12 26
1 12 25
1 12 25
1 12 10
1 12 2
1 12 11
1 12 21
1 12 26
1 12 15
1 12 26
1 12 23
1 12 31
1 12 21
1 12 26
1 12 1
1 12 13
1 12 25
1 12 25
1 12 25
1 12 21
1 12 22
1 12 15
1 12 13
1 12 3
1 12 24
1 12 26
1 12 10
1 12 25
1 12 14
1 12 3
1 12 3
1 12 25
1 12 14
1 12 3
1 12 8
1 12 3
1 12 13
1 12 3
1 12 31
1 12 25
1 12 25
1 12 11
1 12 15
1 12 23
1 12 24
1 12 14
1 12 15
1 12 10
1 12 25
1 12 3
1 12 25
1 12 15
1 12 26
1 12 0
1 12 25
1 12 15
1 12 22
1 12 23
1 12 22
1 12 25
1 12 22
1 12 21
1 12 12
1 12 25
1 12 11
1 12 25
1 12 26
1 12 25
1 12 3
1 12 31
1 12 25
1 12 2
1 12 30
1 12 4
1 12 15
1 12 21
1 12 14
1 12 14
1 12 26
1 12 23
1 12 15
1 12 22
1 12 2
1 12 14
1 12 26
1 12 13
1 12 2
1 12 2
1 12 15
1 12 26
1 12 15
1 12 15
1 12 13
1 12 12
1 12 26
1 12 0
1 12 3
1 12 13
1 12 31
1 12 3
1 12 23
1 12 26
1 12 26
1 12 22
1 12 25
1 12 24
1 12 26
1 12 3
1 12 21
1 12 4
1 12 26
1 12 3
1 12 26
1 12 25
1 12 26
1 12 3
1 12 25
1 12 26
1 12 22
1 12 4
1 12 23
1 12 11
1 12 25
1 12 3
1 12 31
1 12 25
1 12 26
1 12 3
1 12 25
1 12 11
1 12 15
1 12 26
1 12 10
1 12 25
1 12 14
1 12 1
1 12 26
1 12 25
1 12 10
1 12 22
1 12 22
1 12 3
1 12 26
1 12 13
1 12 10
1 12 25
1 12 12
1 12 26
1 12 26
1 12 15
1 12 25
1 12 3
1 12 21
1 12 26
1 12 31
1 12 21
1 12 3
1 12 0
1 12 23
1 12 25
1 12 3
1 12 15
1 12 14
1 12 27
1 12 0
1 12 26
1 12 0
1 12 4
1 12 4
1 12 25
1 12 25
1 12 13
1 12 31
1 12 3
1 12 25
1 12 23
1 12 10
1 12 31
1 12 26
1 12 21
1 12 26
1 12 15
1 12 2
1 12 22
1 12 26
1 12 11
1 12 4
1 12 31
1 12 11
1 12 14
1 12 22
1 12 22
1 12 26
1 12 4
1 12 25
1 12 26
1 12 26
1 12 25
1 12 25
1 12 22
1 12 31
1 12 3
1 12 21
1 12 26
1 12 25
1 12 22
1 12 14
1 12 29
1 12 26
1 12 26
1 12 23
1 12 25
1 12 23
1 12 25
1 12 21
1 12 0
1 12 4
1 12 4
1 12 15
1 12 11
1 12 21
1 12 30
1 12 23
1 12 26
1 12 22
1 12 3
1 12 11
1 12 3
1 12 26
1 12 30
1 12 21
1 12 25
1 12 22
1 12 24
1 12 10
1 12 15
1 12 26
1 12 26
1 12 25
1 12 22
1 12 25
1 12 15
1 12 22
1 12 26
1 12 23
1 12 4
1 12 25
1 12 25
1 12 10
1 12 25
1 12 26
1 12 12
1 12 13
1 12 24
1 12 3
1 12 25
1 12 25
1 12 26
1 12 31
1 12 27
1 12 3
1 12 2
1 12 15
1 12 30
1 12 12
1 12 10
1 12 11
1 12 26
1 12 25
1 12 15
1 12 3
1 12 25
1 12 23
1 12 2
1 12 14
1 12 22
1 12 27
1 12 26
1 12 26
1 12 25
1 12 3
1 12 1
1 12 14
1 12 31
1 12 25
1 12 25
1 12 31
1 12 11
1 12 10
1 12 11
1 12 4
1 12 26
1 12 11
1 12 11
1 12 25
1 12 11
1 13 22
1 13 24
1 13 25
1 13 26
1 13 26
1 13 25
1 13 21
1 13 14
1 13 24
1 13 10
1 13 31
1 13 24
1 13 3
1 13 25
1 13 14
1 13 3
1 13 25
1 13 30
1 13 14
1 13 25
1 13 25
1 13 22
1 13 14
1 13 25
1 13 25
1 13 15
1 13 13
1 13 25
1 13 25
1 13 25
1 13 25
1 13 25
1 13 15
1 13 22
1 13 21
1 13 21
1 13 26
1 13 31
1 13 26
1 13 1
1 13 25
1 13 14
1 13 31
1 13 23
1 13 31
1 13 15
1 13 14
1 13 26
1 13 22
1 13 21
1 13 23
1 13 24
1 13 26
1 13 14
1 13 15
1 13 12
1 13 14
1 13 25
1 13 25
1 13 24
1 13 14
1 13 31
1 13 10
1 13 25
1 13 25
1 13 26
1 13 25
1 13 11
1 13 14
1 13 24
1 13 25
1 13 31
1 13 24
1 13 3
1 13 12
1 13 26
1 13 26
1 13 25
1 13 3
1 13 3
1 13 14
1 13 10
1 13 13
1 13 26
1 13 0
1 13 14
1 13 26
1 13 14
1 13 25
1 13 26
1 13 25
1 13 14
1 13 3
1 13 25
1 13 25
1 13 23
1 13 25
1 13 25
1 13 25
1 13 2
1 13 25
1 13 25
1 13 14
1 13 3
1 13 14
1 13 2
1 13 21
1 13 23
1 13 26
1 13 25
1 13 14
1 13 14
1 13 31
1 13 2
1 13 26
1 13 25
1 13 26
1 13 24
1 13 30
1 13 15
1 13 25
1 13 31
1 13 3
1 13 14
1 13 14
1 13 14
1 13 30
1 13 10
1 13 21
1 13 25
1 13 14
1 13 25
1 13 22
1 13 3
1 13 0
1 13 11
1 13 31
1 13 25
1 13 3
1 13 3
1 13 0
1 13 31
1 13 25
1 13 3
1 13 22
1 13 26
1 13 31
1 13 22
1 13 1
1 13 11
1 13 22
1 13 31
1 13 3
1 13 21
1 13 11
1 13 25
1 13 31
1 13 13
1 13 25
1 13 3
1 13 26
1 13 25
1 13 25
1 13 25
1 13 31
1 13 25
1 13 3
1 13 25
1 13 31
1 13 11
1 13 26
1 13 15
1 13 26
1 13 3
1 13 25
1 13 3
1 13 3
1 13 25
1 13 25
1 13 25
1 13 21
1 13 29
1 13 8
1 13 25
1 13 22
1 13 31
1 13 23
1 13 4
1 13 30
1 13 3
1 13 25
1 13 30
1 13 26
1 13 25
1 13 4
1 13 25
1 13 3
1 13 29
1 13 26
1 13 25
1 13 25
1 13 3
1 13 22
1 13 24
1 13 3
1 13 2
1 13 26
1 13 3
1 13 26
1 13 14
1 13 26
1 13 3
1 13 14
1 13 25
1 13 15
1 13 25
1 13 3
1 13 25
1 13 22
1 13 22
1 13 25
1 13 3
1 13 25
1 13 3
1 13 23
1 13 31
1 13 3
1 13 26
1 13 15
1 13 25
1 13 14
1 13 24
1 13 25
1 13 21
1 13 26
1 13 30
1 13 15
1 13 25
1 13 14
1 13 11
1 13 14
1 13 25
1 13 14
1 13 3
1 13 25
1 13 31
1 13 23
1 13 25
1 13 3
1 13 3
1 13 25
1 13 14
1 13 25
1 13 24
1 13 24
1 13 25
1 13 25
1 13 3
1 13 13
1 13 31
1 13 14
1 13 25
1 13 0
1 13 31
1 13 27
1 13 31
1 13 25
1 13 3
1 13 14
1 13 12
1 13 0
1 13 15
1 13 23
1 13 26
1 13 25
1 13 26
1 13 23
1 13 23
1 13 25
1 13 14
1 13 14
1 13 27
1 13 6
1 13 25
1 13 31
1 13 14
1 13 30
1 13 10
1 13 0
1 13 14
1 13 15
1 13 14
1 13 11
1 13 3
1 13 4
1 13 31
1 13 31
1 13 25
1 13 10
1 13 12
1 13 3
1 13 11
1 13 23
1 13 25
1 13 25
1 13 14
1 13 25
1 13 3
1 13 26
1 13 22
1 13 26
1 13 25
1 13 26
1 13 12
1 13 25
1 13 25
1 13 31
1 13 25
1 13 25
1 13 14
1 13 3
1 13 25
1 13 26
1 13 24
1 13 25
1 13 3
1 13 25
1 13 25
1 13 25
1 13 14
1 13 31
1 13 26
1 13 31
1 13 14
1 13 23
1 13 22
1 13 25
1 13 3
1 13 3
1 13 25
1 13 22
1 13 31
1 13 25
1 13 25
1 13 25
1 13 3
1 13 25
1 13 0
1 13 25
1 13 14
1 13 25
1 13 25
1 13 23
1 13 15
1 13 26
1 13 26
1 13 25
1 13 24
1 13 10
1 13 3
1 13 25
1 13 25
1 13 14
1 13 11
1 13 24
1 13 3
1 13 3
1 13 25
1 13 25
1 13 14
1 13 21
1 13 31
1 13 25
1 13 24
1 13 3
1 13 14
1 13 25
1 13 25
1 13 26
1 13 26
1 13 11
1 13 22
1 13 25
1 13 14
1 13 15
1 13 0
1 13 26
1 13 25
1 13 31
1 13 31
1 13 14
1 13 14
1 13 25
1 13 25
1 13 25
1 13 31
1 13 14
1 13 26
1 13 26
1 13 25
1 13 23
1 13 25
1 13 3
1 13 25
1 13 31
1 13 31
1 13 10
1 13 0
1 13 31
1 13 26
1 13 26
1 13 25
1 13 31
1 13 26
1 13 25
1 13 14
1 13 15
1 13 11
1 13 21
1 13 25
1 13 14
1 13 14
1 13 31
1 13 25
1 13 10
1 13 24
1 13 26
1 13 25
1 13 25
1 13 2
1 13 24
1 13 21
1 13 25
1 13 26
1 13 21
1 13 3
1 13 23
1 13 14
1 13 25
1 13 15
1 13 14
1 13 24
1 13 22
1 13 22
1 13 26
1 13 25
1 13 21
1 13 23
1 13 31
1 13 21
1 13 25
1 13 24
1 13 23
1 13 0
1 13 26
1 13 25
1 13 31
1 13 0
1 13 10
1 13 24
1 13 11
1 13 25
1 13 15
1 13 25
1 13 3
1 13 24
1 13 25
1 13 12
1 13 3
1 13 11
1 13 25
1 13 31
1 13 28
1 13 31
1 13 25
1 13 2
1 13 14
1 13 15
1 13 26
1 13 25
1 13 2
1 13 25
1 13 15
1 13 14
1 13 22
1 13 15
1 13 11
1 13 3
1 13 25
1 13 11
1 13 3
1 13 22
1 13 21
1 13 23
1 13 25
1 13 0
1 13 25
1 13 22
1 13 26
1 13 25
1 13 22
1 13 25
1 13 23
1 13 24
1 13 31
1 13 26
1 13 25
1 13 3
1 13 13
1 13 31
1 13 25
1 13 23
1 13 25
1 13 15
1 13 14
1 13 24
1 13 15
1 13 15
1 13 10
1 13 25
1 13 14
1 13 26
1 13 3
1 13 25
1 13 21
1 13 25
1 13 26
1 13 14
1 13 15
1 13 25
1 13 22
1 13 23
1 13 31
1 13 3
1 13 25
1 13 0
1 13 24
1 13 14
1 13 25
1 13 15
1 13 25
1 13 3
1 13 26
1 13 30
1 13 14
1 13 26
1 13 14
1 13 3
1 13 15
1 13 14
1 13 25
1 13 22
1 13 31
1 13 3
1 13 31
1 13 31
1 13 24
1 13 25
1 13 29
1 13 0
1 13 24
1 13 31
1 13 3
1 13 26
1 13 31
1 13 0
1 13 31
1 13 22
1 13 25
1 13 24
1 13 13
1 13 26
1 13 26
1 13 15
1 13 31
1 13 3
1 13 25
1 13 14
1 13 14
1 13 25
1 13 26
1 13 23
1 13 30
1 13 27
1 13 25
1 13 25
1 13 24
1 13 25
1 13 23
1 13 31
1 13 14
1 13 26
1 13 3
1 13 25
1 13 2
1 13 25
1 13 25
1 13 23
1 13 26
1 13 21
1 13 3
1 13 31
1 13 31
1 13 31
1 13 24
1 13 7
1 13 11
1 13 25
1 13 25
1 13 26
1 13 23
1 13 14
1 13 31
1 13 3
1 13 31
1 13 12
1 13 24
1 13 3
1 13 25
1 13 25
1 13 3
1 13 14
1 13 14
1 13 4
1 13 22
1 13 24
1 13 4
1 13 25
1 13 31
1 13 25
1 13 22
1 13 14
1 13 25
1 13 11
1 13 25
1 13 3
1 13 21
1 13 26
1 13 14
1 13 31
1 13 25
1 13 14
1 13 24
1 13 30
1 13 4
1 13 15
1 13 25
1 13 30
1 13 12
1 13 25
1 13 24
1 13 25
1 13 27
1 13 26
1 13 25
1 13 3
1 13 31
1 13 14
1 13 31
1 13 31
1 13 25
1 13 31
1 13 15
1 13 29
1 13 23
1 13 3
1 13 14
1 13 10
1 13 25
1 13 25
1 13 1
1 13 15
1 13 15
1 13 26
1 13 26
1 13 24
1 13 22
1 13 13
1 13 23
1 13 23
1 13 26
1 13 3
1 13 12
1 13 15
1 13 3
1 13 3
1 13 21
1 13 25
1 13 14
1 13 26
1 13 31
1 13 4
1 13 31
1 13 23
1 13 25
1 13 14
1 13 14
1 13 25
1 13 25
1 13 12
1 13 24
1 13 25
1 13 25
1 13 15
1 13 30
1 13 14
1 13 25
1 13 14
1 13 26
1 13 14
1 13 31
1 13 15
1 13 26
1 13 23
1 13 22
1 13 14
1 13 3
1 13 25
1 13 25
1 13 14
1 13 10
1 13 14
1 13 26
1 13 23
1 13 31
1 13 30
1 13 29
1 13 7
1 13 26
1 13 23
1 13 26
1 13 22
1 13 13
1 13 31
1 13 31
1 13 25
1 13 31
1 13 15
1 13 26
1 13 23
1 13 26
1 13 23
1 13 25
1 13 26
1 13 15
1 13 15
1 13 25
1 13 27
1 13 12
1 13 25
1 13 4
1 13 25
1 13 1
1 13 15
1 13 12
1 13 31
1 13 25
1 13 2
1 13 25
1 13 21
1 13 12
1 13 14
1 13 14
1 13 2
1 13 14
1 13 25
1 13 13
1 13 13
1 13 25
1 13 24
1 13 26
1 13 3
1 13 26
1 13 25
1 13 31
1 13 10
1 13 26
1 13 14
1 13 25
1 13 25
1 13 13
1 13 25
1 13 25
1 13 25
0 5 10
0 5 26
0 5 26
0 5 26
0 5 26
0 5 4
0 5 4
0 5 22
0 5 26
0 5 26
0 5 26
0 5 26
0 5 26
0 8 22
0 8 22
0 8 22
0 8 25
0 8 3
0 8 3
0 8 0
0 8 0
0 8 21
0 8 22
0 8 22
0 8 24
0 8 25
0 8 3
0 8 4
0 8 0
0 8 2
0 3 22
0 3 23
0 3 25
0 3 26
0 3 3
0 3 3
0 3 4
0 3 3
0 3 3
0 3 3
0 7 24
0 7 24
0 7 24
0 7 25
0 7 25
0 7 25
0 7 3
0 7 3
0 2 25
0 2 25
0 2 26
0 2 3
0 2 3
0 2 3
0 2 3
0 2 3
0 2 3
0 7 10
0 7 22
0 7 23
0 7 23
0 7 4
0 7 4
0 7 4
0 7 0
0 7 2
0 7 4
0 3 26
0 3 26
0 3 26
0 3 26
0 3 26
0 3 3
0 3 3
0 3 24
0 3 25
0 3 25
0 3 26
0 3 26
0 3 26
0 3 4
0 3 0
0 3 21
0 3 22
0 3 25
0 3 26
0 3 26
0 3 26
0 3 4
0 3 4
0 3 21
0 3 21
0 3 24
0 3 25
0 3 3
0 3 3
0 3 3
0 3 1
0 3 2
0 3 3
0 3 21
0 3 22
0 3 23
0 3 24
0 3 3
0 3 3
0 3 4
0 3 3
0 3 3
0 3 3
0 5 25
0 5 25
0 5 25
0 5 14
0 5 14
0 5 26
0 5 26
0 2 25
0 2 25
0 2 25
0 2 25
0 2 25
0 2 3
0 2 4
0 2 3
0 2 3
0 7 21
0 7 22
0 7 22
0 7 22
0 7 11
0 7 11
0 7 3
0 7 3
0 7 3
0 7 3
0 8 22
0 8 22
0 8 14
0 8 26
0 8 26
0 8 15
0 8 4
0 8 4
0 8 3
0 8 3
0 8 22
0 8 22
0 8 22
0 8 11
0 8 11
0 8 24
0 8 24
0 8 8
0 8 3
0 8 22
0 8 25
0 8 26
0 8 26
0 8 26
0 8 26
0 8 4
0 8 4
0 8 2
0 8 3
0 2 25
0 2 25
0 2 25
0 2 25
0 2 25
0 2 14
0 3 26
0 5 11
0 5 24
0 5 24
0 5 24
0 5 24
0 5 3
0 5 3
0 5 3
0 5 2
0 5 3
0 5 3
0 7 10
0 7 22
0 7 23
0 7 12
0 7 24
0 7 24
0 7 3
0 7 3
0 7 0
0 7 0
0 3 24
0 3 25
0 3 25
0 3 25
0 3 14
0 3 14
0 3 4
0 3 4
0 3 2
0 3 3
0 8 21
0 8 25
0 8 25
0 8 25
0 8 25
0 8 3
0 8 3
0 8 3
0 8 3
0 8 3
0 8 3
0 8 12
0 8 25
0 8 25
0 8 25
0 8 3
0 8 3
0 8 3
0 8 3
0 8 3
0 8 3
0 8 3
0 8 3
0 3 25
0 3 26
0 3 26
0 3 15
0 3 3
0 3 3
0 3 4
0 3 3
0 3 3
0 3 3
0 2 23
0 2 25
0 2 25
0 2 25
0 2 25
0 2 3
0 2 4
0 2 4
0 2 3
0 2 4
0 2 4
0 11 22
0 11 22
0 11 22
0 11 22
0 11 22
0 11 25
0 11 25
0 11 3
0 11 0
0 7 21
0 7 10
0 7 10
0 7 22
0 7 22
0 7 23
0 7 23
0 7 4
0 7 4
0 3 10
0 3 23
0 3 25
0 3 3
0 3 3
0 3 3
0 3 3
0 3 3
0 3 3
0 3 3
0 3 3
0 3 3
0 3 3
0 5 25
0 5 25
0 5 26
0 5 26
0 5 31
0 5 31
0 5 4
0 5 7
0 3 22
0 3 25
0 3 25
0 3 25
0 3 26
0 3 31
0 3 31
0 3 3
0 3 3
0 8 22
0 8 22
0 8 24
0 8 25
0 8 25
0 8 30
0 8 30
0 8 31
0 3 25
0 3 25
0 3 25
0 3 26
0 3 3
0 3 4
0 3 4
0 3 8
0 3 4
0 3 4
0 2 25
0 2 26
0 2 26
0 2 26
0 2 26
0 2 4
0 2 4
0 2 3
0 2 4
0 4 11
0 4 25
0 4 25
0 4 25
0 4 26
0 4 3
0 4 3
0 4 4
0 4 3
0 4 3
0 4 4
0 4 2
0 4 3
0 4 3
0 4 4
0 4 2
0 4 8
0 4 8
0 4 8
0 4 23
0 4 14
0 4 26
0 4 26
0 4 26
0 4 26
0 4 31
0 4 4
0 4 5
0 4 24
0 4 25
0 4 25
0 4 25
0 4 14
0 4 30
0 4 30
0 4 3
0 4 3
0 9 22
0 9 22
0 9 22
0 9 22
0 9 22
0 9 22
0 9 4
0 9 4
0 9 3
0 9 8
0 9 22
0 9 22
0 9 23
0 9 24
0 9 25
0 9 25
0 9 3
0 9 3
0 9 1
0 9 6
0 9 22
0 9 22
0 9 22
0 9 11
0 9 23
0 9 23
0 9 23
0 9 4
0 9 2
0 6 10
0 6 23
0 6 24
0 6 24
0 6 13
0 6 13
0 6 25
0 6 4
0 6 3
0 6 21
0 6 22
0 6 25
0 6 25
0 6 25
0 6 3
0 6 3
0 6 4
0 6 0
0 6 1
0 6 2
0 6 24
0 6 13
0 6 13
0 6 25
0 6 25
0 6 3
0 6 4
0 10 4
0 6 0
0 6 4
0 6 4
0 3 23
0 3 23
0 3 24
0 3 25
0 3 25
0 3 25
0 3 30
0 3 3
0 3 7
0 9 12
0 9 24
0 9 24
0 9 24
0 9 3
0 9 3
0 9 3
0 9 4
0 9 1
0 9 2
0 9 3
0 9 8
0 4 23
0 4 12
0 4 12
0 4 12
0 4 24
0 4 4
0 4 4
0 4 4
0 4 2
0 4 3
0 4 8
0 5 25
0 5 30
0 5 30
0 5 30
0 7 22
0 7 22
0 7 25
0 7 25
0 7 25
0 7 25
0 7 3
0 7 3
0 7 0
0 7 3
0 10 21
0 10 25
0 10 25
0 10 25
0 10 25
0 10 3
0 10 4
0 10 4
0 10 2
0 10 3
0 10 3
0 5 26
0 5 26
0 5 15
0 5 15
0 5 15
0 5 15
0 5 3
0 5 2
0 10 24
0 10 25
0 10 25
0 10 25
0 10 2
0 10 3
0 10 3
0 10 4
0 10 2
0 10 3
0 10 3
0 10 4
0 4 22
0 4 23
0 4 23
0 4 23
0 4 3
0 4 3
0 4 3
0 4 3
0 4 2
0 4 3
0 4 3
0 4 3
0 2 25
0 2 25
0 2 25
0 2 25
0 2 25
0 2 25
0 2 25
0 2 3
0 2 3
0 8 22
0 8 22
0 8 22
0 8 13
0 8 25
0 8 26
0 8 3
0 8 4
0 8 3
0 8 3
0 4 10
0 4 10
0 4 22
0 4 13
0 4 25
0 4 3
0 4 3
0 4 3
0 4 2
0 4 3
0 4 3
0 3 25
0 3 26
0 3 26
0 3 26
0 3 2
0 3 4
0 3 4
0 3 3
0 3 3
0 3 4
0 3 21
0 3 21
0 3 10
0 3 3
0 3 3
0 3 3
0 3 3
0 3 3
0 3 0
0 3 2
0 3 3
0 3 3
0 3 3
0 4 23
0 4 13
0 4 13
0 4 25
0 4 25
0 4 25
0 4 3
0 4 3
0 4 0
0 4 3
0 10 23
0 10 25
0 10 26
0 10 31
0 10 31
0 10 4
0 10 0
0 8 21
0 8 22
0 8 22
0 8 25
0 8 26
0 8 31
0 8 3
0 8 4
0 8 7
0 8 3
0 5 24
0 5 13
0 5 25
0 5 26
0 5 26
0 5 15
0 5 31
0 5 3
0 5 3
0 3 25
0 3 26
0 3 26
0 3 26
0 3 3
0 3 3
0 3 4
0 3 3
0 3 3
0 3 4
0 3 23
0 3 24
0 3 25
0 3 25
0 3 25
0 3 3
0 3 3
0 3 3
0 3 3
0 3 3
0 3 3
0 10 11
0 10 23
0 10 23
0 10 24
0 10 3
0 10 3
0 10 4
0 10 4
0 10 3
0 10 3
0 10 3
0 10 3
0 4 23
0 4 13
0 4 14
0 4 26
0 4 26
0 4 31
0 4 3
0 4 4
0 4 2
0 4 3
0 7 22
0 7 22
0 7 22
0 7 22
0 7 23
0 7 12
0 7 24
0 7 4
0 7 3
0 4 22
0 4 12
0 4 12
0 4 24
0 4 25
0 4 25
0 4 3
0 4 3
0 4 7
0 4 3
0 8 10
0 8 22
0 8 22
0 8 22
0 8 23
0 8 24
0 8 24
0 8 3
0 8 3
0 9 21
0 9 22
0 9 23
0 9 23
0 9 24
0 9 13
0 9 3
0 9 3
0 9 0
0 9 7
0 8 22
0 8 14
0 8 26
0 8 26
0 8 26
0 8 31
0 8 3
0 8 4
0 8 3
0 8 8
0 5 24
0 5 24
0 5 25
0 5 25
0 5 26
0 5 31
0 5 3
0 5 4
0 5 3
0 5 8
0 6 3
0 4 25
0 4 25
0 7 3
0 7 4
0 7 4
0 7 6
0 7 4
0 7 4
0 7 25
0 7 25
0 7 25
0 8 21
0 8 22
0 8 22
0 8 22
0 8 22
0 8 26
0 8 26
0 8 4
0 8 3
0 4 11
0 4 23
0 4 23
0 4 12
0 4 3
0 4 4
0 4 4
0 4 4
0 4 3
0 4 3
0 4 3
0 4 3
0 3 13
0 3 25
0 3 25
0 3 25
0 3 26
0 3 26
0 3 4
0 3 4
0 3 3
0 3 3
0 6 24
0 6 25
0 6 25
0 6 14
0 6 26
0 6 2
0 6 4
0 6 4
0 6 3
0 6 3
0 6 4
0 7 22
0 7 11
0 7 11
0 7 23
0 7 23
0 7 23
0 7 23
0 7 4
0 7 3
0 11 0
0 11 3
0 7 22
0 7 11
0 7 11
0 7 23
0 7 23
0 7 23
0 7 3
0 7 3
0 7 2
0 7 2
0 4 23
0 4 23
0 4 13
0 4 25
0 4 25
0 4 4
0 4 4
0 4 4
0 4 3
0 4 3
0 4 3
0 3 24
0 3 24
0 3 25
0 3 25
0 3 26
0 3 26
0 3 3
0 3 4
0 3 2
0 3 3
0 3 23
0 3 25
0 3 3
0 3 3
0 3 3
0 3 3
0 3 3
0 3 3
0 3 3
0 3 3
0 3 3
0 3 3
0 3 22
0 3 22
0 3 12
0 3 25
0 3 25
0 3 3
0 3 4
0 3 4
0 3 7
0 3 3
0 3 3
0 8 22
0 8 22
0 8 22
0 8 26
0 8 26
0 8 31
0 8 31
0 8 3
0 8 1
0 8 22
0 8 24
0 8 25
0 8 25
0 8 25
0 8 30
0 8 3
0 8 4
0 8 0
0 8 3
0 3 23
0 3 24
0 3 25
0 3 14
0 3 26
0 3 31
0 3 31
0 3 3
0 3 3
0 8 10
0 8 22
0 8 22
0 8 22
0 8 26
0 8 31
0 8 31
0 8 31
0 9 22
0 9 23
0 9 23
0 9 24
0 9 24
0 9 3
0 9 3
0 9 4
0 9 1
0 9 1
0 9 3
0 4 23
0 4 24
0 4 24
0 4 25
0 4 25
0 4 26
0 4 26
0 4 3
0 4 2
0 7 22
0 7 23
0 7 23
0 7 12
0 7 13
0 7 31
0 7 3
0 7 4
0 7 2
0 7 2
0 9 22
0 9 22
0 9 11
0 9 23
0 9 23
0 9 23
0 9 4
0 9 4
0 9 4
0 9 4
0 8 10
0 8 13
0 8 25
0 8 25
0 8 3
0 8 3
0 8 3
0 8 4
0 8 3
0 8 3
0 8 3
0 8 3
0 8 21
0 8 22
0 8 22
0 8 11
0 8 12
0 8 30
0 8 3
0 8 3
0 8 7
0 8 8
0 7 21
0 7 22
0 7 22
0 7 22
0 7 22
0 7 28
0 7 3
0 7 3
0 7 0
0 7 0
0 6 22
0 6 22
0 6 22
0 6 24
0 6 24
0 6 24
0 6 24
0 6 3
0 6 3
0 5 12
0 5 24
0 5 24
0 5 24
0 5 24
0 5 3
0 5 3
0 5 4
0 5 1
0 5 3
0 5 3
0 4 25
0 4 25
0 4 14
0 4 3
0 4 3
0 4 3
0 4 3
0 4 0
0 4 8
0 4 8
0 4 8
0 9 22
0 9 23
0 9 23
0 9 23
0 9 3
0 9 4
0 9 4
0 9 4
0 9 2
0 9 4
0 9 4
0 9 4
0 7 22
0 7 22
0 7 22
0 7 23
0 7 23
0 7 23
0 7 4
0 7 4
0 7 0
0 7 4
0 7 21
0 7 24
0 7 24
0 7 25
0 7 25
0 7 4
0 7 4
0 7 4
0 7 0
0 7 1
0 7 4
0 4 21
0 4 23
0 4 24
0 4 26
0 4 26
0 4 3
0 4 4
0 4 4
0 4 2
0 4 2
0 4 3
0 9 22
0 9 23
0 9 24
0 9 24
0 9 24
0 9 3
0 9 4
0 9 4
0 9 2
0 9 3
0 9 3
0 5 25
0 5 26
0 5 26
0 5 26
0 5 26
0 5 4
0 5 4
0 5 3
0 5 3
0 4 10
0 4 10
0 4 11
0 4 23
0 4 23
0 4 12
0 4 24
0 4 4
0 4 4
0 5 13
0 5 25
0 5 25
0 5 14
0 5 26
0 5 26
0 5 26
0 5 3
0 5 3
0 5 24
0 5 25
0 5 25
0 5 25
0 5 26
0 5 26
0 5 26
0 5 3
0 5 2
0 9 22
0 9 22
0 9 23
0 9 23
0 9 25
0 9 4
0 9 4
0 9 4
0 9 7
0 9 3
0 9 4
0 6 10
0 6 12
0 6 24
0 6 24
0 6 25
0 6 25
0 6 4
0 6 4
0 6 1
0 6 3
0 4 22
0 4 25
0 4 14
0 4 14
0 4 14
0 4 30
0 4 30
0 4 4
0 4 0
0 9 22
0 9 11
0 9 23
0 9 23
0 9 12
0 9 24
0 9 3
0 9 4
0 9 7
0 9 3
0 6 23
0 6 25
0 6 25
0 6 25
0 6 15
0 6 15
0 6 31
0 6 4
0 6 8
0 8 22
0 8 23
0 8 25
0 8 25
0 8 26
0 8 31
0 8 3
0 8 3
0 8 2
0 8 8
0 7 22
0 7 23
0 7 23
0 7 26
0 7 2
0 7 4
0 7 4
0 7 4
0 7 3
0 7 3
0 7 4
0 7 4
0 4 21
0 4 22
0 4 22
0 4 23
0 4 24
0 4 31
0 4 3
0 4 4
0 4 6
0 4 3
0 8 21
0 8 21
0 8 21
0 8 22
0 8 23
0 8 23
0 8 3
0 8 3
0 8 0
0 8 6
0 7 22
0 7 23
0 7 24
0 7 13
0 7 25
0 7 4
0 7 4
0 7 4
0 7 0
0 7 6
0 7 4
0 7 10
0 7 22
0 7 11
0 7 23
0 7 23
0 7 13
0 7 30
0 7 3
0 7 0
0 4 10
0 4 23
0 4 12
0 4 24
0 4 26
0 4 26
0 4 2
0 4 4
0 4 2
0 4 2
0 4 24
0 4 24
0 4 25
0 4 26
0 4 26
0 4 31
0 4 3
0 4 4
0 4 7
0 4 8
0 4 13
0 4 25
0 4 25
0 4 26
0 4 26
0 4 31
0 4 3
0 4 4
0 4 1
0 4 3
0 3 25
0 3 25
0 3 26
0 3 26
0 3 31
0 3 4
0 3 4
0 3 0
0 3 8
0 8 21
0 8 22
0 8 23
0 8 24
0 8 25
0 8 25
0 8 30
0 8 3
0 8 7
0 5 25
0 5 25
0 5 25
0 5 26
0 5 31
0 5 31
0 5 31
0 8 10
0 8 22
0 8 22
0 8 11
0 8 23
0 8 28
0 8 25
0 8 3
0 8 3
0 8 22
0 8 25
0 8 26
0 8 26
0 8 31
0 8 31
0 8 3
0 8 3
0 4 13
0 4 25
0 4 25
0 3 25
0 3 25
0 3 26
0 3 26
0 3 26
0 3 4
0 3 4
0 3 2
0 3 2
0 8 21
0 8 21
0 8 10
0 8 22
0 8 11
0 8 25
0 8 26
0 8 3
0 8 3
0 6 22
0 6 22
0 6 23
0 6 24
0 6 24
0 6 25
0 6 25
0 6 4
0 6 0
0 3 25
0 3 26
0 3 26
0 3 26
0 3 15
0 3 4
0 3 4
0 3 3
0 3 3
0 4 10
0 4 22
0 4 23
0 4 23
0 4 15
0 4 4
0 4 2
0 5 24
0 5 24
0 4 21
0 4 21
0 4 22
0 4 23
0 4 23
0 4 25
0 4 26
0 4 4
0 4 1
0 3 23
0 3 23
0 3 25
0 3 26
0 3 26
0 3 3
0 3 4
0 3 4
0 3 3
0 3 4
0 3 4
0 8 21
0 8 21
0 8 21
0 8 22
0 8 11
0 8 25
0 8 26
0 8 26
0 8 21
0 8 22
0 8 23
0 8 14
0 8 26
0 8 26
0 8 3
0 8 4
0 8 1
0 8 3
0 8 21
0 8 10
0 8 10
0 8 10
0 8 22
0 8 22
0 8 22
0 8 3
0 8 2
0 7 21
0 7 22
0 7 22
0 7 22
0 7 11
0 7 11
0 7 23
0 7 1
0 7 0
0 4 14
0 4 26
0 4 26
0 4 26
0 4 15
0 4 15
0 4 4
0 4 3
0 7 24
0 7 13
0 7 25
0 7 25
0 7 25
0 7 3
0 7 3
0 7 4
0 7 1
0 7 2
0 7 2
0 7 22
0 7 23
0 7 23
0 7 23
0 7 23
0 7 23
0 7 3
0 7 3
0 7 3
0 7 3
0 5 25
0 5 25
0 5 25
0 5 26
0 5 26
0 5 26
0 5 26
0 8 21
0 8 11
0 8 25
0 8 25
0 8 26
0 8 3
0 8 3
0 8 4
0 8 2
0 8 3
0 8 3
0 7 22
0 7 12
0 7 12
0 7 24
0 7 24
0 7 24
0 7 4
0 7 4
0 7 0
0 7 4
0 6 23
0 6 23
0 6 23
0 6 23
0 6 23
0 6 12
0 6 12
0 6 3
0 6 0
0 3 22
0 3 22
0 3 23
0 3 25
0 3 25
0 3 25
0 3 14
0 3 4
0 3 4
0 2 25
0 2 14
0 2 14
0 2 26
0 2 26
0 2 26
0 2 3
0 2 3
0 2 25
0 2 25
0 4 15
0 4 15
0 3 3
0 3 4
0 2 4
0 2 4
0 3 25
0 3 3
0 3 3
0 3 3
0 3 3
0 3 4
0 3 3
0 3 3
0 3 3
0 3 3
0 3 3
0 8 14
0 8 14
0 8 26
0 8 26
0 8 15
0 8 15
0 8 4
0 8 0
0 7 21
0 7 10
0 7 22
0 7 22
0 7 22
0 7 23
0 7 3
0 7 3
0 7 0
0 7 3
0 6 10
0 6 22
0 6 23
0 6 23
0 6 24
0 6 13
0 6 25
0 6 3
0 6 1
0 6 22
0 6 23
0 6 23
0 6 23
0 6 24
0 6 24
0 6 24
0 6 3
0 6 2
0 8 11
0 3 26
0 3 15
0 3 15
0 8 3
0 8 3
0 8 4
0 3 3
0 8 3
0 8 3
0 6 22
0 6 22
0 6 22
0 6 23
0 6 23
0 6 3
0 6 3
0 6 3
0 6 1
0 6 3
0 6 3
0 5 24
0 5 26
0 5 26
0 5 26
0 5 26
0 5 26
0 5 26
0 6 21
0 6 10
0 6 23
0 6 23
0 6 23
0 6 3
0 6 3
0 6 4
0 6 2
0 6 3
0 6 3
0 7 11
0 7 11
0 7 11
0 7 23
0 7 23
0 7 23
0 7 23
0 7 24
0 5 24
0 7 12
0 7 12
0 7 24
0 7 24
0 7 24
0 7 3
0 7 3
0 7 3
0 7 0
0 7 1
0 7 2
0 4 22
0 4 11
0 4 12
0 4 25
0 4 25
0 4 14
0 4 26
0 4 3
0 4 3
0 7 22
0 7 23
0 7 23
0 7 23
0 7 24
0 7 13
0 7 4
0 7 4
0 7 0
0 7 3
0 5 25
0 5 26
0 5 26
0 5 26
0 5 15
0 5 15
0 5 4
0 5 3
0 7 22
0 7 22
0 7 22
0 7 11
0 7 11
0 7 11
0 7 11
0 7 4
0 7 3
0 3 3
0 10 4
0 10 3
0 7 4
0 8 22
0 8 22
0 8 23
0 3 28
0 4 23
0 4 24
0 7 4
0 7 4
0 7 4
0 6 21
0 6 21
0 6 22
0 7 3
0 7 4
0 7 4
0 4 1
0 4 2
0 7 2
