# Parameters: nPorts nContainers
13 5204
# Transport type: id length=(20,40) weight type=(DC,RC,HC,HR)
0 20 3 DC
1 20 9 DC
2 20 14 DC
3 20 21 DC
4 20 27 DC
5 20 3 RC
6 20 9 RC
7 20 14 RC
8 20 21 RC
9 20 27 RC
10 40 3 DC
11 40 6 DC
12 40 9 DC
13 40 14 DC
14 40 21 DC
15 40 27 DC
16 40 3 RC
17 40 9 RC
18 40 14 RC
19 40 21 RC
20 40 27 RC
21 40 3 HC
22 40 6 HC
23 40 9 HC
24 40 14 HC
25 40 21 HC
26 40 27 HC
27 40 3 HR
28 40 9 HR
29 40 14 HR
30 40 21 HR
31 40 27 HR
32 40 3 HC
33 40 6 HC
34 40 9 HC
35 40 14 HC
36 40 21 HC
37 40 27 HC
# Container: startPort endPort typeId [bay stack tier slot]
0 5 25 1 2 12 1
0 5 25 1 2 13 1
0 5 25 1 2 14 1
0 1 25 1 2 15 1
0 1 25 1 2 16 1
0 6 23 1 2 17 1
0 5 2 1 4 12 1
0 5 3 1 4 12 2
0 5 26 1 4 13 1
0 5 25 1 4 14 1
0 5 25 1 4 15 1
0 5 25 1 4 16 1
0 5 22 1 4 17 1
0 5 15 1 5 12 1
0 5 26 1 5 13 1
0 5 26 1 5 14 1
0 9 22 1 5 15 1
0 9 21 1 5 16 1
0 9 21 1 5 17 1
0 7 15 1 6 9 1
0 7 23 1 6 10 1
0 7 4 1 7 8 1
0 7 4 1 7 8 2
0 7 3 1 7 9 1
0 7 3 1 7 9 2
0 7 3 1 7 10 1
0 7 3 1 7 10 2
0 8 1 1 9 6 1
0 7 4 1 9 6 2
0 7 0 1 9 7 1
0 7 3 1 9 7 2
0 7 25 1 9 8 1
0 5 4 1 10 3 1
0 5 4 1 10 3 2
0 5 4 1 10 4 1
0 5 4 1 10 4 2
0 5 4 1 10 5 1
0 5 4 1 10 5 2
0 5 3 1 10 6 1
0 5 4 1 10 6 2
0 5 3 1 10 7 1
0 5 4 1 10 7 2
0 5 24 1 10 8 1
0 5 23 1 10 9 1
0 3 3 1 11 3 1
0 3 4 1 11 3 2
0 3 3 1 11 4 1
0 3 3 1 11 4 2
0 3 3 1 11 5 1
0 3 3 1 11 5 2
0 3 2 1 11 6 1
0 3 3 1 11 6 2
0 3 26 1 11 7 1
0 3 25 1 11 8 1
0 3 25 1 11 9 1
0 9 0 1 12 6 1
0 9 0 1 12 6 2
0 9 22 1 13 8 1
0 3 26 1 14 8 1
0 3 4 1 15 9 1
0 3 4 1 15 9 2
0 3 3 1 15 10 1
0 3 3 1 15 10 2
0 3 1 2 1 12 1
0 3 3 2 1 12 2
0 3 26 2 1 13 1
0 3 26 2 1 14 1
0 3 26 2 1 15 1
0 3 26 2 1 16 1
0 3 26 2 1 17 1
0 7 22 2 1 18 1
0 11 25 2 2 12 1
0 11 25 2 2 13 1
0 11 23 2 2 14 1
0 11 23 2 2 15 1
0 11 22 2 2 16 1
0 11 21 2 2 17 1
0 4 24 2 3 12 1
0 4 22 2 3 13 1
0 11 11 2 3 14 1
0 11 4 2 4 12 1
0 11 4 2 4 12 2
0 11 3 2 4 13 1
0 11 4 2 4 13 2
0 11 3 2 4 14 1
0 11 2 2 4 14 2
0 11 15 2 4 15 1
0 11 14 2 4 16 1
0 11 25 2 4 17 1
0 9 25 2 5 12 1
0 9 13 2 5 13 1
0 9 24 2 5 14 1
0 9 23 2 5 15 1
0 9 23 2 5 16 1
0 9 23 2 5 17 1
0 9 22 2 5 18 1
0 5 26 2 6 12 1
0 5 24 2 6 13 1
0 6 24 2 6 14 1
0 6 24 2 6 15 1
0 6 24 2 6 16 1
0 6 12 2 6 17 1
0 6 22 2 6 18 1
0 8 25 2 7 12 1
0 8 23 2 7 13 1
0 5 22 2 7 14 1
0 5 22 2 7 15 1
0 5 22 2 7 16 1
0 8 25 2 8 12 1
0 8 11 2 8 13 1
0 8 14 2 10 12 1
0 8 25 2 10 13 1
0 1 4 2 16 12 1
0 4 4 2 16 12 2
0 1 4 2 16 13 1
0 4 3 2 16 13 2
0 9 23 2 19 12 1
0 9 23 2 19 13 1
0 9 23 2 19 14 1
0 9 23 2 19 15 1
0 9 11 2 19 16 1
0 9 11 2 19 17 1
0 9 11 2 19 18 1
0 5 2 2 20 12 1
0 5 2 2 20 12 2
0 5 15 2 20 13 1
0 5 25 2 20 14 1
0 5 25 2 20 15 1
0 5 25 2 20 16 1
0 5 22 2 20 17 1
0 5 21 2 20 18 1
0 8 15 2 6 7 1
0 8 15 2 7 5 1
0 9 24 2 7 6 1
0 9 24 2 7 7 1
0 9 24 2 7 8 1
0 9 24 2 7 9 1
0 8 0 2 8 5 1
0 8 4 2 8 5 2
0 8 25 2 8 6 1
0 8 25 2 8 7 1
0 8 0 2 9 3 1
0 8 0 2 9 3 2
0 9 10 2 9 4 1
0 9 10 2 9 5 1
0 9 21 2 9 6 1
0 9 12 2 10 0 1
0 9 12 2 10 1 1
0 9 11 2 10 2 1
0 9 11 2 10 3 1
0 9 11 2 10 4 1
0 9 11 2 10 5 1
0 9 11 2 10 6 1
0 9 11 2 10 7 1
0 9 11 2 10 8 1
0 9 10 2 10 9 1
0 9 21 2 10 10 1
0 6 15 2 12 3 1
0 6 26 2 12 4 1
0 4 26 2 12 5 1
0 3 14 2 12 6 1
0 3 14 2 12 7 1
0 3 14 2 12 8 1
0 4 24 2 12 9 1
0 3 26 3 0 12 1
0 3 26 3 0 13 1
0 3 26 3 0 14 1
0 3 0 3 5 12 1
0 3 4 3 5 12 2
0 3 26 3 5 13 1
0 3 26 3 5 14 1
0 2 3 3 6 12 1
0 2 3 3 6 12 2
0 2 2 3 6 13 1
0 2 3 3 6 13 2
0 2 24 3 6 14 1
0 2 24 3 6 15 1
0 2 24 3 6 16 1
0 2 12 3 6 17 1
0 2 12 3 6 18 1
0 8 26 3 8 12 1
0 2 0 3 9 12 1
0 2 4 3 9 12 2
0 2 15 3 9 13 1
0 2 14 3 9 14 1
0 2 14 3 9 15 1
0 2 3 3 10 12 1
0 2 4 3 10 12 2
0 2 14 3 10 13 1
0 2 14 3 10 14 1
0 2 14 3 10 15 1
0 2 14 3 10 16 1
0 2 14 3 10 17 1
0 2 14 3 10 18 1
0 3 3 3 17 12 1
0 3 3 3 17 12 2
0 3 26 3 17 13 1
0 3 26 3 17 14 1
0 3 26 3 17 15 1
0 3 14 3 17 16 1
0 3 25 3 17 17 1
0 3 0 3 18 12 1
0 3 3 3 18 12 2
0 5 3 3 20 12 1
0 5 4 3 20 12 2
0 5 26 3 20 13 1
0 5 26 3 20 14 1
0 5 26 3 20 15 1
0 5 26 3 20 16 1
0 1 3 3 21 12 1
0 1 4 3 21 12 2
0 1 3 3 21 13 1
0 1 3 3 21 13 2
0 1 3 3 21 14 1
0 1 3 3 21 14 2
0 1 3 3 21 15 1
0 1 3 3 21 15 2
0 1 1 3 21 16 1
0 1 1 3 21 16 2
0 1 23 3 21 17 1
0 1 23 3 21 18 1
0 9 12 3 3 9 1
0 9 22 3 3 10 1
0 3 2 3 4 8 1
0 3 3 3 4 8 2
0 3 0 3 4 9 1
0 3 3 3 4 9 2
0 3 14 3 4 10 1
0 3 3 3 5 6 1
0 3 3 3 5 6 2
0 3 15 3 5 7 1
0 3 26 3 5 8 1
0 3 25 3 5 9 1
0 3 3 3 6 4 1
0 3 3 3 6 4 2
0 3 26 3 6 5 1
0 3 26 3 6 6 1
0 3 26 3 6 7 1
0 3 26 3 6 8 1
0 3 26 3 6 9 1
0 5 0 3 8 3 1
0 5 3 3 8 3 2
0 5 25 3 8 4 1
0 5 24 3 8 5 1
0 5 24 3 8 6 1
0 5 22 3 8 7 1
0 5 10 3 8 8 1
0 9 0 3 9 2 1
0 9 3 3 9 2 2
0 9 0 3 9 3 1
0 9 2 3 9 3 2
0 9 13 3 9 4 1
0 9 11 3 9 5 1
0 9 11 3 9 6 1
0 9 10 3 9 7 1
0 9 10 3 9 8 1
0 9 10 3 9 9 1
0 9 21 3 9 10 1
0 2 3 3 10 0 1
0 2 3 3 10 0 2
0 2 2 3 10 1 1
0 2 3 3 10 1 2
0 2 26 3 10 2 1
0 2 25 3 10 3 1
0 2 24 3 10 4 1
0 2 24 3 10 5 1
0 2 12 3 10 6 1
0 2 12 3 10 7 1
0 2 22 3 10 8 1
0 2 22 3 10 9 1
0 7 25 3 11 0 1
0 7 25 3 11 1 1
0 7 11 3 11 2 1
0 7 10 3 11 3 1
0 5 26 3 13 3 1
0 5 25 3 13 4 1
0 3 24 3 13 5 1
0 3 25 3 14 4 1
0 3 13 3 14 5 1
0 3 13 3 14 6 1
0 3 12 3 14 7 1
0 3 22 3 14 8 1
0 3 22 3 14 9 1
0 7 3 3 15 4 1
0 7 3 3 15 4 2
0 7 23 3 15 5 1
0 7 21 3 15 6 1
0 4 2 3 16 6 1
0 4 3 3 16 6 2
0 4 2 3 16 7 1
0 4 3 3 16 7 2
0 4 2 3 16 8 1
0 4 3 3 16 8 2
0 4 15 3 16 9 1
0 4 24 3 16 10 1
0 6 1 3 18 9 1
0 6 3 3 18 9 2
0 9 13 3 19 9 1
0 6 12 3 19 10 1
0 3 0 4 0 12 1
0 3 4 4 0 12 2
0 3 26 4 0 13 1
0 3 26 4 0 14 1
0 3 14 4 0 15 1
0 3 14 4 0 16 1
0 3 25 4 0 17 1
0 3 25 4 0 18 1
0 5 26 4 1 12 1
0 3 26 4 1 13 1
0 3 26 4 1 14 1
0 3 26 4 1 15 1
0 4 3 4 3 12 1
0 4 4 4 3 12 2
0 4 3 4 3 13 1
0 4 3 4 3 13 2
0 4 22 4 3 14 1
0 4 22 4 3 15 1
0 4 22 4 3 16 1
0 4 22 4 3 17 1
0 4 21 4 3 18 1
0 4 3 4 4 12 1
0 4 3 4 4 12 2
0 4 2 4 4 13 1
0 4 3 4 4 13 2
0 4 26 4 4 14 1
0 4 25 4 4 15 1
0 4 13 4 4 16 1
0 4 13 4 4 17 1
0 4 24 4 4 18 1
0 2 4 4 7 12 1
0 2 4 4 7 12 2
0 2 3 4 7 13 1
0 2 3 4 7 13 2
0 2 3 4 7 14 1
0 2 3 4 7 14 2
0 2 15 4 7 15 1
0 2 15 4 7 16 1
0 2 25 4 7 17 1
0 8 23 4 2 9 1
0 5 4 4 3 9 1
0 5 4 4 3 9 2
0 5 26 4 3 10 1
0 6 22 4 4 8 1
0 6 22 4 4 9 1
0 5 4 4 5 6 1
0 5 4 4 5 6 2
0 5 4 4 5 7 1
0 5 4 4 5 7 2
0 5 3 4 5 8 1
0 5 4 4 5 8 2
0 5 15 4 5 9 1
0 5 26 4 5 10 1
0 3 25 4 7 4 1
0 3 25 4 7 5 1
0 3 25 4 7 6 1
0 3 24 4 7 7 1
0 3 24 4 7 8 1
0 3 22 4 7 9 1
0 8 26 4 8 3 1
0 8 14 4 8 4 1
0 8 25 4 8 5 1
0 8 22 4 8 6 1
0 8 22 4 8 7 1
0 8 1 4 9 2 1
0 8 3 4 9 2 2
0 8 25 4 9 3 1
0 8 25 4 9 4 1
0 8 24 4 9 5 1
0 8 23 4 9 6 1
0 8 10 4 9 7 1
0 8 21 4 9 8 1
0 2 14 4 10 0 1
0 2 25 4 10 1 1
0 2 24 4 10 2 1
0 2 12 4 10 3 1
0 2 23 4 10 4 1
0 2 23 4 10 5 1
0 2 23 4 10 6 1
0 2 23 4 10 7 1
0 2 23 4 10 8 1
0 2 23 4 10 9 1
0 3 24 4 13 3 1
0 3 22 4 13 4 1
0 3 22 4 13 5 1
0 3 22 4 13 6 1
0 3 3 4 14 4 1
0 3 3 4 14 4 2
0 3 26 4 14 5 1
0 3 14 4 14 6 1
0 3 25 4 14 7 1
0 3 23 4 14 8 1
0 3 22 4 14 9 1
0 3 25 4 15 4 1
0 3 25 4 15 5 1
0 3 25 4 15 6 1
0 3 24 4 15 7 1
0 3 11 4 15 8 1
0 3 22 4 15 9 1
0 3 7 5 1 8 1
0 3 7 5 1 8 2
0 3 14 5 1 9 1
0 3 23 5 1 10 1
0 5 4 5 3 6 1
0 5 4 5 3 6 2
0 5 27 5 3 7 1
0 5 27 5 3 8 1
0 3 3 5 4 5 1
0 3 4 5 4 5 2
0 3 3 5 4 6 1
0 3 3 5 4 6 2
0 3 7 5 4 7 1
0 3 3 5 4 7 2
0 3 30 5 4 8 1
0 3 21 5 4 9 1
0 2 3 5 6 2 1
0 2 4 5 6 2 2
0 2 2 5 6 3 1
0 2 8 5 6 3 2
0 2 31 5 6 4 1
0 2 30 5 6 5 1
0 2 30 5 6 6 1
0 2 12 5 6 7 1
0 2 23 5 6 8 1
0 2 23 5 6 9 1
0 3 23 5 7 1 1
0 3 23 5 7 2 1
0 3 23 5 7 3 1
0 3 23 5 7 4 1
0 3 22 5 7 5 1
0 3 22 5 7 6 1
0 3 10 5 7 7 1
0 3 10 5 7 8 1
0 3 21 5 7 9 1
0 2 3 5 9 1 1
0 2 3 5 9 1 2
0 2 1 5 9 2 1
0 2 3 5 9 2 2
0 7 30 5 9 3 1
0 7 30 5 9 4 1
0 7 30 5 9 5 1
0 7 30 5 9 6 1
0 7 22 5 9 7 1
0 2 3 5 10 1 1
0 2 4 5 10 1 2
0 2 3 5 10 2 1
0 2 4 5 10 2 2
0 2 3 5 10 3 1
0 2 4 5 10 3 2
0 2 2 5 10 4 1
0 2 4 5 10 4 2
0 2 2 5 10 5 1
0 2 4 5 10 5 2
0 2 1 5 10 6 1
0 2 3 5 10 6 2
0 2 31 5 10 7 1
0 2 31 5 10 8 1
0 2 24 5 10 9 1
0 2 3 5 11 1 1
0 2 3 5 11 1 2
0 2 30 5 11 2 1
0 2 30 5 11 3 1
0 2 25 5 11 4 1
0 2 25 5 11 5 1
0 2 13 5 11 6 1
0 2 13 5 11 7 1
0 2 13 5 11 8 1
0 2 24 5 11 9 1
0 9 0 5 12 1 1
0 9 4 5 12 1 2
0 9 29 5 12 2 1
0 9 11 5 12 3 1
0 9 11 5 12 4 1
0 9 11 5 12 5 1
0 9 11 5 12 6 1
0 9 11 5 12 7 1
0 9 11 5 12 8 1
0 9 10 5 12 9 1
0 9 10 5 12 10 1
0 8 31 5 13 1 1
0 6 26 5 13 2 1
0 6 25 5 13 3 1
0 6 25 5 13 4 1
0 5 30 5 13 5 1
0 5 24 5 13 6 1
0 4 28 5 14 1 1
0 2 12 5 14 2 1
0 2 23 5 14 3 1
0 2 23 5 14 4 1
0 2 23 5 14 5 1
0 2 23 5 14 6 1
0 2 11 5 14 7 1
0 2 21 5 14 8 1
0 6 25 5 15 2 1
0 9 3 5 17 5 1
0 9 3 5 17 5 2
0 9 1 5 17 6 1
0 9 3 5 17 6 2
0 9 29 5 17 7 1
0 9 24 5 17 8 1
0 9 24 5 17 9 1
0 3 7 5 19 7 1
0 3 3 5 19 7 2
0 3 31 5 19 8 1
0 3 15 5 19 9 1
0 3 14 5 19 10 1
0 2 3 6 17 12 1
0 2 3 6 17 12 2
0 2 3 6 17 13 1
0 2 3 6 17 13 2
0 2 26 6 17 14 1
0 2 26 6 17 15 1
0 2 24 6 17 16 1
0 4 15 6 18 12 1
0 4 15 6 18 13 1
0 4 26 6 18 14 1
0 4 26 6 18 15 1
0 4 26 6 18 16 1
0 6 3 6 19 12 1
0 6 3 6 19 12 2
0 6 26 6 19 13 1
0 6 26 6 19 14 1
0 6 14 6 19 15 1
0 8 0 6 1 8 1
0 8 3 6 1 8 2
0 8 14 6 1 9 1
0 8 25 6 1 10 1
0 4 4 6 2 7 1
0 5 4 6 2 7 2
0 4 4 6 2 8 1
0 4 4 6 2 8 2
0 4 3 6 2 9 1
0 4 4 6 2 9 2
0 1 24 6 2 10 1
0 1 2 6 3 6 1
0 1 4 6 3 6 2
0 1 14 6 3 7 1
0 1 12 6 3 8 1
0 1 11 6 3 9 1
0 1 21 6 3 10 1
0 9 0 6 5 4 1
0 9 3 6 5 4 2
0 9 0 6 5 5 1
0 9 3 6 5 5 2
0 9 24 6 5 6 1
0 9 12 6 5 7 1
0 9 12 6 5 8 1
0 9 12 6 5 9 1
0 9 11 6 5 10 1
0 8 26 6 6 2 1
0 8 26 6 6 3 1
0 8 26 6 6 4 1
0 8 26 6 6 5 1
0 8 14 6 6 6 1
0 8 23 6 6 7 1
0 8 10 6 6 8 1
0 7 10 6 6 9 1
0 8 14 6 7 1 1
0 8 25 6 7 2 1
0 8 25 6 7 3 1
0 8 23 6 7 4 1
0 8 11 6 7 5 1
0 2 4 6 8 1 1
0 2 4 6 8 1 2
0 2 4 6 8 2 1
0 2 4 6 8 2 2
0 2 4 6 8 3 1
0 2 4 6 8 3 2
0 2 4 6 8 4 1
0 2 4 6 8 4 2
0 2 25 6 8 5 1
0 10 4 6 11 1 1
0 10 4 6 11 1 2
0 10 4 6 11 2 1
0 10 4 6 11 2 2
0 10 4 6 11 3 1
0 10 4 6 11 3 2
0 10 4 6 11 4 1
0 10 4 6 11 4 2
0 10 4 6 11 5 1
0 10 4 6 11 5 2
0 10 4 6 11 6 1
0 10 4 6 11 6 2
0 10 4 6 11 7 1
0 10 4 6 11 7 2
0 10 4 6 11 8 1
0 10 4 6 11 8 2
0 10 15 6 11 9 1
0 10 25 6 11 10 1
0 8 26 6 12 1 1
0 8 26 6 12 2 1
0 8 26 6 12 3 1
0 8 26 6 12 4 1
0 8 25 6 12 5 1
0 8 25 6 12 6 1
0 8 11 6 12 7 1
0 9 3 6 14 1 1
0 9 4 6 14 1 2
0 9 0 6 14 2 1
0 9 3 6 14 2 2
0 9 24 6 14 3 1
0 9 24 6 14 4 1
0 9 24 6 14 5 1
0 9 24 6 14 6 1
0 9 23 6 14 7 1
0 9 23 6 14 8 1
0 9 21 6 14 9 1
0 7 3 6 15 2 1
0 7 4 6 15 2 2
0 7 15 6 15 3 1
0 7 26 6 15 4 1
0 7 14 6 15 5 1
0 7 23 6 15 6 1
0 7 22 6 15 7 1
0 7 21 6 15 8 1
0 6 4 6 16 4 1
0 6 4 6 16 4 2
0 6 4 6 16 5 1
0 6 4 6 16 5 2
0 6 2 6 16 6 1
0 6 4 6 16 6 2
0 6 24 6 16 7 1
0 6 24 6 16 8 1
0 6 24 6 16 9 1
0 6 3 6 17 5 1
0 6 3 6 17 5 2
0 6 26 6 17 6 1
0 6 25 6 17 7 1
0 6 25 6 17 8 1
0 6 25 6 17 9 1
0 8 15 6 18 6 1
0 8 15 6 18 7 1
0 8 15 6 18 8 1
0 8 15 6 18 9 1
0 8 25 6 18 10 1
0 7 3 6 19 7 1
0 7 4 6 19 7 2
0 7 15 6 19 8 1
0 7 13 6 19 9 1
0 7 23 6 19 10 1
0 9 13 6 20 8 1
0 9 12 6 20 9 1
0 6 22 6 20 10 1
0 3 31 7 6 12 1
0 3 31 7 6 13 1
0 3 31 7 6 14 1
0 3 26 7 6 15 1
0 3 14 7 6 16 1
0 3 25 7 6 17 1
0 3 25 7 6 18 1
0 3 12 7 6 19 1
0 1 3 7 7 12 1
0 1 4 7 7 12 2
0 1 2 7 7 13 1
0 1 3 7 7 13 2
0 1 14 7 7 14 1
0 1 25 7 7 15 1
0 1 25 7 7 16 1
0 1 24 7 7 17 1
0 1 23 7 7 18 1
0 1 23 7 7 19 1
0 3 3 7 8 12 1
0 3 4 7 8 12 2
0 3 30 7 8 13 1
0 3 30 7 8 14 1
0 3 25 7 8 15 1
0 3 25 7 8 16 1
0 3 24 7 8 17 1
0 3 23 7 8 18 1
0 3 10 7 8 19 1
0 7 4 7 9 12 1
0 7 4 7 9 12 2
0 7 3 7 9 13 1
0 2 4 7 9 13 2
0 7 29 7 9 14 1
0 2 4 7 10 12 1
0 2 4 7 10 12 2
0 2 3 7 10 13 1
0 2 4 7 10 13 2
0 2 29 7 10 14 1
0 2 24 7 10 15 1
0 2 24 7 10 16 1
0 2 22 7 10 17 1
0 4 4 7 2 5 1
0 4 4 7 2 5 2
0 4 14 7 2 6 1
0 4 14 7 2 7 1
0 4 13 7 2 8 1
0 4 24 7 2 9 1
0 4 12 7 2 10 1
0 8 4 7 3 3 1
0 8 4 7 3 3 2
0 8 3 7 3 4 1
0 8 4 7 3 4 2
0 8 3 7 3 5 1
0 8 4 7 3 5 2
0 8 3 7 3 6 1
0 8 4 7 3 6 2
0 8 3 7 3 7 1
0 8 4 7 3 7 2
0 8 2 7 3 8 1
0 8 4 7 3 8 2
0 8 15 7 3 9 1
0 8 26 7 3 10 1
0 8 15 7 4 2 1
0 8 15 7 4 3 1
0 8 15 7 4 4 1
0 8 15 7 4 5 1
0 8 30 7 4 6 1
0 8 14 7 4 7 1
0 8 12 7 4 8 1
0 8 12 7 4 9 1
0 8 12 7 4 10 1
0 4 0 7 5 1 1
0 4 3 7 5 1 2
0 4 14 7 5 2 1
0 4 14 7 5 3 1
0 4 14 7 5 4 1
0 4 25 7 5 5 1
0 4 25 7 5 6 1
0 4 24 7 5 7 1
0 4 24 7 5 8 1
0 4 24 7 5 9 1
0 7 3 7 6 0 1
0 7 4 7 6 0 2
0 7 31 7 6 1 1
0 7 31 7 6 2 1
0 7 31 7 6 3 1
0 7 31 7 6 4 1
0 7 30 7 6 5 1
0 7 30 7 6 6 1
0 7 30 7 6 7 1
0 7 25 7 6 8 1
0 7 22 7 6 9 1
0 4 31 7 7 0 1
0 4 14 7 7 1 1
0 4 14 7 7 2 1
0 4 25 7 7 3 1
0 4 25 7 7 4 1
0 4 25 7 7 5 1
0 4 28 7 7 6 1
0 4 22 7 7 7 1
0 4 22 7 7 8 1
0 4 22 7 7 9 1
0 8 14 7 8 0 1
0 8 14 7 8 1 1
0 8 25 7 8 2 1
0 8 25 7 8 3 1
0 8 25 7 8 4 1
0 8 25 7 8 5 1
0 8 22 7 8 6 1
0 8 10 7 8 7 1
0 8 10 7 8 8 1
0 8 30 7 9 0 1
0 8 29 7 9 1 1
0 8 24 7 9 2 1
0 8 23 7 9 3 1
0 7 8 7 10 0 1
0 7 3 7 10 0 2
0 7 2 7 10 1 1
0 7 3 7 10 1 2
0 7 31 7 10 2 1
0 7 31 7 10 3 1
0 7 31 7 10 4 1
0 7 31 7 10 5 1
0 7 15 7 10 6 1
0 7 30 7 10 7 1
0 7 14 7 10 8 1
0 7 25 7 10 9 1
0 3 3 7 11 0 1
0 3 3 7 11 0 2
0 3 2 7 11 1 1
0 3 3 7 11 1 2
0 3 1 7 11 2 1
0 3 3 7 11 2 2
0 3 14 7 11 3 1
0 3 25 7 11 4 1
0 3 25 7 11 5 1
0 3 25 7 11 6 1
0 3 22 7 11 7 1
0 3 22 7 11 8 1
0 8 25 7 12 0 1
0 8 25 7 12 1 1
0 8 25 7 12 2 1
0 8 25 7 12 3 1
0 8 25 7 12 4 1
0 8 25 7 12 5 1
0 8 22 7 12 6 1
0 8 27 7 12 7 1
0 8 1 7 13 0 1
0 8 2 7 13 0 2
0 8 30 7 13 1 1
0 8 14 7 13 2 1
0 8 14 7 13 3 1
0 8 14 7 13 4 1
0 8 22 7 13 5 1
0 8 10 7 13 6 1
0 6 27 7 13 7 1
0 7 8 7 15 0 1
0 7 4 7 15 0 2
0 7 31 7 15 1 1
0 7 31 7 15 2 1
0 5 3 7 16 1 1
0 5 4 7 16 1 2
0 5 0 7 16 2 1
0 5 3 7 16 2 2
0 3 30 7 16 3 1
0 3 30 7 16 4 1
0 3 30 7 16 5 1
0 3 23 7 16 6 1
0 3 22 7 16 7 1
0 9 11 7 16 8 1
0 7 22 7 16 9 1
0 9 12 7 17 2 1
0 9 23 7 17 3 1
0 9 23 7 17 4 1
0 9 23 7 17 5 1
0 9 23 7 17 6 1
0 9 23 7 17 7 1
0 9 23 7 17 8 1
0 9 10 7 17 9 1
0 7 4 7 18 3 1
0 7 4 7 18 3 2
0 7 3 7 18 4 1
0 7 4 7 18 4 2
0 7 30 7 18 5 1
0 7 30 7 18 6 1
0 7 30 7 18 7 1
0 7 14 7 18 8 1
0 7 22 7 18 9 1
0 5 3 7 19 5 1
0 3 3 7 19 5 2
0 3 3 7 19 6 1
0 3 3 7 19 6 2
0 2 2 8 8 12 1
0 2 4 8 8 12 2
0 2 1 8 8 13 1
0 2 2 8 8 13 2
0 2 0 8 8 14 1
0 2 2 8 8 14 2
0 2 13 8 8 15 1
0 2 12 8 8 16 1
0 2 12 8 8 17 1
0 2 23 8 8 18 1
0 2 22 8 8 19 1
0 1 0 8 10 12 1
0 1 3 8 10 12 2
0 1 24 8 10 13 1
0 1 12 8 10 14 1
0 1 23 8 10 15 1
0 1 23 8 10 16 1
0 1 22 8 10 17 1
0 1 10 8 10 18 1
0 1 10 8 10 19 1
0 3 26 8 16 12 1
0 3 26 8 16 13 1
0 3 26 8 16 14 1
0 3 26 8 16 15 1
0 3 26 8 16 16 1
0 3 25 8 16 17 1
0 2 4 8 17 12 1
0 2 4 8 17 12 2
0 2 2 8 17 13 1
0 2 4 8 17 13 2
0 2 2 8 17 14 1
0 2 3 8 17 14 2
0 2 0 8 17 15 1
0 2 3 8 17 15 2
0 2 14 8 17 16 1
0 2 25 8 17 17 1
0 2 21 8 17 18 1
0 3 3 8 19 12 1
0 3 3 8 19 12 2
0 3 0 8 19 13 1
0 3 3 8 19 13 2
0 3 25 8 19 14 1
0 3 25 8 19 15 1
0 3 25 8 19 16 1
0 3 25 8 19 17 1
0 3 25 8 19 18 1
0 3 22 8 19 19 1
0 2 3 8 20 12 1
0 2 4 8 20 12 2
0 2 3 8 20 13 1
0 2 3 8 20 13 2
0 2 26 8 20 14 1
0 2 14 8 20 15 1
0 2 14 8 20 16 1
0 2 11 8 20 17 1
0 3 3 8 1 6 1
0 3 4 8 1 6 2
0 3 3 8 1 7 1
0 3 4 8 1 7 2
0 3 3 8 1 8 1
0 3 4 8 1 8 2
0 3 15 8 1 9 1
0 3 24 8 1 10 1
0 2 3 8 2 5 1
0 2 4 8 2 5 2
0 2 3 8 2 6 1
0 2 4 8 2 6 2
0 2 3 8 2 7 1
0 2 3 8 2 7 2
0 2 13 8 2 8 1
0 2 23 8 2 9 1
0 2 11 8 2 10 1
0 2 0 8 3 3 1
0 2 2 8 3 3 2
0 2 0 8 3 4 1
0 2 2 8 3 4 2
0 2 12 8 3 5 1
0 2 12 8 3 6 1
0 2 11 8 3 7 1
0 2 11 8 3 8 1
0 2 10 8 3 9 1
0 2 21 8 3 10 1
0 3 0 8 6 0 1
0 3 3 8 6 0 2
0 3 22 8 6 1 1
0 3 22 8 6 2 1
0 3 22 8 6 3 1
0 3 22 8 6 4 1
0 3 22 8 6 5 1
0 3 10 8 6 6 1
0 3 10 8 6 7 1
0 3 21 8 6 8 1
0 3 21 8 6 9 1
0 3 3 8 7 0 1
0 3 3 8 7 0 2
0 3 1 8 7 1 1
0 3 3 8 7 1 2
0 3 25 8 7 2 1
0 3 25 8 7 3 1
0 3 25 8 7 4 1
0 3 23 8 7 5 1
0 3 22 8 7 6 1
0 3 22 8 7 7 1
0 3 22 8 7 8 1
0 3 22 8 7 9 1
0 2 0 8 8 0 1
0 2 4 8 8 0 2
0 2 0 8 8 1 1
0 2 4 8 8 1 2
0 2 0 8 8 2 1
0 2 4 8 8 2 2
0 2 14 8 8 3 1
0 2 12 8 8 4 1
0 2 12 8 8 5 1
0 2 12 8 8 6 1
0 2 12 8 8 7 1
0 2 11 8 8 8 1
0 2 11 8 8 9 1
0 2 22 8 8 10 1
0 9 0 8 9 0 1
0 9 2 8 9 0 2
0 9 12 8 9 1 1
0 9 12 8 9 2 1
0 9 23 8 9 3 1
0 9 11 8 9 4 1
0 9 11 8 9 5 1
0 9 11 8 9 6 1
0 9 11 8 9 7 1
0 9 11 8 9 8 1
0 9 11 8 9 9 1
0 9 11 8 9 10 1
0 8 15 8 10 0 1
0 8 14 8 10 1 1
0 8 14 8 10 2 1
0 8 25 8 10 3 1
0 8 25 8 10 4 1
0 8 22 8 10 5 1
0 9 11 8 10 6 1
0 9 11 8 10 7 1
0 9 11 8 10 8 1
0 7 22 8 10 9 1
0 8 24 8 11 0 1
0 8 24 8 11 1 1
0 8 24 8 11 2 1
0 8 12 8 11 3 1
0 8 23 8 11 4 1
0 8 23 8 11 5 1
0 8 23 8 11 6 1
0 8 22 8 11 7 1
0 8 22 8 11 8 1
0 8 21 8 11 9 1
0 9 2 8 13 0 1
0 9 4 8 13 0 2
0 9 1 8 13 1 1
0 9 3 8 13 1 2
0 9 1 8 13 2 1
0 9 3 8 13 2 2
0 9 25 8 13 3 1
0 9 25 8 13 4 1
0 9 25 8 13 5 1
0 9 24 8 13 6 1
0 9 12 8 13 7 1
0 9 12 8 13 8 1
0 9 23 8 13 9 1
0 6 26 8 14 0 1
0 6 26 8 14 1 1
0 8 3 8 15 0 1
0 8 4 8 15 0 2
0 8 23 8 15 1 1
0 2 23 8 15 2 1
0 2 23 8 15 3 1
0 2 23 8 15 4 1
0 2 23 8 15 5 1
0 2 23 8 15 6 1
0 2 23 8 15 7 1
0 2 23 8 15 8 1
0 2 22 8 15 9 1
0 9 2 8 16 1 1
0 9 3 8 16 1 2
0 9 25 8 16 2 1
0 9 25 8 16 3 1
0 9 25 8 16 4 1
0 9 25 8 16 5 1
0 9 13 8 16 6 1
0 9 24 8 16 7 1
0 9 23 8 16 8 1
0 9 22 8 16 9 1
0 7 3 8 17 2 1
0 7 3 8 17 2 2
0 7 15 8 17 3 1
0 7 15 8 17 4 1
0 7 26 8 17 5 1
0 7 14 8 17 6 1
0 7 14 8 17 7 1
0 7 11 8 17 8 1
0 7 11 8 17 9 1
0 7 10 8 17 10 1
0 8 1 8 18 3 1
0 8 4 8 18 3 2
0 8 0 8 18 4 1
0 8 3 8 18 4 2
0 8 14 8 18 5 1
0 8 25 8 18 6 1
0 8 24 8 18 7 1
0 8 12 8 18 8 1
0 8 12 8 18 9 1
0 8 3 8 19 5 1
0 8 4 8 19 5 2
0 8 26 8 19 6 1
0 8 14 8 19 7 1
0 8 14 8 19 8 1
0 8 10 8 19 9 1
0 8 10 8 19 10 1
0 3 3 8 20 6 1
0 3 4 8 20 6 2
0 3 25 8 20 7 1
0 3 25 8 20 8 1
0 3 22 8 20 9 1
0 9 3 9 0 12 1
0 9 3 9 0 12 2
0 9 15 9 0 13 1
0 9 26 9 0 14 1
0 9 25 9 0 15 1
0 9 24 9 0 16 1
0 9 24 9 0 17 1
0 9 24 9 0 18 1
0 9 24 9 0 19 1
0 2 3 9 1 12 1
0 2 3 9 1 12 2
0 2 3 9 1 13 1
0 2 3 9 1 13 2
0 2 23 9 1 14 1
0 2 22 9 1 15 1
0 2 22 9 1 16 1
0 2 22 9 1 17 1
0 2 10 9 1 18 1
0 2 21 9 1 19 1
0 1 3 9 2 12 1
0 1 4 9 2 12 2
0 1 3 9 2 13 1
0 1 4 9 2 13 2
0 1 2 9 2 14 1
0 1 3 9 2 14 2
0 1 24 9 2 15 1
0 1 24 9 2 16 1
0 1 24 9 2 17 1
0 1 24 9 2 18 1
0 1 24 9 2 19 1
0 1 2 9 3 12 1
0 1 4 9 3 12 2
0 1 0 9 3 13 1
0 1 3 9 3 13 2
0 1 0 9 3 14 1
0 1 3 9 3 14 2
0 2 14 9 3 15 1
0 2 23 9 3 16 1
0 2 2 9 4 12 1
0 2 3 9 4 12 2
0 2 1 9 4 13 1
0 2 3 9 4 13 2
0 2 0 9 4 14 1
0 2 2 9 4 14 2
0 2 23 9 4 15 1
0 2 23 9 4 16 1
0 2 23 9 4 17 1
0 2 23 9 4 18 1
0 2 23 9 4 19 1
0 1 4 9 5 12 1
0 1 4 9 5 12 2
0 1 3 9 5 13 1
0 1 4 9 5 13 2
0 1 3 9 5 14 1
0 1 4 9 5 14 2
0 1 23 9 5 15 1
0 1 23 9 5 16 1
0 1 23 9 5 17 1
0 1 11 9 5 18 1
0 1 21 9 5 19 1
0 7 31 9 16 12 1
0 7 31 9 16 13 1
0 7 31 9 16 14 1
0 7 26 9 16 15 1
0 7 7 9 17 12 1
0 7 2 9 17 12 2
0 7 31 9 17 13 1
0 7 31 9 17 14 1
0 7 15 9 17 15 1
0 7 21 9 17 16 1
0 1 31 9 18 12 1
0 1 31 9 18 13 1
0 1 31 9 18 14 1
0 1 26 9 18 15 1
0 1 26 9 18 16 1
0 1 26 9 18 17 1
0 1 31 9 19 12 1
0 1 31 9 19 13 1
0 1 31 9 19 14 1
0 1 26 9 19 15 1
0 1 26 9 19 16 1
0 1 14 9 19 17 1
0 7 29 9 20 12 1
0 1 31 9 21 12 1
0 1 31 9 21 13 1
0 1 31 9 21 14 1
0 1 15 9 21 15 1
0 2 3 9 1 3 1
0 2 3 9 1 3 2
0 2 2 9 1 4 1
0 2 3 9 1 4 2
0 2 14 9 1 5 1
0 2 13 9 1 6 1
0 2 13 9 1 7 1
0 2 12 9 1 8 1
0 2 12 9 1 9 1
0 2 22 9 1 10 1
0 6 12 9 2 2 1
0 6 23 9 2 3 1
0 6 23 9 2 4 1
0 6 23 9 2 5 1
0 6 22 9 2 6 1
0 6 22 9 2 7 1
0 6 22 9 2 8 1
0 6 22 9 2 9 1
0 4 4 9 3 2 1
0 4 4 9 3 2 2
0 4 24 9 3 3 1
0 4 24 9 3 4 1
0 4 23 9 3 5 1
0 4 23 9 3 6 1
0 4 23 9 3 7 1
0 4 23 9 3 8 1
0 4 23 9 3 9 1
0 3 0 9 4 1 1
0 3 4 9 4 1 2
0 3 29 9 4 2 1
0 3 13 9 4 3 1
0 3 24 9 4 4 1
0 3 24 9 4 5 1
0 3 24 9 4 6 1
0 3 23 9 4 7 1
0 3 22 9 4 8 1
0 3 10 9 4 9 1
0 2 3 9 5 1 1
0 2 4 9 5 1 2
0 2 3 9 5 2 1
0 2 4 9 5 2 2
0 2 0 9 5 3 1
0 2 3 9 5 3 2
0 2 30 9 5 4 1
0 2 24 9 5 5 1
0 2 12 9 5 6 1
0 2 12 9 5 7 1
0 2 23 9 5 8 1
0 2 23 9 5 9 1
0 4 3 9 6 0 1
0 4 4 9 6 0 2
0 4 2 9 6 1 1
0 4 3 9 6 1 2
0 4 0 9 6 2 1
0 4 3 9 6 2 2
0 4 0 9 6 3 1
0 4 3 9 6 3 2
0 4 23 9 6 4 1
0 4 23 9 6 5 1
0 4 22 9 6 6 1
0 4 22 9 6 7 1
0 4 22 9 6 8 1
0 4 21 9 6 9 1
0 7 1 9 8 0 1
0 7 4 9 8 0 2
0 7 1 9 8 1 1
0 7 2 9 8 1 2
0 7 25 9 8 2 1
0 7 25 9 8 3 1
0 7 25 9 8 4 1
0 7 12 9 8 5 1
0 7 23 9 8 6 1
0 7 23 9 8 7 1
0 7 23 9 8 8 1
0 7 22 9 8 9 1
0 3 30 9 9 0 1
0 3 30 9 9 1 1
0 3 14 9 9 2 1
0 3 14 9 9 3 1
0 3 14 9 9 4 1
0 3 25 9 9 5 1
0 3 25 9 9 6 1
0 3 25 9 9 7 1
0 3 25 9 9 8 1
0 3 21 9 9 9 1
0 2 3 9 11 0 1
0 2 4 9 11 0 2
0 2 0 9 11 1 1
0 2 3 9 11 1 2
0 2 0 9 11 2 1
0 2 3 9 11 2 2
0 2 0 9 11 3 1
0 2 3 9 11 3 2
0 2 0 9 11 4 1
0 2 3 9 11 4 2
0 2 30 9 11 5 1
0 2 30 9 11 6 1
0 2 21 9 11 7 1
0 2 21 9 11 8 1
0 2 21 9 11 9 1
0 2 3 9 12 0 1
0 5 4 9 12 0 2
0 2 3 9 12 1 1
0 2 4 9 12 1 2
0 2 31 9 12 2 1
0 2 15 9 12 3 1
0 2 15 9 12 4 1
0 2 15 9 12 5 1
0 2 15 9 12 6 1
0 2 15 9 12 7 1
0 2 15 9 12 8 1
0 2 15 9 12 9 1
0 2 14 9 12 10 1
0 2 3 9 13 0 1
0 2 4 9 13 0 2
0 2 3 9 13 1 1
0 2 3 9 13 1 2
0 2 30 9 13 2 1
0 2 30 9 13 3 1
0 2 23 9 13 4 1
0 2 23 9 13 5 1
0 2 22 9 13 6 1
0 2 22 9 13 7 1
0 2 10 9 13 8 1
0 2 10 9 13 9 1
0 7 3 9 14 0 1
0 7 3 9 14 0 2
0 7 31 9 14 1 1
0 7 31 9 14 2 1
0 7 14 9 14 3 1
0 7 14 9 14 4 1
0 7 25 9 14 5 1
0 7 23 9 14 6 1
0 7 23 9 14 7 1
0 7 23 9 14 8 1
0 7 11 9 14 9 1
0 2 1 9 16 1 1
0 2 3 9 16 1 2
0 2 0 9 16 2 1
0 2 3 9 16 2 2
0 2 0 9 16 3 1
0 2 3 9 16 3 2
0 2 13 9 16 4 1
0 2 13 9 16 5 1
0 2 12 9 16 6 1
0 2 12 9 16 7 1
0 2 11 9 16 8 1
0 2 11 9 16 9 1
0 2 21 9 16 10 1
0 5 4 9 17 1 1
0 5 4 9 17 1 2
0 5 4 9 17 2 1
0 5 4 9 17 2 2
0 5 4 9 17 3 1
0 5 4 9 17 3 2
0 5 4 9 17 4 1
0 5 4 9 17 4 2
0 5 4 9 17 5 1
0 5 4 9 17 5 2
0 5 4 9 17 6 1
0 5 4 9 17 6 2
0 5 4 9 17 7 1
0 5 4 9 17 7 2
0 5 3 9 17 8 1
0 5 4 9 17 8 2
0 5 26 9 17 9 1
0 1 2 9 18 2 1
0 1 3 9 18 2 2
0 1 2 9 18 3 1
0 1 3 9 18 3 2
0 1 2 9 18 4 1
0 1 2 9 18 4 2
0 1 24 9 18 5 1
0 1 24 9 18 6 1
0 1 24 9 18 7 1
0 1 23 9 18 8 1
0 1 22 9 18 9 1
0 2 8 9 19 2 1
0 2 4 9 19 2 2
0 2 3 9 19 3 1
0 2 3 9 19 3 2
0 2 3 9 19 4 1
0 2 3 9 19 4 2
0 2 3 9 19 5 1
0 2 3 9 19 5 2
0 2 24 9 19 6 1
0 2 23 9 19 7 1
0 2 23 9 19 8 1
0 2 22 9 19 9 1
0 1 3 9 20 3 1
0 1 4 9 20 3 2
0 1 3 9 20 4 1
0 1 4 9 20 4 2
0 1 2 9 20 5 1
0 1 3 9 20 5 2
0 1 2 9 20 6 1
0 1 3 9 20 6 2
0 1 23 9 20 7 1
0 1 23 9 20 8 1
0 1 22 9 20 9 1
0 1 3 10 0 12 1
0 1 4 10 0 12 2
0 1 26 10 0 13 1
0 1 26 10 0 14 1
0 1 26 10 0 15 1
0 1 26 10 0 16 1
0 1 26 10 0 17 1
0 1 23 10 0 18 1
0 2 14 10 1 12 1
0 2 14 10 1 13 1
0 2 14 10 1 14 1
0 2 14 10 1 15 1
0 2 13 10 1 16 1
0 2 12 10 1 17 1
0 2 23 10 1 18 1
0 2 10 10 1 19 1
0 1 3 10 3 12 1
0 1 4 10 3 12 2
0 1 3 10 3 13 1
0 1 3 10 3 13 2
0 1 2 10 3 14 1
0 1 3 10 3 14 2
0 1 25 10 3 15 1
0 1 25 10 3 16 1
0 1 24 10 3 17 1
0 1 23 10 3 18 1
0 1 10 10 3 19 1
0 2 3 10 4 12 1
0 2 3 10 4 12 2
0 2 3 10 4 13 1
0 2 3 10 4 13 2
0 2 14 10 4 14 1
0 2 25 10 4 15 1
0 2 25 10 4 16 1
0 2 13 10 4 17 1
0 2 24 10 4 18 1
0 2 21 10 4 19 1
0 6 4 10 5 12 1
0 6 4 10 5 12 2
0 6 4 10 5 13 1
0 6 4 10 5 13 2
0 6 4 10 5 14 1
0 6 4 10 5 14 2
0 6 25 10 5 15 1
0 6 25 10 5 16 1
0 6 25 10 5 17 1
0 2 3 10 7 12 1
0 2 4 10 7 12 2
0 2 3 10 7 13 1
0 2 4 10 7 13 2
0 2 0 10 7 14 1
0 2 4 10 7 14 2
0 2 26 10 7 15 1
0 2 26 10 7 16 1
0 2 23 10 7 17 1
0 2 3 10 8 12 1
0 2 4 10 8 12 2
0 2 3 10 8 13 1
0 2 4 10 8 13 2
0 2 26 10 8 14 1
0 2 26 10 8 15 1
0 2 14 10 8 16 1
0 2 14 10 8 17 1
0 2 14 10 8 18 1
0 2 12 10 8 19 1
0 2 14 10 9 12 1
0 2 24 10 9 13 1
0 2 10 10 9 14 1
0 2 3 10 10 12 1
0 2 4 10 10 12 2
0 2 14 10 10 13 1
0 2 25 10 10 14 1
0 2 25 10 10 15 1
0 6 0 10 16 12 1
0 6 4 10 16 12 2
0 6 0 10 16 13 1
0 6 4 10 16 13 2
0 6 23 10 16 14 1
0 6 23 10 16 15 1
0 6 23 10 16 16 1
0 6 23 10 16 17 1
0 6 23 10 16 18 1
0 6 11 10 16 19 1
0 7 3 10 17 12 1
0 7 4 10 17 12 2
0 7 26 10 17 13 1
0 7 26 10 17 14 1
0 7 26 10 17 15 1
0 7 14 10 17 16 1
0 7 14 10 17 17 1
0 7 12 10 17 18 1
0 7 3 10 18 12 1
0 7 4 10 18 12 2
0 7 3 10 18 13 1
0 7 4 10 18 13 2
0 7 3 10 18 14 1
0 7 3 10 18 14 2
0 7 23 10 18 15 1
0 7 22 10 18 16 1
0 7 10 10 18 17 1
0 7 10 10 18 18 1
0 7 21 10 18 19 1
0 7 2 10 19 12 1
0 7 3 10 19 12 2
0 7 26 10 19 13 1
0 7 26 10 19 14 1
0 7 26 10 19 15 1
0 7 26 10 19 16 1
0 7 25 10 19 17 1
0 7 11 10 19 18 1
0 7 2 10 20 12 1
0 7 3 10 20 12 2
0 7 26 10 20 13 1
0 7 26 10 20 14 1
0 7 26 10 20 15 1
0 7 25 10 20 16 1
0 7 25 10 20 17 1
0 7 25 10 20 18 1
0 7 13 10 20 19 1
0 8 4 10 21 12 1
0 8 4 10 21 12 2
0 8 4 10 21 13 1
0 8 4 10 21 13 2
0 8 25 10 21 14 1
0 8 25 10 21 15 1
0 8 25 10 21 16 1
0 8 25 10 21 17 1
0 8 25 10 21 18 1
0 8 21 10 21 19 1
0 2 3 10 1 3 1
0 2 4 10 1 3 2
0 2 3 10 1 4 1
0 2 4 10 1 4 2
0 2 3 10 1 5 1
0 2 4 10 1 5 2
0 2 3 10 1 6 1
0 2 4 10 1 6 2
0 2 14 10 1 7 1
0 2 14 10 1 8 1
0 2 13 10 1 9 1
0 2 24 10 1 10 1
0 8 3 10 2 2 1
0 8 4 10 2 2 2
0 8 3 10 2 3 1
0 8 4 10 2 3 2
0 8 3 10 2 4 1
0 8 4 10 2 4 2
0 8 14 10 2 5 1
0 8 25 10 2 6 1
0 8 25 10 2 7 1
0 8 25 10 2 8 1
0 8 25 10 2 9 1
0 6 4 10 4 1 1
0 6 4 10 4 1 2
0 6 4 10 4 2 1
0 6 4 10 4 2 2
0 6 4 10 4 3 1
0 6 4 10 4 3 2
0 6 4 10 4 4 1
0 6 4 10 4 4 2
0 6 4 10 4 5 1
0 6 4 10 4 5 2
0 6 3 10 4 6 1
0 6 4 10 4 6 2
0 6 14 10 4 7 1
0 6 14 10 4 8 1
0 6 14 10 4 9 1
0 6 25 10 4 10 1
0 8 26 10 5 1 1
0 8 26 10 5 2 1
0 8 26 10 5 3 1
0 8 26 10 5 4 1
0 8 26 10 5 5 1
0 8 26 10 5 6 1
0 8 26 10 5 7 1
0 8 14 10 5 8 1
0 8 10 10 5 9 1
0 9 13 10 6 0 1
0 9 11 10 6 1 1
0 9 22 10 6 2 1
0 9 22 10 6 3 1
0 9 22 10 6 4 1
0 9 22 10 6 5 1
0 9 22 10 6 6 1
0 9 22 10 6 7 1
0 9 22 10 6 8 1
0 9 22 10 6 9 1
0 9 25 10 7 0 1
0 9 25 10 7 1 1
0 9 24 10 7 2 1
0 9 24 10 7 3 1
0 9 24 10 7 4 1
0 9 24 10 7 5 1
0 9 24 10 7 6 1
0 9 24 10 7 7 1
0 2 24 10 7 8 1
0 2 24 10 7 9 1
0 2 3 10 8 0 1
0 2 4 10 8 0 2
0 2 3 10 8 1 1
0 2 4 10 8 1 2
0 2 11 10 8 2 1
0 2 11 10 8 3 1
0 2 11 10 8 4 1
0 2 11 10 8 5 1
0 2 22 10 8 6 1
0 2 22 10 8 7 1
0 2 22 10 8 8 1
0 2 22 10 8 9 1
0 7 3 10 9 0 1
0 7 4 10 9 0 2
0 7 25 10 9 1 1
0 7 25 10 9 2 1
0 7 25 10 9 3 1
0 7 25 10 9 4 1
0 7 25 10 9 5 1
0 7 25 10 9 6 1
0 7 13 10 9 7 1
0 7 10 10 9 8 1
0 7 21 10 9 9 1
0 7 3 10 10 0 1
0 7 4 10 10 0 2
0 7 1 10 10 1 1
0 7 3 10 10 1 2
0 7 15 10 10 2 1
0 7 14 10 10 3 1
0 7 25 10 10 4 1
0 7 24 10 10 5 1
0 7 24 10 10 6 1
0 7 24 10 10 7 1
0 7 23 10 10 8 1
0 7 21 10 10 9 1
0 3 25 10 11 0 1
0 3 25 10 11 1 1
0 3 25 10 11 2 1
0 3 25 10 11 3 1
0 3 25 10 11 4 1
0 3 25 10 11 5 1
0 3 25 10 11 6 1
0 3 25 10 11 7 1
0 3 25 10 11 8 1
0 3 25 10 11 9 1
0 9 0 10 12 0 1
0 9 3 10 12 0 2
0 9 0 10 12 1 1
0 9 3 10 12 1 2
0 9 22 10 12 2 1
0 9 22 10 12 3 1
0 9 22 10 12 4 1
0 9 22 10 12 5 1
0 9 21 10 12 6 1
0 9 21 10 12 7 1
0 9 21 10 12 8 1
0 9 21 10 12 9 1
0 4 3 10 13 0 1
0 4 4 10 13 0 2
0 4 1 10 13 1 1
0 4 4 10 13 1 2
0 4 14 10 13 2 1
0 4 14 10 13 3 1
0 4 14 10 13 4 1
0 4 14 10 13 5 1
0 4 14 10 13 6 1
0 4 13 10 13 7 1
0 4 12 10 13 8 1
0 4 11 10 13 9 1
0 4 21 10 13 10 1
0 8 1 10 16 1 1
0 8 3 10 16 1 2
0 8 25 10 16 2 1
0 8 25 10 16 3 1
0 8 13 10 16 4 1
0 8 24 10 16 5 1
0 8 24 10 16 6 1
0 8 24 10 16 7 1
0 8 22 10 16 8 1
0 8 21 10 16 9 1
0 8 14 10 17 1 1
0 8 25 10 17 2 1
0 8 25 10 17 3 1
0 8 25 10 17 4 1
0 8 25 10 17 5 1
0 8 25 10 17 6 1
0 8 12 10 17 7 1
0 8 22 10 17 8 1
0 8 22 10 17 9 1
0 8 0 10 18 2 1
0 8 4 10 18 2 2
0 8 25 10 18 3 1
0 8 25 10 18 4 1
0 8 25 10 18 5 1
0 8 25 10 18 6 1
0 8 24 10 18 7 1
0 8 24 10 18 8 1
0 8 23 10 18 9 1
0 9 13 10 19 2 1
0 9 12 10 19 3 1
0 9 23 10 19 4 1
0 9 23 10 19 5 1
0 9 23 10 19 6 1
0 9 21 10 19 7 1
0 9 21 10 19 8 1
0 9 21 10 19 9 1
0 8 0 10 20 3 1
0 8 3 10 20 3 2
0 8 25 10 20 4 1
0 8 25 10 20 5 1
0 8 25 10 20 6 1
0 8 25 10 20 7 1
0 8 13 10 20 8 1
0 8 24 10 20 9 1
0 7 31 11 11 12 1
0 7 31 11 11 13 1
0 7 31 11 11 14 1
0 7 15 11 11 15 1
0 7 25 11 11 16 1
0 7 24 11 11 17 1
0 7 24 11 11 18 1
0 7 24 11 11 19 1
0 3 3 11 13 12 1
0 3 4 11 13 12 2
0 3 3 11 13 13 1
0 3 4 11 13 13 2
0 3 31 11 13 14 1
0 3 26 11 13 15 1
0 3 24 11 13 16 1
0 3 23 11 13 17 1
0 3 22 11 13 18 1
0 3 22 11 13 19 1
0 3 3 11 14 12 1
0 3 4 11 14 12 2
0 3 31 11 14 13 1
0 3 26 11 14 14 1
0 3 26 11 14 15 1
0 3 14 11 14 16 1
0 3 25 11 14 17 1
0 3 24 11 14 18 1
0 3 24 11 14 19 1
0 7 4 11 15 12 1
0 10 4 11 15 12 2
0 7 5 11 15 13 1
0 8 4 11 15 13 2
0 7 31 11 15 14 1
0 7 15 11 15 15 1
0 7 24 11 15 16 1
0 7 24 11 15 17 1
0 7 3 11 1 2 1
0 7 4 11 1 2 2
0 7 15 11 1 3 1
0 7 15 11 1 4 1
0 7 14 11 1 5 1
0 7 14 11 1 6 1
0 7 14 11 1 7 1
0 7 14 11 1 8 1
0 7 11 11 1 9 1
0 7 21 11 1 10 1
0 2 0 11 3 0 1
0 2 3 11 3 0 2
0 2 30 11 3 1 1
0 2 22 11 3 2 1
0 2 22 11 3 3 1
0 2 22 11 3 4 1
0 2 10 11 3 5 1
0 2 21 11 3 6 1
0 2 21 11 3 7 1
0 2 21 11 3 8 1
0 2 21 11 3 9 1
0 2 0 11 4 0 1
0 2 3 11 4 0 2
0 2 0 11 4 1 1
0 2 3 11 4 1 2
0 2 0 11 4 2 1
0 2 3 11 4 2 2
0 2 11 11 4 3 1
0 2 11 11 4 4 1
0 2 11 11 4 5 1
0 2 11 11 4 6 1
0 2 11 11 4 7 1
0 2 11 11 4 8 1
0 2 10 11 4 9 1
0 2 21 11 4 10 1
0 8 31 11 5 0 1
0 8 31 11 5 1 1
0 8 31 11 5 2 1
0 6 26 11 5 3 1
0 2 3 11 6 0 1
0 2 4 11 6 0 2
0 2 3 11 6 1 1
0 2 4 11 6 1 2
0 2 3 11 6 2 1
0 2 4 11 6 2 2
0 2 1 11 6 3 1
0 2 4 11 6 3 2
0 2 0 11 6 4 1
0 2 3 11 6 4 2
0 2 30 11 6 5 1
0 2 24 11 6 6 1
0 2 11 11 6 7 1
0 2 22 11 6 8 1
0 2 21 11 6 9 1
0 2 4 11 8 0 1
0 2 4 11 8 0 2
0 2 30 11 8 1 1
0 2 23 11 8 2 1
0 2 23 11 8 3 1
0 2 23 11 8 4 1
0 2 23 11 8 5 1
0 2 23 11 8 6 1
0 2 11 11 8 7 1
0 2 22 11 8 8 1
0 2 21 11 8 9 1
0 6 30 11 9 0 1
0 6 25 11 9 1 1
0 6 25 11 9 2 1
0 6 25 11 9 3 1
0 6 25 11 9 4 1
0 6 25 11 9 5 1
0 6 25 11 9 6 1
0 6 25 11 9 7 1
0 6 25 11 9 8 1
0 6 25 11 9 9 1
0 9 10 11 10 0 1
0 3 31 11 11 0 1
0 3 31 11 11 1 1
0 3 26 11 11 2 1
0 3 25 11 11 3 1
0 3 25 11 11 4 1
0 3 25 11 11 5 1
0 3 25 11 11 6 1
0 3 24 11 11 7 1
0 3 22 11 11 8 1
0 3 21 11 11 9 1
0 7 3 11 12 0 1
0 7 4 11 12 0 2
0 7 3 11 12 1 1
0 7 4 11 12 1 2
0 7 2 11 12 2 1
0 7 3 11 12 2 2
0 7 30 11 12 3 1
0 7 30 11 12 4 1
0 7 30 11 12 5 1
0 7 30 11 12 6 1
0 7 30 11 12 7 1
0 7 14 11 12 8 1
0 7 25 11 12 9 1
0 3 3 11 13 0 1
0 3 4 11 13 0 2
0 3 31 11 13 1 1
0 3 31 11 13 2 1
0 3 31 11 13 3 1
0 3 14 11 13 4 1
0 3 25 11 13 5 1
0 3 25 11 13 6 1
0 3 25 11 13 7 1
0 3 25 11 13 8 1
0 3 23 11 13 9 1
0 3 3 11 14 0 1
0 3 4 11 14 0 2
0 3 3 11 14 1 1
0 3 4 11 14 1 2
0 3 3 11 14 2 1
0 3 4 11 14 2 2
0 3 3 11 14 3 1
0 3 3 11 14 3 2
0 3 30 11 14 4 1
0 3 25 11 14 5 1
0 3 25 11 14 6 1
0 3 25 11 14 7 1
0 3 24 11 14 8 1
0 3 11 11 14 9 1
0 3 3 11 15 0 1
0 3 4 11 15 0 2
0 3 3 11 15 1 1
0 3 4 11 15 1 2
0 3 3 11 15 2 1
0 3 4 11 15 2 2
0 3 0 11 15 3 1
0 3 3 11 15 3 2
0 3 30 11 15 4 1
0 3 30 11 15 5 1
0 3 25 11 15 6 1
0 3 25 11 15 7 1
0 3 13 11 15 8 1
0 3 21 11 15 9 1
0 4 3 11 16 0 1
0 4 4 11 16 0 2
0 4 25 11 16 1 1
0 4 25 11 16 2 1
0 4 28 11 16 3 1
0 4 23 11 16 4 1
0 4 23 11 16 5 1
0 4 22 11 16 6 1
0 4 22 11 16 7 1
0 4 22 11 16 8 1
0 4 10 11 16 9 1
0 8 4 11 17 0 1
0 8 4 11 17 0 2
0 8 30 11 17 1 1
0 8 25 11 17 2 1
0 8 25 11 17 3 1
0 8 25 11 17 4 1
0 8 25 11 17 5 1
0 8 25 11 17 6 1
0 8 13 11 17 7 1
0 8 24 11 17 8 1
0 8 12 11 17 9 1
0 8 3 11 18 0 1
0 8 4 11 18 0 2
0 8 3 11 18 1 1
0 8 4 11 18 1 2
0 8 3 11 18 2 1
0 8 4 11 18 2 2
0 8 3 11 18 3 1
0 8 4 11 18 3 2
0 8 14 11 18 4 1
0 8 14 11 18 5 1
0 8 14 11 18 6 1
0 8 25 11 18 7 1
0 8 13 11 18 8 1
0 8 13 11 18 9 1
0 8 12 11 18 10 1
0 4 3 11 19 1 1
0 5 3 11 19 1 2
0 7 3 11 19 2 1
0 9 3 11 19 2 2
0 7 31 11 19 3 1
0 7 31 11 19 4 1
0 7 31 11 19 5 1
0 7 31 11 19 6 1
0 7 31 11 19 7 1
0 7 26 11 19 8 1
0 7 25 11 19 9 1
0 2 3 12 0 12 1
0 2 3 12 0 12 2
0 2 15 12 0 13 1
0 2 15 12 0 14 1
0 2 15 12 0 15 1
0 2 15 12 0 16 1
0 2 15 12 0 17 1
0 2 3 12 2 12 1
0 2 4 12 2 12 2
0 2 3 12 2 13 1
0 2 4 12 2 13 2
0 2 26 12 2 14 1
0 2 14 12 2 15 1
0 2 14 12 2 16 1
0 2 14 12 2 17 1
0 2 14 12 2 18 1
0 2 3 12 3 12 1
0 2 3 12 3 12 2
0 2 2 12 3 13 1
0 2 3 12 3 13 2
0 2 15 12 3 14 1
0 2 15 12 3 15 1
0 2 15 12 3 16 1
0 2 15 12 3 17 1
0 2 15 12 3 18 1
0 2 4 12 4 12 1
0 2 4 12 4 12 2
0 2 3 12 4 13 1
0 2 4 12 4 13 2
0 2 3 12 4 14 1
0 2 3 12 4 14 2
0 2 15 12 4 15 1
0 2 15 12 4 16 1
0 2 25 12 4 17 1
0 2 24 12 4 18 1
0 2 4 12 5 12 1
0 2 4 12 5 12 2
0 2 4 12 5 13 1
0 2 4 12 5 13 2
0 2 15 12 5 14 1
0 2 15 12 5 15 1
0 2 26 12 5 16 1
0 2 14 12 5 17 1
0 2 25 12 5 18 1
0 3 2 12 6 12 1
0 3 3 12 6 12 2
0 3 14 12 6 13 1
0 3 14 12 6 14 1
0 3 14 12 6 15 1
0 3 25 12 6 16 1
0 3 25 12 6 17 1
0 3 25 12 6 18 1
0 3 25 12 6 19 1
0 2 2 12 7 12 1
0 2 3 12 7 12 2
0 2 23 12 7 13 1
0 2 11 12 7 14 1
0 2 22 12 7 15 1
0 2 22 12 7 16 1
0 2 22 12 7 17 1
0 2 22 12 7 18 1
0 2 10 12 7 19 1
0 3 26 12 8 12 1
0 3 26 12 8 13 1
0 3 14 12 8 14 1
0 3 14 12 8 15 1
0 3 25 12 8 16 1
0 3 25 12 8 17 1
0 3 24 12 8 18 1
0 3 22 12 8 19 1
0 3 3 12 10 12 1
0 3 4 12 10 12 2
0 3 26 12 10 13 1
0 3 26 12 10 14 1
0 3 14 12 10 15 1
0 3 14 12 10 16 1
0 3 25 12 10 17 1
0 3 24 12 10 18 1
0 2 3 12 11 12 1
0 2 4 12 11 12 2
0 2 2 12 11 13 1
0 2 3 12 11 13 2
0 2 1 12 11 14 1
0 2 3 12 11 14 2
0 2 26 12 11 15 1
0 2 14 12 11 16 1
0 2 14 12 11 17 1
0 2 13 12 11 18 1
0 2 12 12 11 19 1
0 5 4 12 12 12 1
0 5 4 12 12 12 2
0 5 4 12 12 13 1
0 5 4 12 12 13 2
0 5 3 12 12 14 1
0 5 4 12 12 14 2
0 5 3 12 12 15 1
0 5 4 12 12 15 2
0 5 26 12 12 16 1
0 3 3 12 13 12 1
0 3 4 12 13 12 2
0 3 3 12 13 13 1
0 3 3 12 13 13 2
0 3 26 12 13 14 1
0 3 26 12 13 15 1
0 3 26 12 13 16 1
0 3 26 12 13 17 1
0 3 25 12 13 18 1
0 3 11 12 13 19 1
0 3 26 12 14 12 1
0 3 26 12 14 13 1
0 3 26 12 14 14 1
0 3 26 12 14 15 1
0 3 26 12 14 16 1
0 3 14 12 14 17 1
0 3 25 12 14 18 1
0 2 3 12 15 12 1
0 2 3 12 15 12 2
0 2 3 12 15 13 1
0 2 3 12 15 13 2
0 2 3 12 15 14 1
0 2 3 12 15 14 2
0 2 0 12 15 15 1
0 2 3 12 15 15 2
0 2 14 12 15 16 1
0 2 14 12 15 17 1
0 2 24 12 15 18 1
0 2 11 12 15 19 1
0 8 3 12 1 2 1
0 8 4 12 1 2 2
0 8 3 12 1 3 1
0 8 4 12 1 3 2
0 8 3 12 1 4 1
0 8 4 12 1 4 2
0 8 3 12 1 5 1
0 8 4 12 1 5 2
0 8 15 12 1 6 1
0 8 14 12 1 7 1
0 8 14 12 1 8 1
0 8 14 12 1 9 1
0 8 25 12 1 10 1
0 8 15 12 2 1 1
0 8 15 12 2 2 1
0 8 15 12 2 3 1
0 8 15 12 2 4 1
0 8 26 12 2 5 1
0 8 26 12 2 6 1
0 8 25 12 2 7 1
0 8 25 12 2 8 1
0 8 25 12 2 9 1
0 2 3 12 3 0 1
0 2 4 12 3 0 2
0 2 2 12 3 1 1
0 2 3 12 3 1 2
0 2 1 12 3 2 1
0 2 3 12 3 2 2
0 2 14 12 3 3 1
0 2 14 12 3 4 1
0 2 14 12 3 5 1
0 2 14 12 3 6 1
0 2 14 12 3 7 1
0 2 14 12 3 8 1
0 2 14 12 3 9 1
0 2 25 12 3 10 1
0 9 3 12 4 0 1
0 9 4 12 4 0 2
0 9 2 12 4 1 1
0 9 4 12 4 1 2
0 9 2 12 4 2 1
0 9 3 12 4 2 2
0 9 1 12 4 3 1
0 9 3 12 4 3 2
0 9 1 12 4 4 1
0 9 3 12 4 4 2
0 9 15 12 4 5 1
0 9 15 12 4 6 1
0 9 26 12 4 7 1
0 9 14 12 4 8 1
0 9 14 12 4 9 1
0 9 14 12 4 10 1
0 11 4 12 5 0 1
0 11 4 12 5 0 2
0 11 4 12 5 1 1
0 11 4 12 5 1 2
0 11 4 12 5 2 1
0 11 4 12 5 2 2
0 11 4 12 5 3 1
0 11 4 12 5 3 2
0 11 4 12 5 4 1
0 11 4 12 5 4 2
0 11 3 12 5 5 1
0 11 4 12 5 5 2
0 11 3 12 5 6 1
0 10 4 12 5 6 2
0 7 3 12 5 7 1
0 8 4 12 5 7 2
0 11 15 12 5 8 1
0 11 15 12 5 9 1
0 9 3 12 6 0 1
0 9 3 12 6 0 2
0 9 15 12 6 1 1
0 9 26 12 6 2 1
0 9 14 12 6 3 1
0 9 24 12 6 4 1
0 9 24 12 6 5 1
0 9 12 12 6 6 1
0 9 23 12 6 7 1
0 9 23 12 6 8 1
0 7 22 12 6 9 1
0 3 14 12 7 0 1
0 3 14 12 7 1 1
0 3 14 12 7 2 1
0 3 14 12 7 3 1
0 3 25 12 7 4 1
0 3 25 12 7 5 1
0 3 25 12 7 6 1
0 3 25 12 7 7 1
0 3 23 12 7 8 1
0 3 21 12 7 9 1
0 7 3 12 8 0 1
0 7 4 12 8 0 2
0 7 1 12 8 1 1
0 7 4 12 8 1 2
0 7 26 12 8 2 1
0 7 26 12 8 3 1
0 7 25 12 8 4 1
0 7 12 12 8 5 1
0 7 11 12 8 6 1
0 7 22 12 8 7 1
0 7 22 12 8 8 1
0 7 10 12 8 9 1
0 8 0 12 9 0 1
0 8 3 12 9 0 2
0 8 14 12 9 1 1
0 8 14 12 9 2 1
0 8 14 12 9 3 1
0 8 14 12 9 4 1
0 8 14 12 9 5 1
0 8 25 12 9 6 1
0 8 25 12 9 7 1
0 8 25 12 9 8 1
0 8 25 12 9 9 1
0 3 3 12 10 0 1
0 3 4 12 10 0 2
0 3 3 12 10 1 1
0 3 3 12 10 1 2
0 3 3 12 10 2 1
0 3 3 12 10 2 2
0 3 26 12 10 3 1
0 3 14 12 10 4 1
0 3 14 12 10 5 1
0 3 25 12 10 6 1
0 3 25 12 10 7 1
0 3 23 12 10 8 1
0 3 22 12 10 9 1
0 3 3 12 11 0 1
0 3 3 12 11 0 2
0 3 15 12 11 1 1
0 3 26 12 11 2 1
0 3 26 12 11 3 1
0 3 26 12 11 4 1
0 3 26 12 11 5 1
0 3 25 12 11 6 1
0 3 25 12 11 7 1
0 3 25 12 11 8 1
0 3 13 12 11 9 1
0 9 3 12 12 0 1
0 9 4 12 12 0 2
0 9 3 12 12 1 1
0 9 4 12 12 1 2
0 9 3 12 12 2 1
0 9 4 12 12 2 2
0 9 1 12 12 3 1
0 9 4 12 12 3 2
0 9 0 12 12 4 1
0 9 4 12 12 4 2
0 9 15 12 12 5 1
0 9 15 12 12 6 1
0 9 15 12 12 7 1
0 9 26 12 12 8 1
0 9 26 12 12 9 1
0 11 3 12 13 0 1
0 11 4 12 13 0 2
0 11 3 12 13 1 1
0 11 4 12 13 1 2
0 11 3 12 13 2 1
0 11 4 12 13 2 2
0 11 3 12 13 3 1
0 11 4 12 13 3 2
0 11 12 12 13 4 1
0 11 23 12 13 5 1
0 11 23 12 13 6 1
0 11 23 12 13 7 1
0 11 23 12 13 8 1
0 11 23 12 13 9 1
0 3 2 12 14 0 1
0 3 3 12 14 0 2
0 3 25 12 14 1 1
0 3 25 12 14 2 1
0 3 25 12 14 3 1
0 3 25 12 14 4 1
0 3 25 12 14 5 1
0 3 25 12 14 6 1
0 3 25 12 14 7 1
0 3 25 12 14 8 1
0 3 25 12 14 9 1
0 3 1 12 15 0 1
0 3 2 12 15 0 2
0 3 22 12 15 1 1
0 3 22 12 15 2 1
0 3 22 12 15 3 1
0 3 22 12 15 4 1
0 3 22 12 15 5 1
0 3 22 12 15 6 1
0 3 22 12 15 7 1
0 3 10 12 15 8 1
0 3 21 12 15 9 1
0 2 3 12 16 0 1
0 2 4 12 16 0 2
0 2 3 12 16 1 1
0 2 4 12 16 1 2
0 2 2 12 16 2 1
0 2 4 12 16 2 2
0 2 1 12 16 3 1
0 2 4 12 16 3 2
0 2 0 12 16 4 1
0 2 4 12 16 4 2
0 2 25 12 16 5 1
0 2 25 12 16 6 1
0 2 25 12 16 7 1
0 2 25 12 16 8 1
0 2 25 12 16 9 1
0 4 3 12 17 0 1
0 4 4 12 17 0 2
0 4 3 12 17 1 1
0 4 4 12 17 1 2
0 4 3 12 17 2 1
0 4 4 12 17 2 2
0 4 26 12 17 3 1
0 4 14 12 17 4 1
0 4 14 12 17 5 1
0 4 14 12 17 6 1
0 4 14 12 17 7 1
0 4 14 12 17 8 1
0 4 14 12 17 9 1
0 4 13 12 17 10 1
0 2 4 12 18 0 1
0 2 4 12 18 0 2
0 2 3 12 18 1 1
0 2 4 12 18 1 2
0 2 2 12 18 2 1
0 2 4 12 18 2 2
0 2 24 12 18 3 1
0 2 24 12 18 4 1
0 2 24 12 18 5 1
0 2 24 12 18 6 1
0 2 23 12 18 7 1
0 2 11 12 18 8 1
0 2 22 12 18 9 1
0 4 25 12 19 1 1
0 4 24 12 19 2 1
0 4 12 12 19 3 1
0 4 12 12 19 4 1
0 4 23 12 19 5 1
0 4 22 12 19 6 1
0 4 10 12 19 7 1
0 6 4 13 12 12 1
0 2 0 13 12 12 2
0 7 3 13 1 2 1
0 7 4 13 1 2 2
0 7 31 13 1 3 1
0 7 30 13 1 4 1
0 7 30 13 1 5 1
0 7 14 13 1 6 1
0 7 14 13 1 7 1
0 7 24 13 1 8 1
0 7 23 13 1 9 1
0 4 31 13 2 1 1
0 4 14 13 2 2 1
0 4 14 13 2 3 1
0 4 25 13 2 4 1
0 4 29 13 2 5 1
0 4 29 13 2 6 1
0 4 23 13 2 7 1
0 4 22 13 2 8 1
0 4 22 13 2 9 1
0 7 4 13 3 0 1
0 7 4 13 3 0 2
0 7 30 13 3 1 1
0 7 30 13 3 2 1
0 7 30 13 3 3 1
0 7 30 13 3 4 1
0 7 30 13 3 5 1
0 7 30 13 3 6 1
0 7 28 13 3 7 1
0 7 22 13 3 8 1
0 7 10 13 3 9 1
0 2 11 13 4 0 1
0 2 22 13 4 1 1
0 2 22 13 4 2 1
0 2 10 13 4 3 1
0 2 21 13 4 4 1
0 2 21 13 4 5 1
0 2 2 13 5 0 1
0 2 3 13 5 0 2
0 2 13 13 5 1 1
0 2 13 13 5 2 1
0 2 13 13 5 3 1
0 2 12 13 5 4 1
0 2 12 13 5 5 1
0 2 12 13 5 6 1
0 2 12 13 5 7 1
0 2 11 13 5 8 1
0 2 10 13 5 9 1
0 2 21 13 5 10 1
0 8 0 13 6 0 1
0 8 3 13 6 0 2
0 8 30 13 6 1 1
0 8 30 13 6 2 1
0 8 23 13 6 3 1
0 8 11 13 6 4 1
0 8 11 13 6 5 1
0 8 11 13 6 6 1
0 8 22 13 6 7 1
0 8 22 13 6 8 1
0 8 10 13 6 9 1
0 4 8 13 7 0 1
0 4 3 13 7 0 2
0 4 3 13 7 1 1
0 4 3 13 7 1 2
0 4 1 13 7 2 1
0 4 3 13 7 2 2
0 4 26 13 7 3 1
0 4 24 13 7 4 1
0 4 24 13 7 5 1
0 4 24 13 7 6 1
0 4 23 13 7 7 1
0 2 22 13 7 8 1
0 4 11 13 7 9 1
0 9 0 13 8 0 1
0 9 2 13 8 0 2
0 9 23 13 8 1 1
0 9 23 13 8 2 1
0 9 23 13 8 3 1
0 9 23 13 8 4 1
0 9 23 13 8 5 1
0 9 23 13 8 6 1
0 9 11 13 8 7 1
0 9 11 13 8 8 1
0 9 11 13 8 9 1
0 8 4 13 10 0 1
0 8 4 13 10 0 2
0 8 4 13 10 1 1
0 8 4 13 10 1 2
0 8 4 13 10 2 1
0 8 4 13 10 2 2
0 8 3 13 10 3 1
0 8 4 13 10 3 2
0 8 25 13 10 4 1
0 8 25 13 10 5 1
0 8 25 13 10 6 1
0 8 24 13 10 7 1
0 8 23 13 10 8 1
0 8 23 13 10 9 1
0 8 2 13 11 0 1
0 8 3 13 11 0 2
0 8 14 13 11 1 1
0 8 14 13 11 2 1
0 8 14 13 11 3 1
0 8 25 13 11 4 1
0 8 25 13 11 5 1
0 8 25 13 11 6 1
0 8 25 13 11 7 1
0 8 25 13 11 8 1
0 8 21 13 11 9 1
0 2 30 13 12 0 1
0 2 12 13 12 1 1
0 2 23 13 12 2 1
0 2 23 13 12 3 1
0 2 23 13 12 4 1
0 2 23 13 12 5 1
0 2 11 13 12 6 1
0 2 11 13 12 7 1
0 2 11 13 12 8 1
0 2 10 13 12 9 1
0 3 8 13 13 0 1
0 2 1 13 13 0 2
0 2 14 13 13 1 1
0 2 23 13 13 2 1
0 2 23 13 13 3 1
0 2 23 13 13 4 1
0 2 11 13 13 5 1
0 2 11 13 13 6 1
0 2 11 13 13 7 1
0 2 22 13 13 8 1
0 2 22 13 13 9 1
0 6 26 13 14 0 1
0 6 26 13 14 1 1
0 6 26 13 14 2 1
0 6 30 13 14 3 1
0 6 25 13 14 4 1
0 6 25 13 14 5 1
0 6 25 13 14 6 1
0 6 25 13 14 7 1
0 6 25 13 14 8 1
0 6 25 13 14 9 1
0 2 30 13 15 0 1
0 2 13 13 15 1 1
0 2 24 13 15 2 1
0 2 12 13 15 3 1
0 2 23 13 15 4 1
0 2 23 13 15 5 1
0 2 23 13 15 6 1
0 2 23 13 15 7 1
0 2 22 13 15 8 1
0 2 21 13 15 9 1
0 7 0 13 16 0 1
0 7 4 13 16 0 2
0 7 25 13 16 1 1
0 7 25 13 16 2 1
0 7 25 13 16 3 1
0 7 13 13 16 4 1
0 7 13 13 16 5 1
0 7 13 13 16 6 1
0 7 24 13 16 7 1
0 7 22 13 16 8 1
0 7 10 13 16 9 1
0 8 25 13 17 0 1
0 8 25 13 17 1 1
0 8 25 13 17 2 1
0 8 25 13 17 3 1
0 8 24 13 17 4 1
0 8 24 13 17 5 1
0 8 24 13 17 6 1
0 8 23 13 17 7 1
0 8 22 13 17 8 1
0 8 21 13 17 9 1
0 4 1 13 18 0 1
0 4 3 13 18 0 2
0 4 25 13 18 1 1
0 4 25 13 18 2 1
0 4 13 13 18 3 1
0 4 24 13 18 4 1
0 4 24 13 18 5 1
0 4 24 13 18 6 1
0 4 28 13 18 7 1
0 4 12 13 18 8 1
0 7 8 13 20 2 1
0 7 1 13 20 2 2
0 7 30 13 20 3 1
0 7 25 13 20 4 1
0 7 25 13 20 5 1
0 7 13 13 20 6 1
0 7 12 13 20 7 1
0 7 22 13 20 8 1
0 7 21 13 20 9 1
0 1 2 15 0 12 1
0 1 4 15 0 12 2
0 1 0 15 0 13 1
0 1 3 15 0 13 2
0 1 14 15 0 14 1
0 1 14 15 0 15 1
0 1 24 15 0 16 1
0 1 12 15 0 17 1
0 7 3 15 1 12 1
0 7 4 15 1 12 2
0 7 26 15 1 13 1
0 7 26 15 1 14 1
0 7 25 15 1 15 1
0 7 23 15 1 16 1
0 7 0 15 2 12 1
0 7 4 15 2 12 2
0 7 0 15 2 13 1
0 7 4 15 2 13 2
0 7 0 15 2 14 1
0 7 4 15 2 14 2
0 7 26 15 2 15 1
0 7 25 15 2 16 1
0 7 11 15 2 17 1
0 7 22 15 2 18 1
0 2 3 15 3 12 1
0 2 4 15 3 12 2
0 2 3 15 3 13 1
0 2 3 15 3 13 2
0 2 15 15 3 14 1
0 2 26 15 3 15 1
0 2 14 15 3 16 1
0 2 14 15 3 17 1
0 8 4 15 5 12 1
0 8 4 15 5 12 2
0 8 4 15 5 13 1
0 8 4 15 5 13 2
0 8 3 15 5 14 1
0 8 3 15 5 14 2
0 3 26 15 6 12 1
0 3 26 15 6 13 1
0 3 26 15 6 14 1
0 3 26 15 6 15 1
0 3 26 15 6 16 1
0 3 22 15 6 17 1
0 3 24 15 7 12 1
0 3 23 15 7 13 1
0 3 22 15 7 14 1
0 3 22 15 7 15 1
0 3 22 15 7 16 1
0 3 22 15 7 17 1
0 3 14 15 8 12 1
0 3 14 15 8 13 1
0 3 25 15 8 14 1
0 3 11 15 8 15 1
0 3 10 15 8 16 1
0 3 21 15 8 17 1
0 3 15 15 9 12 1
0 3 26 15 9 13 1
0 3 26 15 9 14 1
0 3 26 15 9 15 1
0 3 26 15 9 16 1
0 3 26 15 9 17 1
0 3 22 15 9 18 1
0 3 3 15 10 12 1
0 3 4 15 10 12 2
0 3 3 15 10 13 1
0 3 3 15 10 13 2
0 3 24 15 10 14 1
0 3 12 15 10 15 1
0 3 11 15 10 16 1
0 3 22 15 10 17 1
0 3 22 15 10 18 1
0 3 21 15 10 19 1
0 1 3 15 11 12 1
0 1 4 15 11 12 2
0 1 2 15 11 13 1
0 1 4 15 11 13 2
0 1 0 15 11 14 1
0 1 4 15 11 14 2
0 1 0 15 11 15 1
0 1 3 15 11 15 2
0 1 24 15 11 16 1
0 1 12 15 11 17 1
0 1 23 15 11 18 1
0 1 10 15 11 19 1
0 1 24 15 12 12 1
0 1 0 15 13 12 1
0 1 3 15 13 12 2
0 1 23 15 13 13 1
0 1 23 15 13 14 1
0 1 23 15 13 15 1
0 1 23 15 13 16 1
0 1 22 15 13 17 1
0 1 10 15 13 18 1
0 1 4 15 14 12 1
0 1 4 15 14 12 2
0 1 25 15 14 13 1
0 1 25 15 14 14 1
0 1 25 15 14 15 1
0 1 25 15 14 16 1
0 1 25 15 14 17 1
0 1 24 15 14 18 1
0 1 24 15 14 19 1
0 2 14 15 15 12 1
0 2 14 15 15 13 1
0 2 14 15 15 14 1
0 4 3 15 16 12 1
0 4 4 15 16 12 2
0 4 3 15 16 13 1
0 4 3 15 16 13 2
0 4 25 15 16 14 1
0 4 24 15 16 15 1
0 4 22 15 16 16 1
0 4 22 15 16 17 1
0 4 22 15 16 18 1
0 4 22 15 16 19 1
0 1 4 15 17 12 1
0 1 4 15 17 12 2
0 1 3 15 17 13 1
0 1 4 15 17 13 2
0 1 25 15 17 14 1
0 1 24 15 17 15 1
0 1 23 15 17 16 1
0 1 11 15 17 17 1
0 1 11 15 17 18 1
0 1 21 15 17 19 1
0 4 26 15 18 12 1
0 4 26 15 18 13 1
0 4 26 15 18 14 1
0 4 26 15 18 15 1
0 4 26 15 18 16 1
0 4 14 15 18 17 1
0 4 22 15 18 18 1
0 4 26 15 19 12 1
0 4 0 15 20 12 1
0 4 4 15 20 12 2
0 4 26 15 20 13 1
0 4 26 15 20 14 1
0 4 25 15 20 15 1
0 4 23 15 20 16 1
0 9 23 15 1 2 1
0 9 23 15 1 3 1
0 9 23 15 1 4 1
0 9 23 15 1 5 1
0 9 23 15 1 6 1
0 9 23 15 1 7 1
0 9 23 15 1 8 1
0 9 11 15 1 9 1
0 8 3 15 2 0 1
0 8 4 15 2 0 2
0 8 26 15 2 1 1
0 8 26 15 2 2 1
0 8 14 15 2 3 1
0 8 14 15 2 4 1
0 8 13 15 2 5 1
0 8 23 15 2 6 1
0 8 21 15 2 7 1
0 9 0 15 3 0 1
0 9 2 15 3 0 2
0 9 24 15 3 1 1
0 9 12 15 3 2 1
0 9 12 15 3 3 1
0 9 23 15 3 4 1
0 9 11 15 3 5 1
0 9 22 15 3 6 1
0 9 22 15 3 7 1
0 9 21 15 3 8 1
0 7 3 15 4 0 1
0 7 3 15 4 0 2
0 7 26 15 4 1 1
0 7 26 15 4 2 1
0 7 14 15 4 3 1
0 7 14 15 4 4 1
0 7 25 15 4 5 1
0 7 11 15 4 6 1
0 7 10 15 4 7 1
0 9 21 15 4 8 1
0 7 4 15 5 0 1
0 7 4 15 5 0 2
0 7 0 15 5 1 1
0 7 4 15 5 1 2
0 7 26 15 5 2 1
0 7 25 15 5 3 1
0 7 25 15 5 4 1
0 7 24 15 5 5 1
0 8 15 15 6 6 1
0 8 15 15 6 7 1
0 8 15 15 6 8 1
0 8 15 15 6 9 1
0 8 14 15 6 10 1
0 3 3 15 7 6 1
0 3 4 15 7 6 2
0 3 3 15 7 7 1
0 3 3 15 7 7 2
0 3 2 15 7 8 1
0 3 3 15 7 8 2
0 3 14 15 7 9 1
0 3 25 15 7 10 1
0 3 3 15 8 6 1
0 3 4 15 8 6 2
0 3 3 15 8 7 1
0 3 3 15 8 7 2
0 3 3 15 8 8 1
0 3 3 15 8 8 2
0 3 15 15 8 9 1
0 3 23 15 8 10 1
0 3 3 15 9 6 1
0 3 4 15 9 6 2
0 3 15 15 9 7 1
0 3 15 15 9 8 1
0 3 13 15 9 9 1
0 3 21 15 9 10 1
0 8 0 15 10 6 1
0 8 4 15 10 6 2
0 8 15 15 10 7 1
0 8 14 15 10 8 1
0 8 25 15 10 9 1
0 8 11 15 10 10 1
0 2 0 15 11 6 1
0 2 3 15 11 6 2
0 2 0 15 11 7 1
0 2 2 15 11 7 2
0 2 12 15 11 8 1
0 2 11 15 11 9 1
0 2 22 15 11 10 1
0 9 0 15 12 6 1
0 6 4 15 12 6 2
0 2 24 15 12 7 1
0 2 23 15 12 8 1
0 2 23 15 12 9 1
0 9 3 15 13 6 1
0 9 3 15 13 6 2
0 9 13 15 13 7 1
0 9 24 15 13 8 1
0 2 13 15 13 9 1
0 9 25 15 14 6 1
0 9 24 15 14 7 1
0 9 21 15 14 8 1
0 2 1 15 15 6 1
0 2 2 15 15 6 2
0 2 0 15 15 7 1
0 2 1 15 15 7 2
0 2 0 15 15 8 1
0 2 1 15 15 8 2
0 2 0 15 15 9 1
0 2 1 15 15 9 2
0 2 10 15 15 10 1
0 9 0 15 16 0 1
0 9 3 15 16 0 2
0 9 25 15 16 1 1
0 9 25 15 16 2 1
0 9 13 15 16 3 1
0 9 13 15 16 4 1
0 9 24 15 16 5 1
0 9 24 15 16 6 1
0 9 24 15 16 7 1
0 9 23 15 16 8 1
0 9 23 15 16 9 1
0 5 3 15 17 0 1
0 5 3 15 17 0 2
0 5 3 15 17 1 1
0 5 3 15 17 1 2
0 5 25 15 17 2 1
0 5 25 15 17 3 1
0 5 25 15 17 4 1
0 5 23 15 17 5 1
0 11 3 15 18 0 1
0 11 3 15 18 0 2
0 11 25 15 18 1 1
0 11 24 15 18 2 1
0 11 24 15 18 3 1
0 11 24 15 18 4 1
0 11 23 15 18 5 1
0 11 23 15 18 6 1
0 11 22 15 18 7 1
0 11 22 15 18 8 1
0 7 3 15 19 0 1
0 7 4 15 19 0 2
0 7 15 15 19 1 1
0 7 26 15 19 2 1
0 7 26 15 19 3 1
0 7 14 15 19 4 1
0 7 23 15 19 5 1
0 7 22 15 19 6 1
0 7 22 15 19 7 1
0 7 10 15 19 8 1
0 8 26 15 20 2 1
0 1 3 16 2 12 1
0 1 4 16 2 12 2
0 1 11 16 2 13 1
0 1 22 16 2 14 1
0 1 22 16 2 15 1
0 1 22 16 2 16 1
0 1 21 16 2 17 1
0 1 21 16 2 18 1
0 1 21 16 2 19 1
0 3 0 16 4 12 1
0 3 4 16 4 12 2
0 3 0 16 4 13 1
0 3 3 16 4 13 2
0 3 25 16 4 14 1
0 3 13 16 4 15 1
0 3 12 16 4 16 1
0 3 23 16 4 17 1
0 3 22 16 4 18 1
0 3 22 16 4 19 1
0 2 2 16 6 12 1
0 2 3 16 6 12 2
0 2 26 16 6 13 1
0 2 14 16 6 14 1
0 2 14 16 6 15 1
0 2 14 16 6 16 1
0 2 3 16 7 12 1
0 2 4 16 7 12 2
0 2 15 16 7 13 1
0 2 15 16 7 14 1
0 2 15 16 7 15 1
0 2 15 16 8 12 1
0 2 3 16 10 12 1
0 2 3 16 10 12 2
0 2 15 16 10 13 1
0 2 15 16 10 14 1
0 2 26 16 10 15 1
0 2 26 16 10 16 1
0 6 3 16 11 12 1
0 1 4 16 11 12 2
0 6 3 16 11 13 1
0 1 3 16 11 13 2
0 1 3 16 11 14 1
0 1 3 16 11 14 2
0 9 2 16 11 15 1
0 1 3 16 11 15 2
0 1 1 16 11 16 1
0 1 3 16 11 16 2
0 1 22 16 11 17 1
0 1 22 16 11 18 1
0 1 10 16 11 19 1
0 3 26 16 12 12 1
0 3 26 16 12 13 1
0 3 14 16 12 14 1
0 3 14 16 12 15 1
0 3 25 16 12 16 1
0 3 25 16 12 17 1
0 3 25 16 12 18 1
0 3 24 16 12 19 1
0 3 3 16 13 12 1
0 3 3 16 13 12 2
0 3 25 16 13 13 1
0 3 25 16 13 14 1
0 3 25 16 13 15 1
0 3 25 16 13 16 1
0 3 26 16 14 12 1
0 3 26 16 14 13 1
0 3 26 16 14 14 1
0 3 26 16 14 15 1
0 3 14 16 14 16 1
0 3 14 16 14 17 1
0 3 13 16 14 18 1
0 3 22 16 14 19 1
0 3 2 16 15 12 1
0 3 4 16 15 12 2
0 3 25 16 15 13 1
0 2 0 16 18 12 1
0 2 3 16 18 12 2
0 2 25 16 18 13 1
0 2 25 16 18 14 1
0 2 24 16 18 15 1
0 2 12 16 18 16 1
0 2 23 16 18 17 1
0 2 21 16 18 18 1
0 9 12 16 1 1 1
0 9 12 16 1 2 1
0 9 23 16 1 3 1
0 9 23 16 1 4 1
0 4 23 16 1 5 1
0 4 23 16 1 6 1
0 4 23 16 1 7 1
0 4 23 16 1 8 1
0 4 22 16 1 9 1
0 4 14 16 2 0 1
0 4 14 16 2 1 1
0 4 14 16 2 2 1
0 4 25 16 2 3 1
0 4 13 16 2 4 1
0 4 13 16 2 5 1
0 4 24 16 2 6 1
0 9 24 16 2 7 1
0 7 22 16 2 8 1
0 4 24 16 3 0 1
0 4 24 16 3 1 1
0 4 24 16 3 2 1
0 4 24 16 3 3 1
0 4 24 16 3 4 1
0 4 23 16 3 5 1
0 4 11 16 3 6 1
0 4 22 16 3 7 1
0 4 22 16 3 8 1
0 4 22 16 3 9 1
0 7 0 16 4 0 1
0 7 4 16 4 0 2
0 7 0 16 4 1 1
0 7 4 16 4 1 2
0 7 13 16 4 2 1
0 7 23 16 4 3 1
0 7 11 16 4 4 1
0 7 22 16 4 5 1
0 7 10 16 4 6 1
0 7 10 16 4 7 1
0 7 10 16 4 8 1
0 7 21 16 4 9 1
0 7 25 16 5 0 1
0 7 25 16 5 1 1
0 7 25 16 5 2 1
0 7 24 16 5 3 1
0 7 11 16 5 4 1
0 7 22 16 5 5 1
0 7 10 16 5 6 1
0 7 21 16 5 7 1
0 2 3 16 6 0 1
0 2 4 16 6 0 2
0 2 3 16 6 1 1
0 2 4 16 6 1 2
0 2 26 16 6 2 1
0 2 14 16 6 3 1
0 2 25 16 6 4 1
0 2 25 16 6 5 1
0 2 25 16 6 6 1
0 2 13 16 6 7 1
0 2 11 16 6 8 1
0 2 22 16 6 9 1
0 9 1 16 7 0 1
0 9 3 16 7 0 2
0 9 0 16 7 1 1
0 9 3 16 7 1 2
0 9 25 16 7 2 1
0 9 13 16 7 3 1
0 9 24 16 7 4 1
0 9 24 16 7 5 1
0 4 24 16 8 0 1
0 4 23 16 8 1 1
0 4 23 16 8 2 1
0 4 23 16 8 3 1
0 4 11 16 8 4 1
0 4 22 16 8 5 1
0 4 22 16 8 6 1
0 4 21 16 8 7 1
0 4 21 16 8 8 1
0 4 21 16 8 9 1
0 3 3 16 9 2 1
0 3 3 16 9 2 2
0 3 26 16 9 3 1
0 3 14 16 9 4 1
0 3 14 16 9 5 1
0 3 21 16 9 6 1
0 9 10 16 9 7 1
0 9 21 16 9 8 1
0 2 2 16 10 2 1
0 2 3 16 10 2 2
0 2 14 16 10 3 1
0 2 14 16 10 4 1
0 2 14 16 10 5 1
0 2 14 16 10 6 1
0 2 13 16 10 7 1
0 2 12 16 10 8 1
0 2 11 16 10 9 1
0 2 21 16 10 10 1
0 4 0 16 11 2 1
0 4 3 16 11 2 2
0 4 0 16 11 3 1
0 4 3 16 11 3 2
0 4 25 16 11 4 1
0 4 13 16 11 5 1
0 4 13 16 11 6 1
0 4 24 16 11 7 1
0 4 24 16 11 8 1
0 4 24 16 11 9 1
0 3 26 16 12 2 1
0 3 26 16 12 3 1
0 3 26 16 12 4 1
0 3 26 16 12 5 1
0 3 26 16 12 6 1
0 3 26 16 12 7 1
0 3 14 16 12 8 1
0 3 13 16 12 9 1
0 7 3 16 13 0 1
0 7 4 16 13 0 2
0 7 14 16 13 1 1
0 7 25 16 13 2 1
0 7 13 16 13 3 1
0 7 13 16 13 4 1
0 7 23 16 13 5 1
0 8 23 16 13 6 1
0 8 26 16 14 0 1
0 8 14 16 14 1 1
0 8 25 16 14 2 1
0 3 25 16 14 3 1
0 3 24 16 14 4 1
0 7 24 16 14 5 1
0 8 15 16 15 0 1
0 8 15 16 15 1 1
0 8 14 16 15 2 1
0 8 25 16 15 3 1
0 8 25 16 15 4 1
0 8 24 16 15 5 1
0 9 24 16 15 6 1
0 7 23 16 15 7 1
0 8 2 16 16 0 1
0 8 3 16 16 0 2
0 8 26 16 16 1 1
0 8 26 16 16 2 1
0 8 23 16 16 3 1
0 8 22 16 16 4 1
0 2 11 16 16 5 1
0 2 22 16 16 6 1
0 5 25 16 17 0 1
0 5 13 16 17 1 1
0 5 24 16 17 2 1
0 5 24 16 17 3 1
0 5 24 16 17 4 1
0 5 24 16 17 5 1
0 5 23 16 17 6 1
0 5 23 16 17 7 1
0 5 11 16 17 8 1
0 5 10 16 17 9 1
0 8 1 16 18 0 1
0 8 3 16 18 0 2
0 8 26 16 18 1 1
0 8 26 16 18 2 1
0 8 26 16 18 3 1
0 8 26 16 18 4 1
0 6 25 16 18 5 1
0 3 25 16 18 6 1
0 10 25 16 18 7 1
0 10 25 16 18 8 1
0 2 24 16 19 0 1
0 2 12 16 19 1 1
0 2 23 16 19 2 1
0 2 23 16 19 3 1
0 2 23 16 19 4 1
0 2 23 16 19 5 1
0 2 11 16 19 6 1
0 2 22 16 19 7 1
0 2 22 16 19 8 1
0 2 22 16 19 9 1
0 8 25 16 20 1 1
0 8 25 16 20 2 1
0 8 24 16 20 3 1
0 6 24 16 20 4 1
0 6 23 16 20 5 1
0 7 23 16 20 6 1
0 5 25 17 0 12 1
0 2 4 17 1 12 1
0 2 4 17 1 12 2
0 2 15 17 1 13 1
0 2 15 17 1 14 1
0 2 15 17 1 15 1
0 2 2 17 2 12 1
0 2 3 17 2 12 2
0 2 14 17 2 13 1
0 2 14 17 2 14 1
0 2 25 17 2 15 1
0 2 15 17 3 12 1
0 2 4 17 4 12 1
0 2 4 17 4 12 2
0 9 26 17 5 12 1
0 2 2 17 12 12 1
0 2 4 17 12 12 2
0 2 14 17 12 13 1
0 2 14 17 12 14 1
0 2 13 17 12 15 1
0 2 3 17 13 12 1
0 2 4 17 13 12 2
0 2 3 17 13 13 1
0 2 4 17 13 13 2
0 2 3 17 13 14 1
0 2 1 17 13 14 2
0 2 15 17 13 15 1
0 2 15 17 13 16 1
0 2 14 17 13 17 1
0 2 14 17 13 18 1
0 11 26 17 14 12 1
0 1 26 17 15 12 1
0 1 14 17 15 13 1
0 1 14 17 15 14 1
0 1 25 17 15 15 1
0 1 24 17 15 16 1
0 1 23 17 15 17 1
0 2 15 17 1 2 1
0 2 15 17 1 3 1
0 2 26 17 1 4 1
0 2 14 17 1 5 1
0 2 12 17 1 6 1
0 7 3 17 2 0 1
0 7 3 17 2 0 2
0 7 3 17 2 1 1
0 7 3 17 2 1 2
0 7 26 17 2 2 1
0 8 0 17 3 0 1
0 8 3 17 3 0 2
0 8 0 17 3 1 1
0 8 3 17 3 1 2
0 8 25 17 3 2 1
0 8 26 17 4 0 1
0 8 14 17 4 1 1
0 8 14 17 4 2 1
0 8 25 17 4 3 1
0 8 12 17 4 4 1
0 8 22 17 4 5 1
0 8 21 17 4 6 1
0 2 3 17 5 0 1
0 2 4 17 5 0 2
0 2 3 17 5 1 1
0 2 3 17 5 1 2
0 2 3 17 5 2 1
0 2 3 17 5 2 2
0 2 2 17 5 3 1
0 2 3 17 5 3 2
0 2 26 17 5 4 1
0 2 25 17 5 5 1
0 2 25 17 5 6 1
0 2 25 17 5 7 1
0 2 24 17 5 8 1
0 2 23 17 5 9 1
0 7 3 17 6 6 1
0 7 3 17 6 6 2
0 7 14 17 6 7 1
0 7 25 17 6 8 1
0 2 25 17 6 9 1
0 10 0 17 8 6 1
0 10 3 17 8 6 2
0 10 0 17 8 7 1
0 10 3 17 8 7 2
0 10 25 17 8 8 1
0 10 25 17 8 9 1
0 7 3 17 9 6 1
0 7 4 17 9 6 2
0 7 15 17 9 7 1
0 7 24 17 9 8 1
0 7 11 17 9 9 1
0 7 10 17 9 10 1
0 2 23 17 11 6 1
0 2 26 17 12 6 1
0 2 25 17 12 7 1
0 2 25 17 12 8 1
0 2 25 17 12 9 1
0 4 0 17 13 6 1
0 3 4 17 13 6 2
0 1 23 17 13 7 1
0 8 23 17 13 8 1
0 3 3 17 14 6 1
0 3 4 17 14 6 2
0 3 25 17 14 7 1
0 3 25 17 14 8 1
0 3 24 17 14 9 1
0 8 25 17 15 6 1
0 8 25 17 15 7 1
0 8 25 17 15 8 1
0 8 25 17 15 9 1
0 1 0 17 16 0 1
0 1 1 17 16 0 2
0 1 23 17 16 1 1
0 1 22 17 16 2 1
0 1 22 17 16 3 1
0 1 10 17 16 4 1
0 1 23 17 17 0 1
0 1 10 17 17 1 1
0 1 10 17 17 2 1
0 1 13 17 18 0 1
0 1 24 17 18 1 1
0 1 22 17 18 2 1
0 9 11 17 18 3 1
0 9 22 17 18 4 1
0 7 26 17 20 2 1
0 7 15 17 20 3 1
0 7 26 17 20 4 1
0 7 26 17 20 5 1
0 7 26 17 20 6 1
0 7 26 17 20 7 1
0 7 26 17 20 8 1
0 7 22 17 20 9 1
0 2 1 18 7 12 1
0 2 4 18 7 12 2
0 2 11 18 7 13 1
0 2 11 18 7 14 1
0 2 22 18 7 15 1
0 2 21 18 7 16 1
0 2 21 18 7 17 1
0 2 21 18 7 18 1
0 2 21 18 7 19 1
0 2 3 18 9 12 1
0 2 3 18 9 12 2
0 7 26 18 13 12 1
0 4 25 18 14 12 1
0 4 25 18 14 13 1
0 4 25 18 14 14 1
0 4 24 18 14 15 1
0 4 22 18 14 16 1
0 4 22 18 14 17 1
0 4 22 18 14 18 1
0 4 10 18 14 19 1
0 7 26 18 15 12 1
0 4 3 18 17 12 1
0 4 4 18 17 12 2
0 4 3 18 17 13 1
0 4 4 18 17 13 2
0 4 25 18 17 14 1
0 4 24 18 17 15 1
0 4 22 18 17 16 1
0 4 22 18 17 17 1
0 4 22 18 17 18 1
0 4 10 18 17 19 1
0 9 4 18 18 12 1
0 9 4 18 18 12 2
0 7 0 18 19 12 1
0 7 4 18 19 12 2
0 8 26 18 20 12 1
0 7 3 18 21 12 1
0 7 4 18 21 12 2
0 2 3 18 1 2 1
0 2 4 18 1 2 2
0 2 3 18 1 3 1
0 2 3 18 1 3 2
0 2 15 18 1 4 1
0 2 15 18 1 5 1
0 2 15 18 1 6 1
0 2 26 18 1 7 1
0 2 14 18 1 8 1
0 2 14 18 1 9 1
0 2 14 18 1 10 1
0 3 26 18 2 2 1
0 3 26 18 2 3 1
0 3 25 18 2 4 1
0 3 22 18 2 5 1
0 3 22 18 2 6 1
0 3 22 18 2 7 1
0 3 10 18 2 8 1
0 3 21 18 2 9 1
0 1 2 18 3 1 1
0 1 3 18 3 1 2
0 9 14 18 3 2 1
0 9 25 18 3 3 1
0 9 13 18 3 4 1
0 9 13 18 3 5 1
0 9 24 18 3 6 1
0 9 23 18 3 7 1
0 1 23 18 3 8 1
0 1 23 18 3 9 1
0 1 26 18 4 1 1
0 10 15 18 4 2 1
0 10 25 18 4 3 1
0 10 25 18 4 4 1
0 1 3 18 5 1 1
0 2 3 18 5 1 2
0 1 3 18 5 2 1
0 1 3 18 5 2 2
0 3 25 18 6 1 1
0 3 25 18 6 2 1
0 2 11 18 6 3 1
0 2 11 18 6 4 1
0 2 11 18 6 5 1
0 2 22 18 6 6 1
0 2 10 18 6 7 1
0 2 21 18 6 8 1
0 4 25 18 7 1 1
0 4 25 18 7 2 1
0 4 25 18 7 3 1
0 4 25 18 7 4 1
0 4 22 18 7 5 1
0 2 22 18 7 6 1
0 8 1 18 8 1 1
0 8 4 18 8 1 2
0 8 14 18 8 2 1
0 8 25 18 8 3 1
0 3 14 18 8 4 1
0 3 25 18 9 1 1
0 3 13 18 9 2 1
0 3 13 18 9 3 1
0 3 24 18 9 4 1
0 3 24 18 9 5 1
0 3 23 18 9 6 1
0 3 22 18 9 7 1
0 3 21 18 9 8 1
0 3 21 18 9 9 1
0 3 25 18 10 1 1
0 3 25 18 10 2 1
0 3 25 18 10 3 1
0 3 24 18 10 4 1
0 3 12 18 10 5 1
0 3 23 18 10 6 1
0 3 10 18 10 7 1
0 5 0 18 11 1 1
0 5 4 18 11 1 2
0 5 15 18 11 2 1
0 5 26 18 11 3 1
0 2 25 18 11 4 1
0 2 24 18 11 5 1
0 2 23 18 11 6 1
0 2 21 18 11 7 1
0 2 0 18 12 1 1
0 2 2 18 12 1 2
0 2 0 18 12 2 1
0 2 0 18 12 2 2
0 2 22 18 12 3 1
0 2 22 18 12 4 1
0 2 22 18 12 5 1
0 2 22 18 12 6 1
0 2 10 18 12 7 1
0 2 10 18 12 8 1
0 2 21 18 12 9 1
0 1 25 18 13 1 1
0 1 13 18 13 2 1
0 1 24 18 13 3 1
0 1 24 18 13 4 1
0 1 24 18 13 5 1
0 1 22 18 13 6 1
0 6 0 18 14 1 1
0 6 3 18 14 1 2
0 6 0 18 14 2 1
0 6 3 18 14 2 2
0 6 25 18 14 3 1
0 6 25 18 14 4 1
0 6 25 18 14 5 1
0 6 25 18 14 6 1
0 6 22 18 14 7 1
0 10 3 18 15 1 1
0 10 3 18 15 1 2
0 10 3 18 15 2 1
0 10 3 18 15 2 2
0 10 25 18 15 3 1
0 5 3 18 16 1 1
0 5 3 18 16 1 2
0 5 0 18 16 2 1
0 5 3 18 16 2 2
0 5 0 18 16 3 1
0 5 3 18 16 3 2
0 5 25 18 16 4 1
0 9 23 18 17 1 1
0 9 23 18 17 2 1
0 9 23 18 17 3 1
0 9 11 18 17 4 1
0 9 11 18 17 5 1
0 9 22 18 17 6 1
0 9 22 18 17 7 1
0 9 22 18 17 8 1
0 9 22 18 17 9 1
0 3 26 18 18 1 1
0 2 15 18 18 2 1
0 3 14 18 18 3 1
0 3 14 18 18 4 1
0 2 14 18 18 5 1
0 2 24 18 18 6 1
0 2 12 18 18 7 1
0 2 12 18 18 8 1
0 8 0 18 19 2 1
0 8 3 18 19 2 2
0 8 14 18 19 3 1
0 8 25 18 19 4 1
0 8 25 18 19 5 1
0 8 25 18 19 6 1
0 8 2 18 20 2 1
0 8 3 18 20 2 2
0 8 15 18 20 3 1
0 8 14 18 20 4 1
0 6 13 18 20 5 1
0 6 24 18 20 6 1
0 6 24 18 20 7 1
0 2 11 18 20 8 1
0 1 11 18 20 9 1
0 3 3 19 11 12 1
0 10 4 19 11 12 2
0 3 3 19 11 13 1
0 3 4 19 11 13 2
0 3 3 19 11 14 1
0 3 3 19 11 14 2
0 3 25 19 11 15 1
0 3 25 19 11 16 1
0 3 25 19 11 17 1
0 3 12 19 11 18 1
0 3 23 19 11 19 1
0 3 15 19 12 12 1
0 5 3 19 2 2 1
0 1 4 19 2 2 2
0 1 26 19 2 3 1
0 1 26 19 2 4 1
0 1 24 19 2 5 1
0 2 24 19 2 6 1
0 1 25 19 3 2 1
0 1 25 19 3 3 1
0 1 25 19 3 4 1
0 1 24 19 3 5 1
0 1 24 19 3 6 1
0 1 24 19 3 7 1
0 1 23 19 3 8 1
0 1 23 19 3 9 1
0 9 12 19 4 2 1
0 9 12 19 4 3 1
0 9 12 19 4 4 1
0 9 12 19 4 5 1
0 9 12 19 4 6 1
0 9 23 19 4 7 1
0 9 11 19 4 8 1
0 9 11 19 4 9 1
0 9 11 19 4 10 1
0 9 0 19 5 2 1
0 9 0 19 5 2 2
0 9 11 19 5 3 1
0 9 11 19 5 4 1
0 9 11 19 5 5 1
0 9 11 19 5 6 1
0 9 11 19 5 7 1
0 9 11 19 5 8 1
0 9 11 19 5 9 1
0 9 21 19 5 10 1
0 5 3 19 6 2 1
0 5 4 19 6 2 2
0 5 3 19 6 3 1
0 5 3 19 6 3 2
0 5 2 19 6 4 1
0 5 3 19 6 4 2
0 5 2 19 6 5 1
0 5 3 19 6 5 2
0 5 25 19 6 6 1
0 5 25 19 6 7 1
0 5 24 19 6 8 1
0 3 11 19 6 9 1
0 9 22 19 8 2 1
0 9 22 19 8 3 1
0 9 22 19 8 4 1
0 9 23 19 9 2 1
0 9 23 19 9 3 1
0 9 23 19 9 4 1
0 9 23 19 9 5 1
0 9 22 19 9 6 1
0 9 22 19 9 7 1
0 9 22 19 9 8 1
0 9 22 19 9 9 1
0 9 0 19 11 2 1
0 9 2 19 11 2 2
0 9 12 19 11 3 1
0 9 12 19 11 4 1
0 9 12 19 11 5 1
0 9 12 19 11 6 1
0 9 12 19 11 7 1
0 9 11 19 11 8 1
0 9 11 19 11 9 1
0 9 22 19 11 10 1
0 4 14 19 12 2 1
0 4 14 19 12 3 1
0 4 14 19 12 4 1
0 4 25 19 12 5 1
0 9 23 19 12 6 1
0 9 23 19 12 7 1
0 9 23 19 12 8 1
0 9 22 19 12 9 1
0 4 26 19 13 2 1
0 4 26 19 13 3 1
0 5 0 19 15 2 1
0 5 0 19 15 2 2
0 5 0 19 15 3 1
0 5 0 19 15 3 2
0 5 11 19 15 4 1
0 2 3 19 16 2 1
0 2 4 19 16 2 2
0 2 3 19 16 3 1
0 2 4 19 16 3 2
0 2 3 19 16 4 1
0 2 3 19 16 4 2
0 2 23 19 16 5 1
0 2 23 19 16 6 1
0 2 22 19 16 7 1
0 2 22 19 16 8 1
0 2 10 19 16 9 1
0 9 0 19 19 2 1
0 9 2 19 19 2 2
0 9 23 19 19 3 1
0 9 23 19 19 4 1
0 9 23 19 19 5 1
0 9 23 19 19 6 1
0 9 23 19 19 7 1
0 9 11 19 19 8 1
0 9 11 19 19 9 1
0 2 2 19 20 3 1
0 2 3 19 20 3 2
0 2 23 19 20 4 1
0 2 23 19 20 5 1
0 2 23 19 20 6 1
0 2 22 19 20 7 1
0 2 22 19 20 8 1
0 2 21 19 20 9 1
0 5 26 20 13 12 1
0 9 24 20 17 12 1
0 9 24 20 17 13 1
0 9 24 20 17 14 1
0 9 12 20 17 15 1
0 9 22 20 18 12 1
0 6 22 20 18 13 1
0 6 22 20 18 14 1
0 4 21 20 18 15 1
0 9 24 20 19 12 1
0 9 12 20 19 13 1
0 9 12 20 19 14 1
0 9 12 20 19 15 1
0 9 12 20 19 16 1
0 9 23 20 19 17 1
0 4 26 20 20 12 1
0 4 14 20 20 13 1
0 4 14 20 20 14 1
0 4 25 20 20 15 1
0 4 13 20 20 16 1
0 4 24 20 20 17 1
0 4 24 20 20 18 1
0 4 23 20 20 19 1
0 6 24 20 21 12 1
0 6 24 20 21 13 1
0 6 23 20 21 14 1
0 6 4 20 1 4 1
0 6 4 20 1 4 2
0 6 24 20 1 5 1
0 6 24 20 1 6 1
0 6 24 20 1 7 1
0 6 24 20 1 8 1
0 6 24 20 1 9 1
0 4 14 20 2 4 1
0 4 25 20 2 5 1
0 4 25 20 2 6 1
0 7 26 20 5 3 1
0 7 26 20 5 4 1
0 7 24 20 5 5 1
0 7 11 20 5 6 1
0 7 22 20 5 7 1
0 9 12 20 6 3 1
0 9 12 20 6 4 1
0 2 11 20 6 5 1
0 2 22 20 6 6 1
0 2 21 20 6 7 1
0 7 2 20 9 2 1
0 7 4 20 9 2 2
0 7 26 20 9 3 1
0 2 23 20 10 2 1
0 2 23 20 10 3 1
0 2 23 20 10 4 1
0 2 22 20 10 5 1
0 2 22 20 10 6 1
0 2 22 20 10 7 1
0 2 22 20 10 8 1
0 3 2 20 11 2 1
0 3 4 20 11 2 2
0 3 1 20 11 3 1
0 3 3 20 11 3 2
0 3 14 20 11 4 1
0 3 14 20 11 5 1
0 3 14 20 11 6 1
0 3 13 20 11 7 1
0 3 12 20 11 8 1
0 3 22 20 11 9 1
0 3 10 20 11 10 1
0 1 22 20 12 2 1
0 1 22 20 12 3 1
0 1 22 20 13 2 1
0 1 22 20 13 3 1
0 1 22 20 13 4 1
0 9 25 20 16 3 1
0 9 24 20 16 4 1
0 9 24 20 16 5 1
0 9 25 20 17 3 1
0 9 13 20 17 4 1
0 9 24 20 17 5 1
0 9 24 20 17 6 1
0 9 24 20 17 7 1
0 9 24 20 17 8 1
0 9 24 20 17 9 1
0 9 0 20 18 4 1
0 9 0 20 18 4 2
0 9 10 20 18 5 1
0 9 10 20 18 6 1
0 9 10 20 18 7 1
0 9 12 20 19 4 1
0 9 12 20 19 5 1
0 9 12 20 19 6 1
0 9 23 20 19 7 1
0 9 11 20 19 8 1
0 9 11 20 19 9 1
0 9 12 20 20 4 1
0 9 12 20 20 5 1
0 9 12 20 20 6 1
0 9 23 20 20 7 1
0 9 11 20 20 8 1
0 9 11 20 20 9 1
0 9 10 20 20 10 1
0 3 3 21 1 12 1
0 3 3 21 1 12 2
0 3 26 21 1 13 1
0 3 26 21 1 14 1
0 3 25 21 1 15 1
0 3 2 21 2 12 1
0 3 3 21 2 12 2
0 3 26 21 2 13 1
0 3 12 21 2 14 1
0 3 3 21 8 12 1
0 3 3 21 8 12 2
0 3 25 21 8 13 1
0 3 25 21 8 14 1
0 1 15 21 12 12 1
0 4 14 21 1 5 1
0 4 25 21 1 6 1
0 4 25 21 1 7 1
0 4 25 21 1 8 1
0 4 25 21 2 4 1
0 3 25 21 2 5 1
0 9 0 21 3 4 1
0 9 0 21 3 4 2
0 9 22 21 3 5 1
0 9 22 21 3 6 1
0 9 21 21 3 7 1
0 9 23 21 5 3 1
0 9 23 21 5 4 1
0 9 23 21 5 5 1
0 9 23 21 5 6 1
0 9 23 21 5 7 1
0 9 11 21 5 8 1
0 9 22 21 5 9 1
0 3 3 21 6 3 1
0 3 3 21 6 3 2
0 3 14 21 6 4 1
0 3 14 21 6 5 1
0 3 25 21 6 6 1
0 3 25 21 6 7 1
0 3 25 21 6 8 1
0 3 22 21 6 9 1
0 8 3 21 8 3 1
0 8 3 21 8 3 2
0 8 2 21 8 4 1
0 8 3 21 8 4 2
0 8 26 21 8 5 1
0 8 25 21 8 6 1
0 8 25 21 8 7 1
0 8 25 21 8 8 1
0 8 25 21 8 9 1
0 3 25 21 9 3 1
0 3 13 21 9 4 1
0 3 23 21 9 5 1
0 3 23 21 9 6 1
0 3 10 21 9 7 1
0 7 3 21 10 3 1
0 7 4 21 10 3 2
0 7 3 21 10 4 1
0 7 3 21 10 4 2
0 7 25 21 10 5 1
0 7 25 21 10 6 1
0 7 25 21 10 7 1
0 7 13 21 10 8 1
0 7 10 21 10 9 1
0 7 13 21 11 3 1
0 7 12 21 11 4 1
0 7 11 21 11 5 1
0 7 22 21 11 6 1
0 7 22 21 11 7 1
0 1 12 21 12 3 1
0 1 23 21 12 4 1
0 1 23 21 12 5 1
0 1 23 21 12 6 1
0 1 23 21 12 7 1
0 1 22 21 12 8 1
0 1 10 21 12 9 1
0 1 26 21 13 3 1
0 1 21 21 13 4 1
0 2 1 21 14 3 1
0 2 3 21 14 3 2
0 2 24 21 14 4 1
0 2 23 21 14 5 1
0 2 23 21 14 6 1
0 2 23 21 14 7 1
0 2 21 21 14 8 1
0 2 21 21 14 9 1
0 7 3 21 15 3 1
0 7 4 21 15 3 2
0 7 15 21 15 4 1
0 7 13 21 15 5 1
0 7 13 21 15 6 1
0 7 11 21 15 7 1
0 7 22 21 15 8 1
0 7 10 21 15 9 1
0 7 10 21 15 10 1
0 9 24 21 17 4 1
0 9 12 21 17 5 1
0 9 12 21 17 6 1
0 9 12 21 17 7 1
0 9 12 21 17 8 1
0 9 22 21 18 4 1
0 9 22 21 18 5 1
0 9 22 21 18 6 1
0 9 22 21 18 7 1
0 9 10 21 18 8 1
0 9 10 21 18 9 1
0 11 3 21 20 5 1
0 11 3 21 20 5 2
0 11 24 21 20 6 1
0 11 23 21 20 7 1
0 11 21 21 20 8 1
0 4 22 22 4 12 1
0 9 24 22 2 5 1
0 9 24 22 2 6 1
0 6 13 22 2 7 1
0 4 23 22 2 8 1
0 4 23 22 2 9 1
0 4 25 22 5 5 1
0 1 24 22 7 4 1
0 1 23 22 7 5 1
0 1 23 22 7 6 1
0 1 11 22 7 7 1
0 1 11 22 7 8 1
0 1 22 22 7 9 1
0 9 23 22 8 4 1
0 9 23 22 8 5 1
0 9 11 22 9 4 1
0 9 11 22 9 5 1
0 1 22 22 9 6 1
0 1 22 22 9 7 1
0 2 2 22 13 4 1
0 2 3 22 13 4 2
0 2 23 22 13 5 1
0 2 23 22 13 6 1
0 3 24 22 14 4 1
0 2 24 22 14 5 1
0 2 12 22 14 6 1
0 2 22 22 14 7 1
0 2 22 22 14 8 1
0 2 21 22 14 9 1
0 3 14 22 15 4 1
0 3 25 22 15 5 1
0 3 23 22 15 6 1
0 3 21 22 15 7 1
0 3 21 22 15 8 1
0 1 22 22 16 5 1
0 9 13 22 18 5 1
0 9 13 22 18 6 1
0 9 24 22 18 7 1
0 1 14 22 19 5 1
0 1 13 22 19 6 1
0 1 24 22 19 7 1
0 1 23 22 19 8 1
0 1 23 22 19 9 1
0 3 26 22 20 6 1
0 1 26 22 20 7 1
0 1 23 22 20 8 1
0 1 23 22 20 9 1
0 3 25 23 7 12 1
0 3 25 23 7 13 1
0 3 25 23 7 14 1
0 3 23 23 7 15 1
0 2 25 23 16 12 1
0 2 25 23 16 13 1
0 2 13 23 16 14 1
0 2 24 23 16 15 1
0 2 23 23 16 16 1
0 2 23 23 16 17 1
0 4 3 23 18 12 1
0 4 4 23 18 12 2
0 4 25 23 18 13 1
0 4 25 23 18 14 1
0 4 25 23 18 15 1
0 2 12 23 19 12 1
0 2 12 23 19 13 1
0 2 23 23 19 14 1
0 2 23 23 19 15 1
0 2 23 23 19 16 1
0 2 23 23 19 17 1
0 2 23 23 19 18 1
0 2 21 23 19 19 1
0 4 13 23 20 12 1
0 4 23 23 20 13 1
0 4 23 23 20 14 1
0 4 22 23 20 15 1
0 8 0 23 1 7 1
0 8 3 23 1 7 2
0 9 24 23 2 7 1
0 9 21 23 3 6 1
0 5 4 23 6 5 1
0 5 4 23 6 5 2
0 5 4 23 6 6 1
0 5 4 23 6 6 2
0 5 4 23 6 7 1
0 5 4 23 6 7 2
0 5 4 23 6 8 1
0 5 4 23 6 8 2
0 5 3 23 6 9 1
0 5 4 23 6 9 2
0 5 24 23 6 10 1
0 3 0 23 9 5 1
0 3 0 23 9 5 2
0 3 25 23 10 5 1
0 3 25 23 10 6 1
0 6 25 23 10 7 1
0 9 25 23 11 5 1
0 9 11 23 11 6 1
0 9 22 23 11 7 1
0 9 22 23 11 8 1
0 9 22 23 11 9 1
0 9 12 23 13 5 1
0 9 12 23 13 6 1
0 9 12 23 13 7 1
0 9 11 23 13 8 1
0 9 21 23 13 9 1
0 8 25 23 14 5 1
0 8 25 23 14 6 1
0 8 24 23 14 7 1
0 8 10 23 14 8 1
0 9 26 23 16 6 1
0 9 24 23 16 7 1
0 9 24 23 16 8 1
0 6 25 23 17 6 1
0 4 25 23 17 7 1
0 4 23 23 17 8 1
0 8 14 23 18 6 1
0 8 24 23 18 7 1
0 8 12 23 18 8 1
0 8 22 23 18 9 1
0 9 25 23 19 7 1
0 4 26 23 20 7 1
0 10 3
0 10 26
0 10 3
0 10 26
0 10 31
0 10 26
0 10 3
0 10 26
0 10 3
0 10 3
0 10 26
0 10 31
0 10 26
0 10 26
0 12 23
0 12 23
0 12 2
0 12 4
0 12 23
0 12 4
0 12 26
0 12 23
0 12 2
0 12 24
0 12 4
0 12 10
0 12 3
0 12 3
0 12 24
0 12 2
0 12 12
0 12 4
0 12 11
0 12 3
0 12 2
0 12 4
0 12 24
0 12 4
0 12 2
0 12 23
0 12 3
0 12 22
0 12 22
0 12 23
0 12 24
0 12 4
0 12 12
0 12 23
0 12 23
0 12 4
0 12 4
0 12 3
0 12 14
0 12 1
0 12 11
0 12 23
0 12 24
0 12 23
0 12 3
0 12 3
0 12 3
0 12 4
0 12 23
0 12 3
0 12 4
0 12 22
0 12 22
0 12 4
0 12 3
0 12 23
0 12 25
0 12 3
0 12 4
0 12 14
0 12 11
0 12 25
0 12 3
0 12 22
0 12 22
0 12 23
0 12 10
0 12 3
0 12 24
0 12 3
0 12 4
0 12 24
0 12 3
0 12 4
0 12 3
0 12 4
0 12 4
0 12 24
0 12 3
0 12 24
0 12 23
0 12 12
0 12 23
0 12 4
0 12 22
0 12 23
0 12 23
0 12 25
0 12 4
0 12 12
0 12 4
0 12 24
0 12 23
0 12 23
0 12 23
0 12 0
0 12 12
0 12 2
0 12 11
0 12 22
0 12 24
0 12 24
0 12 3
0 12 23
0 12 4
0 12 12
0 12 4
0 12 23
0 12 3
0 12 3
0 12 22
0 12 0
0 12 23
0 12 4
0 12 22
0 12 23
0 12 23
0 12 2
0 12 22
0 12 3
0 12 4
0 12 25
0 12 3
0 12 4
0 12 23
0 12 4
0 12 0
0 12 26
0 12 23
0 12 4
0 12 3
0 12 3
0 12 3
0 12 3
0 12 22
0 12 23
0 12 23
0 12 22
0 12 15
0 12 4
0 12 3
0 12 12
0 12 15
0 12 23
0 12 3
0 12 23
0 12 14
0 12 4
0 12 12
0 1 23
0 1 21
0 1 12
0 1 21
0 1 13
0 1 1
0 1 4
0 1 23
0 1 23
0 1 25
0 1 24
0 1 21
0 1 23
0 1 23
0 1 3
0 1 12
0 1 22
0 1 0
0 1 23
0 1 24
0 1 25
0 1 24
0 1 21
0 1 0
0 1 23
0 1 21
0 1 23
0 1 23
0 1 23
0 1 0
0 1 1
0 1 24
0 1 23
0 1 0
0 1 22
0 1 22
0 1 4
0 1 23
0 1 23
0 1 10
0 1 12
0 1 11
0 1 2
0 1 23
0 1 0
0 1 3
0 1 11
0 1 22
0 1 22
0 1 3
0 1 24
0 1 22
0 1 12
0 1 22
0 1 0
0 1 0
0 1 22
0 1 23
0 1 22
0 1 3
0 1 4
0 1 23
0 1 3
0 1 25
0 1 24
0 1 4
0 1 14
0 1 24
0 1 23
0 1 21
0 1 23
0 1 4
0 1 22
0 1 4
0 1 21
0 2 22
0 2 23
0 2 25
0 2 1
0 2 22
0 2 10
0 2 22
0 2 22
0 2 22
0 2 0
0 2 4
0 2 22
0 2 12
0 2 10
0 2 3
0 2 3
0 2 22
0 2 24
0 2 22
0 2 0
0 2 22
0 2 0
0 2 21
0 2 0
0 2 25
0 2 11
0 2 22
0 2 3
0 2 24
0 2 10
0 2 2
0 2 3
0 2 2
0 2 12
0 2 11
0 2 22
0 2 22
0 2 22
0 2 24
0 2 12
0 2 14
0 2 10
0 2 13
0 2 11
0 2 4
0 2 21
0 2 23
0 2 22
0 2 12
0 2 14
0 2 23
0 2 0
0 2 22
0 2 3
0 2 2
0 2 24
0 2 22
0 2 11
0 2 21
0 2 23
0 2 11
0 2 22
0 2 0
0 2 22
0 2 21
0 2 4
0 2 1
0 2 22
0 2 10
0 2 12
0 2 10
0 2 14
0 2 25
0 2 0
0 2 0
0 2 22
0 2 11
0 2 21
0 2 12
0 2 24
0 2 23
0 2 3
0 2 22
0 2 24
0 2 23
0 2 22
0 2 24
0 2 3
0 2 11
0 2 2
0 2 0
0 2 23
0 2 22
0 2 22
0 2 3
0 2 11
0 2 3
0 2 4
0 2 22
0 2 0
0 2 22
0 2 1
0 2 24
0 2 13
0 2 23
0 2 22
0 2 21
0 2 3
0 2 22
0 2 21
0 2 22
0 2 21
0 2 22
0 2 22
0 2 13
0 2 21
0 2 0
0 2 21
0 2 0
0 2 2
0 2 21
0 2 22
0 2 23
0 2 15
0 2 22
0 2 15
0 2 22
0 2 10
0 2 10
0 2 21
0 2 10
0 2 22
0 2 23
0 2 23
0 2 10
0 2 23
0 2 22
0 2 24
0 2 23
0 2 24
0 2 2
0 2 22
0 2 2
0 2 2
0 2 11
0 2 22
0 2 11
0 2 22
0 2 4
0 2 25
0 2 21
0 2 23
0 2 3
0 2 3
0 2 12
0 2 13
0 2 22
0 2 0
0 2 23
0 2 23
0 2 3
0 2 0
0 2 21
0 2 10
0 2 22
0 2 23
0 2 24
0 2 22
0 2 23
0 2 3
0 2 22
0 2 0
0 2 23
0 2 1
0 2 13
0 2 22
0 4 26
0 4 24
0 4 24
0 4 22
0 4 12
0 4 23
0 4 2
0 4 22
0 4 4
0 4 25
0 4 23
0 4 11
0 4 25
0 4 2
0 4 22
0 4 22
0 4 24
0 4 3
0 4 2
0 4 14
0 4 25
0 4 3
0 4 3
0 4 23
0 4 23
0 4 11
0 4 23
0 4 3
0 4 6
0 4 13
0 4 26
0 4 11
0 4 22
0 4 23
0 4 25
0 4 11
0 4 4
0 4 3
0 4 23
0 4 4
0 4 23
0 4 24
0 4 22
0 4 4
0 4 22
0 4 23
0 4 21
0 4 3
0 5 23
0 5 24
0 5 11
0 5 11
0 5 23
0 5 4
0 5 13
0 5 1
0 5 22
0 5 13
0 5 11
0 5 12
0 5 23
0 5 14
0 5 26
0 5 1
0 5 23
0 5 25
0 5 3
0 5 25
0 5 23
0 5 0
0 5 3
0 5 22
0 5 23
0 6 25
0 6 23
0 6 23
0 6 22
0 6 10
0 6 14
0 6 4
0 6 2
0 6 25
0 6 11
0 6 22
0 6 26
0 6 4
0 6 23
0 6 4
0 6 3
0 6 25
0 6 23
0 6 24
0 6 25
0 6 2
0 6 24
0 6 15
0 6 0
0 6 25
0 6 23
0 6 0
0 6 4
0 6 3
0 6 26
0 6 23
0 6 24
0 6 23
0 6 14
0 6 4
0 6 4
0 6 4
0 6 21
0 6 25
0 6 4
0 6 25
0 6 25
0 6 23
0 6 2
0 6 22
0 6 22
0 6 2
0 6 23
0 6 12
0 6 25
0 6 2
0 6 23
0 6 25
0 6 2
0 6 11
0 6 24
0 6 23
0 6 3
0 6 3
0 6 24
0 6 25
0 6 11
0 6 24
0 6 25
0 6 4
0 6 3
0 6 1
0 6 24
0 6 3
0 6 24
0 6 14
0 6 26
0 6 4
0 6 25
0 6 4
0 6 12
0 6 26
0 6 23
0 6 11
0 6 3
0 6 25
0 6 0
0 6 2
0 6 23
0 6 12
0 6 11
0 6 26
0 6 12
0 6 25
0 6 2
0 6 26
0 6 11
0 6 23
0 6 25
0 6 25
0 6 14
0 6 11
0 6 26
0 6 24
0 6 24
0 6 23
0 6 10
0 6 2
0 6 3
0 6 2
0 6 24
0 6 15
0 6 4
0 6 24
0 6 25
0 6 2
0 6 26
0 6 0
0 6 3
0 6 4
0 6 23
0 6 0
0 6 25
0 6 0
0 6 28
0 6 24
0 6 4
0 6 23
0 6 4
0 6 14
0 6 26
0 6 22
0 6 25
0 6 23
0 6 23
0 6 23
0 6 0
0 6 4
0 6 23
0 6 2
0 6 3
0 6 22
0 6 25
0 6 11
0 6 10
0 6 26
0 6 27
0 6 25
0 6 14
0 6 24
0 6 21
0 6 12
0 6 21
0 6 22
0 6 26
0 6 3
0 6 24
0 6 13
0 6 0
0 6 3
0 6 4
0 6 13
0 6 24
0 6 23
0 6 0
0 6 11
0 6 22
0 6 10
0 6 3
0 6 12
0 6 0
0 6 24
0 6 26
0 6 31
0 6 11
0 6 3
0 6 22
0 6 4
0 6 22
0 6 23
0 6 25
0 6 3
0 6 22
0 6 23
0 6 24
0 6 25
0 6 11
0 6 24
0 6 12
0 6 23
0 6 23
0 6 23
0 6 0
0 6 11
0 6 3
0 6 13
0 6 24
0 6 11
0 6 1
0 6 13
0 6 10
0 6 23
0 6 22
0 6 0
0 6 2
0 6 23
0 6 2
0 6 0
0 6 26
0 6 25
0 6 23
0 6 25
0 6 23
0 6 27
0 6 3
0 6 4
0 6 23
0 6 1
0 6 22
0 6 4
0 6 13
0 6 3
0 6 24
0 6 24
0 6 24
0 6 3
0 6 26
0 6 0
0 6 3
0 6 23
0 6 22
0 6 21
0 6 2
0 6 14
0 6 23
0 6 25
0 6 4
0 6 0
0 6 2
0 6 23
0 6 4
0 6 0
0 6 25
0 6 22
0 6 22
0 6 26
0 6 23
0 6 24
0 6 3
0 6 12
0 6 27
0 6 10
0 6 26
0 6 4
0 6 25
0 6 24
0 6 22
0 6 2
0 6 25
0 6 10
0 6 24
0 6 23
0 6 3
0 6 15
0 6 3
0 6 13
0 6 3
0 6 30
0 6 11
0 6 11
0 6 10
0 6 23
0 6 0
0 6 1
0 6 22
0 6 4
0 6 23
0 6 0
0 6 2
0 6 24
0 6 3
0 6 2
0 6 25
0 6 4
0 6 4
0 6 4
0 6 23
0 6 25
0 6 23
0 6 26
0 6 24
0 6 31
0 6 12
0 6 24
0 6 24
0 6 23
0 6 2
0 6 25
0 6 26
0 6 4
0 6 28
0 6 25
0 6 3
0 6 24
0 6 0
0 6 12
0 6 3
0 6 23
0 6 23
0 6 24
0 6 24
0 6 25
0 6 31
0 6 22
0 6 24
0 6 24
0 6 3
0 6 4
0 6 26
0 6 12
0 6 26
0 6 23
0 6 4
0 6 4
0 6 11
0 6 15
0 6 23
0 6 25
0 6 22
0 6 24
0 6 24
0 6 12
0 6 24
0 6 23
0 6 4
0 6 10
0 6 24
0 6 26
0 6 28
0 6 13
0 6 25
0 6 23
0 6 2
0 6 1
0 6 12
0 6 12
0 6 23
0 6 24
0 6 0
0 6 12
0 6 23
0 6 4
0 6 3
0 6 25
0 6 3
0 6 23
0 6 1
0 6 12
0 6 22
0 6 4
0 6 11
0 6 26
0 6 14
0 6 29
0 6 23
0 6 3
0 6 22
0 6 1
0 6 3
0 6 12
0 6 3
0 6 4
0 6 25
0 6 4
0 6 23
0 6 22
0 6 11
0 6 13
0 8 3
0 8 3
0 9 12
0 9 23
0 9 0
0 9 3
0 9 25
0 9 10
0 9 24
0 9 11
0 9 29
0 9 11
0 9 1
0 9 22
0 9 10
0 9 3
0 9 10
0 9 24
0 9 1
0 9 11
0 9 13
0 9 24
0 9 22
0 9 29
0 9 24
0 9 22
0 9 22
0 9 12
0 9 12
0 9 13
0 9 24
0 9 11
0 9 13
0 9 12
0 9 13
0 9 22
0 9 14
0 9 22
0 9 22
0 9 11
0 9 0
0 9 0
0 9 10
0 9 11
0 9 23
0 9 13
0 9 25
0 9 11
0 9 22
0 9 13
0 9 13
0 9 24
0 9 28
0 9 3
0 9 12
0 9 23
0 9 13
0 9 22
0 9 23
0 9 11
0 9 4
0 9 23
0 9 0
0 9 24
0 9 25
0 9 25
0 9 12
0 9 24
0 9 10
0 9 24
0 9 25
0 9 24
0 9 23
0 9 12
0 9 12
0 9 12
0 9 10
0 9 24
0 9 24
0 9 12
0 9 23
0 9 12
0 9 22
0 9 29
0 9 0
0 9 3
0 9 22
0 9 10
0 9 22
0 9 3
0 9 22
0 9 0
0 9 10
0 9 23
0 9 26
0 9 23
0 9 10
0 9 24
0 9 10
0 9 11
0 9 24
0 9 22
0 9 13
0 9 23
0 9 12
0 9 1
0 9 12
0 9 11
0 9 22
0 9 14
0 9 1
0 9 0
0 9 13
0 9 11
0 9 24
0 9 11
0 9 23
0 9 24
0 9 10
0 9 14
0 9 23
0 9 10
0 9 10
0 9 24
0 9 24
0 9 0
0 9 13
0 9 12
0 9 3
0 9 11
0 9 3
0 9 24
0 9 22
0 9 24
0 9 10
0 9 21
0 9 3
0 9 11
0 9 12
0 9 0
0 9 0
0 9 23
0 9 11
0 9 24
0 9 23
0 9 3
0 9 15
0 9 23
0 9 13
0 9 3
0 9 0
0 9 23
0 9 14
0 9 21
0 9 23
0 9 13
0 9 13
0 9 21
0 9 23
0 9 11
0 9 0
0 9 23
0 9 12
0 9 3
0 9 0
0 9 3
0 9 25
0 9 24
0 9 11
0 9 24
0 9 13
0 9 0
0 9 22
0 9 10
0 9 23
0 9 12
0 9 2
0 9 24
0 9 14
0 9 23
0 9 14
0 9 23
0 9 23
0 9 23
0 9 12
0 9 10
0 9 11
0 9 23
0 9 13
0 9 4
0 9 10
0 9 14
0 9 11
0 9 22
0 9 22
0 9 24
0 9 0
0 9 3
0 9 24
0 9 0
0 9 11
0 9 1
0 9 23
0 9 23
0 9 0
0 9 22
0 9 11
0 9 11
0 9 24
0 9 23
0 9 3
0 9 11
0 9 1
0 9 24
0 9 22
0 9 24
0 9 12
0 9 23
0 9 22
0 9 0
0 9 22
0 9 11
0 9 11
0 9 3
0 6 0
0 3 21
0 3 25
0 6 13
0 3 11
0 9 23
0 9 12
0 3 25
0 3 26
0 3 26
0 3 26
0 3 26
0 3 4
0 3 4
0 3 3
0 3 4
0 3 29
0 11 31
0 9 29
0 8 31
0 8 28
0 9 15
0 9 15
0 2 29
0 2 29
0 8 30
0 8 28
0 8 14
0 9 23
0 9 24
0 9 25
0 9 25
0 9 14
0 9 14
0 9 3
0 9 3
0 9 0
0 9 2
0 9 24
0 3 26
0 9 23
0 9 23
0 9 24
0 9 14
0 9 14
0 9 4
0 9 4
0 9 4
0 9 3
0 9 3
0 9 4
0 10 25
0 3 15
0 8 24
0 8 24
0 8 26
0 8 15
0 8 3
0 8 4
0 8 4
0 8 3
0 8 3
0 8 3
0 8 23
0 8 25
0 8 14
0 8 15
0 8 4
0 8 4
0 8 4
0 8 4
0 8 4
0 8 4
0 7 30
0 7 26
0 7 31
0 7 31
0 7 3
0 7 3
0 8 30
0 7 30
0 8 26
0 7 23
0 7 25
0 2 3
0 7 4
0 9 4
0 7 7
0 7 3
0 7 3
0 2 14
0 2 15
0 2 15
0 2 15
0 2 15
0 2 31
0 2 4
0 2 3
0 8 30
0 8 31
0 7 30
0 7 30
0 7 30
0 7 21
0 7 22
0 7 15
0 7 31
0 7 31
0 7 4
0 7 3
0 3 23
0 3 25
0 3 14
0 3 26
0 3 26
0 3 26
0 8 4
0 8 4
0 3 3
0 3 3
0 7 4
0 7 4
0 7 4
0 7 4
0 8 25
0 7 26
0 3 23
0 3 24
0 3 25
0 3 25
0 3 25
0 3 25
0 3 25
0 3 3
0 3 3
0 7 14
0 7 25
0 7 14
0 3 25
0 3 30
0 3 30
0 3 30
0 9 25
0 9 14
0 9 24
0 3 31
0 7 30
0 7 30
0 9 26
0 3 25
0 7 31
0 7 30
0 7 31
0 7 30
0 2 12
0 2 25
0 2 14
0 2 26
0 2 15
0 2 31
0 2 4
0 2 4
0 2 3
0 2 3
0 7 22
0 7 25
0 7 14
0 7 30
0 7 31
0 7 31
0 7 31
0 7 31
0 7 30
0 9 24
0 9 24
0 11 26
0 11 26
0 7 22
0 1 15
0 1 15
0 1 31
0 7 31
0 7 4
0 7 3
0 7 31
0 7 25
0 7 14
0 7 30
0 7 30
0 7 31
0 4 22
0 4 11
0 4 12
0 4 25
0 4 2
0 4 4
0 8 4
0 11 4
0 4 3
0 4 3
0 4 4
0 4 4
0 7 30
0 4 21
0 4 10
0 4 22
0 4 12
0 4 26
0 4 3
0 4 4
0 10 4
0 4 3
0 4 3
0 4 3
0 9 23
0 9 12
0 9 12
0 10 25
0 2 29
0 5 24
0 5 26
0 5 15
0 5 4
0 5 4
0 5 4
0 5 0
0 5 3
0 5 3
0 8 26
0 8 3
0 8 4
0 8 3
0 8 3
0 7 25
0 9 24
0 9 0
0 8 26
0 7 3
0 7 2
0 8 24
0 8 26
0 2 15
0 2 15
0 9 10
0 9 22
0 9 23
0 9 23
0 9 25
0 9 14
0 9 4
0 9 4
0 9 0
0 9 3
0 9 3
0 9 3
0 5 21
0 5 10
0 1 0
0 1 0
0 8 23
0 8 25
0 8 25
0 8 25
0 3 25
0 3 22
0 3 11
0 1 22
0 4 21
0 4 28
0 3 25
0 3 14
0 3 30
0 3 30
0 7 22
0 7 29
0 7 29
0 7 29
0 7 29
0 3 22
0 3 25
0 3 25
0 3 25
0 3 30
0 8 25
0 9 10
0 9 10
0 9 22
0 9 2
0 9 0
0 9 22
0 9 11
0 3 25
0 3 25
0 8 25
0 8 14
0 9 21
0 9 23
0 4 28
0 9 12
0 5 0
0 9 0
0 7 23
0 6 23
0 1 24
0 3 22
0 3 23
0 3 12
0 3 24
0 3 24
0 7 25
0 3 21
0 3 10
0 3 25
0 3 25
0 3 26
0 3 26
0 3 26
0 3 26
0 3 26
0 6 11
0 6 23
0 4 24
0 4 24
0 4 13
0 4 13
0 11 24
0 11 13
0 11 0
0 11 0
0 11 1
0 11 3
0 11 3
0 11 3
0 11 2
0 11 4
0 11 4
0 11 4
0 11 4
0 11 4
0 3 3
0 9 21
0 7 24
0 6 25
0 3 27
0 8 25
0 8 26
0 7 3
0 3 2
0 3 25
0 8 25
0 2 14
0 1 11
0 1 11
0 2 22
0 2 22
0 2 22
0 2 23
0 2 23
0 9 22
0 9 12
0 9 24
0 9 24
0 9 24
0 3 11
0 9 12
0 4 0
0 9 12
0 9 13
0 4 24
0 3 25
0 3 14
0 3 3
0 3 3
0 9 11
0 6 4
0 4 24
