# Parameters: nPorts nContainers
13 5522
# Transport type: id length=(20,40) weight type=(DC,RC,HC,HR)
0 20 3 DC
1 20 9 DC
2 20 14 DC
3 20 21 DC
4 20 27 DC
5 20 3 RC
6 20 9 RC
7 20 14 RC
8 20 21 RC
9 20 27 RC
10 40 3 DC
11 40 6 DC
12 40 9 DC
13 40 14 DC
14 40 21 DC
15 40 27 DC
16 40 3 RC
17 40 9 RC
18 40 14 RC
19 40 21 RC
20 40 27 RC
21 40 3 HC
22 40 6 HC
23 40 9 HC
24 40 14 HC
25 40 21 HC
26 40 27 HC
27 40 3 HR
28 40 9 HR
29 40 14 HR
30 40 21 HR
31 40 27 HR
32 40 3 HC
33 40 6 HC
34 40 9 HC
35 40 14 HC
36 40 21 HC
37 40 27 HC
# Container: startPort endPort typeId [bay stack tier slot]
0 2 0 1 2 12 1
0 2 3 1 2 12 2
0 2 0 1 2 13 1
0 2 0 1 2 13 2
0 2 0 1 2 14 1
0 2 0 1 2 14 2
0 2 11 1 2 15 1
0 2 22 1 2 16 1
0 2 3 1 3 12 1
0 2 3 1 3 12 2
0 2 26 1 3 13 1
0 2 26 1 3 14 1
0 2 26 1 3 15 1
0 2 14 1 3 16 1
0 1 24 1 3 17 1
0 3 3 1 5 12 1
0 3 4 1 5 12 2
0 3 0 1 5 13 1
0 3 3 1 5 13 2
0 5 23 1 5 14 1
0 5 23 1 5 15 1
0 5 23 1 5 16 1
0 5 21 1 5 17 1
0 5 3 1 6 9 1
0 5 4 1 6 9 2
0 5 24 1 6 10 1
0 1 3 1 7 8 1
0 1 4 1 7 8 2
0 1 3 1 7 9 1
0 1 3 1 7 9 2
0 1 26 1 7 10 1
0 2 0 1 8 8 1
0 2 1 1 8 8 2
0 2 0 1 8 9 1
0 2 0 1 8 9 2
0 2 3 1 9 6 1
0 2 4 1 9 6 2
0 2 3 1 9 7 1
0 2 4 1 9 7 2
0 2 3 1 9 8 1
0 2 4 1 9 8 2
0 2 2 1 9 9 1
0 2 3 1 9 9 2
0 2 23 1 9 10 1
0 2 24 1 10 3 1
0 2 24 1 10 4 1
0 2 23 1 10 5 1
0 2 23 1 10 6 1
0 2 23 1 10 7 1
0 2 23 1 10 8 1
0 2 23 1 10 9 1
0 1 3 1 11 3 1
0 1 3 1 11 3 2
0 1 15 1 11 4 1
0 1 26 1 11 5 1
0 1 14 1 11 6 1
0 1 25 1 11 7 1
0 1 25 1 11 8 1
0 1 25 1 11 9 1
0 1 24 1 13 8 1
0 1 23 1 13 9 1
0 1 15 1 14 8 1
0 1 15 1 14 9 1
0 1 24 1 14 10 1
0 2 14 2 1 12 1
0 2 11 2 1 13 1
0 2 11 2 1 14 1
0 7 4 2 3 12 1
0 7 4 2 3 12 2
0 7 3 2 3 13 1
0 7 4 2 3 13 2
0 7 3 2 3 14 1
0 7 1 2 3 14 2
0 7 3 2 3 15 1
0 8 0 2 3 15 2
0 7 13 2 3 16 1
0 7 24 2 3 17 1
0 7 21 2 3 18 1
0 4 4 2 4 12 1
0 4 4 2 4 12 2
0 4 25 2 4 13 1
0 4 25 2 4 14 1
0 4 25 2 4 15 1
0 4 25 2 4 16 1
0 4 25 2 4 17 1
0 4 24 2 4 18 1
0 10 3 2 11 12 1
0 10 3 2 11 12 2
0 10 2 2 11 13 1
0 10 3 2 11 13 2
0 10 0 2 11 14 1
0 10 3 2 11 14 2
0 10 25 2 11 15 1
0 10 24 2 11 16 1
0 10 24 2 11 17 1
0 10 24 2 11 18 1
0 2 0 2 16 12 1
0 2 4 2 16 12 2
0 2 24 2 16 13 1
0 5 13 2 16 14 1
0 5 12 2 16 15 1
0 5 23 2 16 16 1
0 5 22 2 16 17 1
0 5 10 2 16 18 1
0 4 24 2 17 12 1
0 4 23 2 17 13 1
0 4 23 2 17 14 1
0 4 22 2 17 15 1
0 8 10 2 17 16 1
0 8 21 2 17 17 1
0 1 4 2 18 12 1
0 1 4 2 18 12 2
0 1 3 2 18 13 1
0 1 4 2 18 13 2
0 1 3 2 18 14 1
0 1 4 2 18 14 2
0 1 24 2 18 15 1
0 1 23 2 18 16 1
0 1 11 2 18 17 1
0 1 10 2 18 18 1
0 3 3 2 20 12 1
0 3 3 2 20 12 2
0 3 25 2 20 13 1
0 3 25 2 20 14 1
0 3 25 2 20 15 1
0 3 25 2 20 16 1
0 3 25 2 20 17 1
0 3 25 2 20 18 1
0 4 14 2 6 7 1
0 4 25 2 6 8 1
0 4 25 2 6 9 1
0 3 3 2 7 5 1
0 4 4 2 7 5 2
0 4 24 2 7 6 1
0 4 24 2 7 7 1
0 4 23 2 7 8 1
0 4 23 2 7 9 1
0 4 4 2 8 5 1
0 4 4 2 8 5 2
0 4 4 2 8 6 1
0 4 4 2 8 6 2
0 4 15 2 8 7 1
0 4 15 2 8 8 1
0 5 3 2 9 3 1
0 5 4 2 9 3 2
0 5 2 2 9 4 1
0 5 4 2 9 4 2
0 5 2 2 9 5 1
0 5 3 2 9 5 2
0 5 25 2 9 6 1
0 5 25 2 9 7 1
0 5 23 2 9 8 1
0 5 23 2 9 9 1
0 2 4 2 10 0 1
0 2 4 2 10 0 2
0 2 12 2 10 1 1
0 2 23 2 10 2 1
0 2 23 2 10 3 1
0 2 23 2 10 4 1
0 2 11 2 10 5 1
0 2 22 2 10 6 1
0 2 21 2 10 7 1
0 2 21 2 10 8 1
0 2 21 2 10 9 1
0 3 4 2 12 3 1
0 3 4 2 12 3 2
0 3 25 2 12 4 1
0 2 10 2 12 5 1
0 1 10 2 12 6 1
0 1 3 2 13 5 1
0 1 4 2 13 5 2
0 1 3 2 13 6 1
0 1 4 2 13 6 2
0 1 3 2 13 7 1
0 1 4 2 13 7 2
0 1 3 2 13 8 1
0 1 4 2 13 8 2
0 1 25 2 13 9 1
0 1 14 2 13 10 1
0 1 4 2 14 5 1
0 1 4 2 14 5 2
0 1 26 2 14 6 1
0 1 14 2 14 7 1
0 1 14 2 14 8 1
0 1 14 2 14 9 1
0 1 14 2 14 10 1
0 5 11 3 11 12 1
0 5 11 3 11 13 1
0 2 3 3 12 12 1
0 2 4 3 12 12 2
0 2 26 3 12 13 1
0 2 13 3 12 14 1
0 2 24 3 12 15 1
0 2 12 3 12 16 1
0 2 23 3 12 17 1
0 2 23 3 12 18 1
0 2 3 3 13 12 1
0 2 4 3 13 12 2
0 2 3 3 13 13 1
0 2 3 3 13 13 2
0 2 3 3 13 14 1
0 2 3 3 13 14 2
0 2 1 3 13 15 1
0 2 3 3 13 15 2
0 2 23 3 13 16 1
0 2 21 3 13 17 1
0 2 21 3 13 18 1
0 5 2 3 14 12 1
0 5 4 3 14 12 2
0 5 23 3 14 13 1
0 5 22 3 14 14 1
0 5 22 3 14 15 1
0 5 22 3 14 16 1
0 5 21 3 14 17 1
0 2 14 3 15 12 1
0 2 24 3 15 13 1
0 2 23 3 15 14 1
0 2 22 3 15 15 1
0 2 22 3 15 16 1
0 2 22 3 15 17 1
0 2 22 3 15 18 1
0 1 25 3 2 9 1
0 4 14 3 2 10 1
0 2 2 3 5 6 1
0 2 3 3 5 6 2
0 2 24 3 5 7 1
0 5 12 3 5 8 1
0 5 23 3 5 9 1
0 1 4 3 6 4 1
0 1 4 3 6 4 2
0 1 3 3 6 5 1
0 1 4 3 6 5 2
0 1 15 3 6 6 1
0 1 26 3 6 7 1
0 1 14 3 6 8 1
0 1 14 3 6 9 1
0 1 14 3 6 10 1
0 3 0 3 7 4 1
0 3 0 3 7 4 2
0 2 25 3 8 3 1
0 2 12 3 8 4 1
0 2 12 3 8 5 1
0 2 12 3 8 6 1
0 2 12 3 8 7 1
0 2 12 3 8 8 1
0 2 12 3 8 9 1
0 2 11 3 8 10 1
0 2 12 3 9 2 1
0 2 12 3 9 3 1
0 2 12 3 9 4 1
0 2 23 3 9 5 1
0 2 23 3 9 6 1
0 2 22 3 9 7 1
0 2 22 3 9 8 1
0 2 24 3 10 0 1
0 2 12 3 10 1 1
0 2 12 3 10 2 1
0 2 12 3 10 3 1
0 2 12 3 10 4 1
0 2 12 3 10 5 1
0 2 23 3 10 6 1
0 2 11 3 10 7 1
0 2 11 3 10 8 1
0 2 11 3 10 9 1
0 2 1 3 11 0 1
0 2 3 3 11 0 2
0 2 14 3 11 1 1
0 2 13 3 11 2 1
0 4 23 3 11 3 1
0 9 12 3 11 4 1
0 9 23 3 11 5 1
0 9 22 3 11 6 1
0 5 4 3 12 2 1
0 5 4 3 12 2 2
0 5 3 3 12 3 1
0 5 4 3 12 3 2
0 5 15 3 12 4 1
0 5 24 3 12 5 1
0 5 23 3 12 6 1
0 5 23 3 12 7 1
0 5 23 3 12 8 1
0 5 23 3 12 9 1
0 5 3 3 13 3 1
0 5 4 3 13 3 2
0 5 2 3 13 4 1
0 5 4 3 13 4 2
0 5 0 3 13 5 1
0 5 4 3 13 5 2
0 5 26 3 13 6 1
0 5 13 3 13 7 1
0 5 12 3 13 8 1
0 5 12 3 13 9 1
0 5 12 3 13 10 1
0 5 3 3 14 4 1
0 5 4 3 14 4 2
0 5 3 3 14 5 1
0 5 4 3 14 5 2
0 5 3 3 14 6 1
0 5 4 3 14 6 2
0 5 2 3 14 7 1
0 5 4 3 14 7 2
0 5 2 3 14 8 1
0 5 3 3 14 8 2
0 5 24 3 14 9 1
0 5 12 3 14 10 1
0 2 1 3 15 4 1
0 4 4 3 15 4 2
0 2 26 3 15 5 1
0 5 23 3 15 6 1
0 5 22 3 15 7 1
0 1 3 3 16 6 1
0 1 3 3 16 6 2
0 4 3 3 16 7 1
0 4 3 3 16 7 2
0 4 3 3 16 8 1
0 4 3 3 16 8 2
0 4 12 3 16 9 1
0 4 22 3 16 10 1
0 2 0 4 11 12 1
0 2 2 4 11 12 2
0 2 24 4 11 13 1
0 2 12 4 11 14 1
0 2 23 4 11 15 1
0 2 23 4 11 16 1
0 2 22 4 11 17 1
0 2 10 4 11 18 1
0 2 0 4 12 12 1
0 2 3 4 12 12 2
0 2 12 4 12 13 1
0 2 12 4 12 14 1
0 2 22 4 12 15 1
0 2 10 4 12 16 1
0 2 10 4 12 17 1
0 2 21 4 12 18 1
0 2 1 4 13 12 1
0 2 2 4 13 12 2
0 2 14 4 13 13 1
0 2 24 4 13 14 1
0 2 12 4 13 15 1
0 2 23 4 13 16 1
0 2 22 4 13 17 1
0 2 22 4 13 18 1
0 3 4 4 2 9 1
0 3 4 4 2 9 2
0 3 25 4 2 10 1
0 1 4 4 3 9 1
0 3 4 4 3 9 2
0 1 3 4 3 10 1
0 1 3 4 3 10 2
0 2 0 4 6 4 1
0 2 3 4 6 4 2
0 2 14 4 6 5 1
0 2 12 4 6 6 1
0 2 10 4 6 7 1
0 2 10 4 6 8 1
0 2 21 4 6 9 1
0 2 10 4 6 10 1
0 2 0 4 8 3 1
0 2 2 4 8 3 2
0 2 0 4 8 4 1
0 2 1 4 8 4 2
0 2 23 4 8 5 1
0 2 23 4 8 6 1
0 2 11 4 8 7 1
0 2 10 4 8 8 1
0 1 10 4 8 9 1
0 5 3 4 9 2 1
0 5 4 4 9 2 2
0 5 1 4 9 3 1
0 5 4 4 9 3 2
0 5 0 4 9 4 1
0 5 3 4 9 4 2
0 5 23 4 9 5 1
0 5 23 4 9 6 1
0 5 23 4 9 7 1
0 5 23 4 9 8 1
0 5 23 4 9 9 1
0 2 25 4 10 0 1
0 2 13 4 10 1 1
0 2 24 4 10 2 1
0 2 24 4 10 3 1
0 2 23 4 10 4 1
0 2 23 4 10 5 1
0 2 22 4 10 6 1
0 2 22 4 10 7 1
0 2 22 4 10 8 1
0 2 22 4 10 9 1
0 8 3 4 11 0 1
0 8 3 4 11 0 2
0 8 2 4 11 1 1
0 8 3 4 11 1 2
0 8 15 4 11 2 1
0 8 26 4 11 3 1
0 8 13 4 11 4 1
0 8 12 4 11 5 1
0 8 12 4 11 6 1
0 8 23 4 11 7 1
0 8 23 4 11 8 1
0 8 23 4 11 9 1
0 2 14 4 12 2 1
0 2 13 4 12 3 1
0 2 13 4 12 4 1
0 2 13 4 12 5 1
0 2 24 4 12 6 1
0 2 12 4 12 7 1
0 2 12 4 12 8 1
0 2 12 4 12 9 1
0 2 11 4 12 10 1
0 5 1 4 13 3 1
0 5 3 4 13 3 2
0 5 25 4 13 4 1
0 5 25 4 13 5 1
0 5 25 4 13 6 1
0 5 12 4 13 7 1
0 5 23 4 13 8 1
0 5 11 4 13 9 1
0 7 1 4 14 4 1
0 7 4 4 14 4 2
0 7 25 4 14 5 1
0 7 25 4 14 6 1
0 7 25 4 14 7 1
0 7 13 4 14 8 1
0 7 13 4 14 9 1
0 2 1 4 15 4 1
0 2 4 4 15 4 2
0 2 23 4 15 5 1
0 2 23 4 15 6 1
0 2 23 4 15 7 1
0 2 23 4 15 8 1
0 2 22 4 15 9 1
0 5 3 4 17 8 1
0 5 4 4 17 8 2
0 5 3 4 17 9 1
0 5 3 4 17 9 2
0 5 2 4 17 10 1
0 5 3 4 17 10 2
0 8 4 4 18 9 1
0 8 4 4 18 9 2
0 8 12 4 18 10 1
0 2 1 4 19 9 1
0 8 3 4 19 9 2
0 1 15 4 19 10 1
0 4 2 5 1 8 1
0 4 3 5 1 8 2
0 4 2 5 1 9 1
0 4 3 5 1 9 2
0 4 1 5 1 10 1
0 4 2 5 1 10 2
0 3 4 5 8 1 1
0 4 4 5 8 1 2
0 7 3 5 8 2 1
0 7 4 5 8 2 2
0 7 3 5 8 3 1
0 7 3 5 8 3 2
0 7 2 5 8 4 1
0 7 3 5 8 4 2
0 7 25 5 8 5 1
0 7 25 5 8 6 1
0 7 25 5 8 7 1
0 7 23 5 8 8 1
0 7 23 5 8 9 1
0 1 3 5 9 1 1
0 1 8 5 9 1 2
0 1 3 5 9 2 1
0 1 3 5 9 2 2
0 1 3 5 9 3 1
0 1 3 5 9 3 2
0 1 7 5 9 4 1
0 1 3 5 9 4 2
0 1 31 5 9 5 1
0 1 30 5 9 6 1
0 1 30 5 9 7 1
0 1 30 5 9 8 1
0 2 21 5 9 9 1
0 2 0 5 10 1 1
0 2 2 5 10 1 2
0 2 24 5 10 2 1
0 2 23 5 10 3 1
0 2 11 5 10 4 1
0 2 22 5 10 5 1
0 2 22 5 10 6 1
0 2 22 5 10 7 1
0 2 21 5 10 8 1
0 2 21 5 10 9 1
0 4 3 5 11 1 1
0 4 4 5 11 1 2
0 4 3 5 11 2 1
0 4 4 5 11 2 2
0 4 1 5 11 3 1
0 4 3 5 11 3 2
0 4 30 5 11 4 1
0 4 13 5 11 5 1
0 4 24 5 11 6 1
0 4 23 5 11 7 1
0 4 22 5 11 8 1
0 4 22 5 11 9 1
0 5 3 5 12 1 1
0 5 4 5 12 1 2
0 5 3 5 12 2 1
0 5 4 5 12 2 2
0 5 3 5 12 3 1
0 5 3 5 12 3 2
0 5 3 5 12 4 1
0 5 3 5 12 4 2
0 5 2 5 12 5 1
0 5 3 5 12 5 2
0 5 2 5 12 6 1
0 5 3 5 12 6 2
0 5 2 5 12 7 1
0 5 3 5 12 7 2
0 5 15 5 12 8 1
0 5 15 5 12 9 1
0 5 26 5 12 10 1
0 3 4 5 13 1 1
0 3 4 5 13 1 2
0 3 3 5 13 2 1
0 3 4 5 13 2 2
0 3 26 5 13 3 1
0 3 30 5 13 4 1
0 3 25 5 13 5 1
0 3 25 5 13 6 1
0 3 25 5 13 7 1
0 3 25 5 13 8 1
0 3 25 5 13 9 1
0 1 31 5 16 4 1
0 1 31 5 16 5 1
0 1 30 5 16 6 1
0 1 30 5 16 7 1
0 1 30 5 16 8 1
0 1 24 5 16 9 1
0 1 31 5 20 8 1
0 4 23 6 2 7 1
0 2 12 6 2 8 1
0 2 12 6 2 9 1
0 2 12 6 2 10 1
0 3 4 6 3 6 1
0 3 4 6 3 6 2
0 3 4 6 3 7 1
0 3 4 6 3 7 2
0 1 3 6 3 8 1
0 3 4 6 3 8 2
0 1 23 6 3 9 1
0 6 12 6 3 10 1
0 4 4 6 4 5 1
0 4 4 6 4 5 2
0 4 4 6 4 6 1
0 4 4 6 4 6 2
0 4 4 6 6 2 1
0 4 4 6 6 2 2
0 4 4 6 6 3 1
0 4 4 6 6 3 2
0 4 3 6 6 4 1
0 4 4 6 6 4 2
0 4 25 6 6 5 1
0 4 25 6 6 6 1
0 4 25 6 6 7 1
0 4 24 6 6 8 1
0 4 22 6 6 9 1
0 2 24 6 7 1 1
0 2 24 6 7 2 1
0 2 24 6 7 3 1
0 5 24 6 7 4 1
0 5 23 6 7 5 1
0 5 21 6 7 6 1
0 3 4 6 8 1 1
0 3 4 6 8 1 2
0 3 4 6 8 2 1
0 3 4 6 8 2 2
0 3 4 6 8 3 1
0 3 4 6 8 3 2
0 3 4 6 8 4 1
0 3 4 6 8 4 2
0 3 3 6 8 5 1
0 3 4 6 8 5 2
0 3 3 6 8 6 1
0 3 4 6 8 6 2
0 3 3 6 8 7 1
0 3 4 6 8 7 2
0 3 3 6 8 8 1
0 3 3 6 8 8 2
0 3 15 6 8 9 1
0 3 26 6 8 10 1
0 2 25 6 9 1 1
0 2 13 6 9 2 1
0 2 24 6 9 3 1
0 2 24 6 9 4 1
0 2 23 6 9 5 1
0 2 23 6 9 6 1
0 2 23 6 9 7 1
0 2 23 6 9 8 1
0 2 25 6 11 1 1
0 2 25 6 11 2 1
0 2 24 6 11 3 1
0 2 12 6 11 4 1
0 2 12 6 11 5 1
0 2 12 6 11 6 1
0 2 11 6 11 7 1
0 2 22 6 11 8 1
0 2 22 6 11 9 1
0 10 3 6 14 1 1
0 10 4 6 14 1 2
0 10 3 6 14 2 1
0 10 4 6 14 2 2
0 10 3 6 14 3 1
0 10 4 6 14 3 2
0 10 3 6 14 4 1
0 10 4 6 14 4 2
0 10 3 6 14 5 1
0 10 4 6 14 5 2
0 10 2 6 14 6 1
0 10 4 6 14 6 2
0 10 25 6 14 7 1
0 10 25 6 14 8 1
0 10 25 6 14 9 1
0 8 3 6 16 4 1
0 8 3 6 16 4 2
0 8 3 6 16 5 1
0 8 3 6 16 5 2
0 8 2 6 16 6 1
0 8 3 6 16 6 2
0 8 12 6 16 7 1
0 8 12 6 16 8 1
0 8 11 6 16 9 1
0 8 22 6 16 10 1
0 6 3 6 17 5 1
0 6 3 6 17 5 2
0 6 3 6 17 6 1
0 6 3 6 17 6 2
0 6 2 6 17 7 1
0 6 3 6 17 7 2
0 6 13 6 17 8 1
0 6 13 6 17 9 1
0 6 24 6 17 10 1
0 2 2 6 18 6 1
0 2 3 6 18 6 2
0 2 0 6 18 7 1
0 2 2 6 18 7 2
0 2 23 6 18 8 1
0 2 11 6 18 9 1
0 2 10 6 18 10 1
0 2 14 6 19 7 1
0 2 14 6 19 8 1
0 2 14 6 19 9 1
0 2 24 6 19 10 1
0 2 14 6 20 8 1
0 2 24 6 20 9 1
0 2 24 7 0 12 1
0 2 12 7 0 13 1
0 2 12 7 0 14 1
0 2 23 7 0 15 1
0 2 22 7 0 16 1
0 2 22 7 0 17 1
0 2 10 7 0 18 1
0 2 21 7 0 19 1
0 2 0 7 2 12 1
0 2 3 7 2 12 2
0 2 0 7 2 13 1
0 2 3 7 2 13 2
0 2 30 7 2 14 1
0 2 25 7 2 15 1
0 2 13 7 2 16 1
0 2 12 7 2 17 1
0 2 12 7 2 18 1
0 2 23 7 2 19 1
0 3 4 7 3 12 1
0 3 4 7 3 12 2
0 3 4 7 3 13 1
0 3 4 7 3 13 2
0 3 4 7 3 14 1
0 3 4 7 3 14 2
0 3 3 7 3 15 1
0 3 4 7 3 15 2
0 3 25 7 3 16 1
0 2 22 7 3 17 1
0 1 4 7 5 12 1
0 1 4 7 5 12 2
0 3 3 7 5 13 1
0 1 4 7 5 13 2
0 1 30 7 5 14 1
0 1 14 7 5 15 1
0 1 25 7 5 16 1
0 1 24 7 5 17 1
0 1 23 7 5 18 1
0 1 22 7 5 19 1
0 2 1 7 6 12 1
0 2 4 7 6 12 2
0 2 0 7 6 13 1
0 2 2 7 6 13 2
0 2 13 7 6 14 1
0 2 12 7 6 15 1
0 2 23 7 6 16 1
0 2 11 7 6 17 1
0 2 22 7 6 18 1
0 2 22 7 6 19 1
0 2 0 7 7 12 1
0 2 2 7 7 12 2
0 2 29 7 7 13 1
0 2 24 7 7 14 1
0 2 24 7 7 15 1
0 2 23 7 7 16 1
0 2 23 7 7 17 1
0 2 11 7 7 18 1
0 2 22 7 7 19 1
0 8 0 7 8 12 1
0 8 4 7 8 12 2
0 8 0 7 8 13 1
0 8 3 7 8 13 2
0 8 24 7 8 14 1
0 8 23 7 8 15 1
0 8 23 7 8 16 1
0 8 23 7 8 17 1
0 8 11 7 8 18 1
0 8 22 7 8 19 1
0 2 3 7 10 12 1
0 2 4 7 10 12 2
0 2 25 7 10 13 1
0 2 25 7 10 14 1
0 2 13 7 10 15 1
0 2 13 7 10 16 1
0 2 24 7 10 17 1
0 2 24 7 10 18 1
0 2 24 7 10 19 1
0 2 2 7 11 12 1
0 2 4 7 11 12 2
0 2 2 7 11 13 1
0 2 3 7 11 13 2
0 2 23 7 11 14 1
0 2 23 7 11 15 1
0 2 23 7 11 16 1
0 2 22 7 11 17 1
0 2 22 7 11 18 1
0 2 22 7 11 19 1
0 2 13 7 12 12 1
0 2 13 7 12 13 1
0 2 24 7 12 14 1
0 2 12 7 12 15 1
0 2 23 7 12 16 1
0 2 11 7 12 17 1
0 2 22 7 12 18 1
0 2 22 7 12 19 1
0 2 2 7 13 12 1
0 2 3 7 13 12 2
0 2 0 7 13 13 1
0 2 3 7 13 13 2
0 2 12 7 13 14 1
0 2 23 7 13 15 1
0 2 23 7 13 16 1
0 2 23 7 13 17 1
0 2 23 7 13 18 1
0 2 22 7 13 19 1
0 2 0 7 14 12 1
0 2 3 7 14 12 2
0 2 30 7 14 13 1
0 2 13 7 14 14 1
0 2 24 7 14 15 1
0 2 12 7 14 16 1
0 2 23 7 14 17 1
0 2 23 7 14 18 1
0 2 22 7 14 19 1
0 2 23 7 15 12 1
0 2 11 7 15 13 1
0 2 11 7 15 14 1
0 2 11 7 15 15 1
0 2 11 7 15 16 1
0 2 11 7 15 17 1
0 2 11 7 15 18 1
0 2 10 7 15 19 1
0 2 30 7 1 6 1
0 2 29 7 1 7 1
0 5 24 7 1 8 1
0 5 24 7 1 9 1
0 2 15 7 2 5 1
0 2 15 7 2 6 1
0 2 26 7 2 7 1
0 2 14 7 2 8 1
0 2 25 7 2 9 1
0 2 23 7 3 3 1
0 2 23 7 3 4 1
0 2 11 7 3 5 1
0 2 22 7 3 6 1
0 2 10 7 3 7 1
0 2 21 7 3 8 1
0 4 21 7 3 9 1
0 3 4 7 4 2 1
0 3 4 7 4 2 2
0 3 4 7 4 3 1
0 3 4 7 4 3 2
0 3 4 7 4 4 1
0 3 4 7 4 4 2
0 3 4 7 4 5 1
0 3 4 7 4 5 2
0 3 4 7 4 6 1
0 3 4 7 4 6 2
0 3 25 7 4 7 1
0 3 25 7 4 8 1
0 5 25 7 4 9 1
0 2 24 7 5 1 1
0 2 24 7 5 2 1
0 2 12 7 5 3 1
0 2 12 7 5 4 1
0 2 12 7 5 5 1
0 2 23 7 5 6 1
0 2 23 7 5 7 1
0 2 23 7 5 8 1
0 2 22 7 5 9 1
0 2 0 7 6 0 1
0 2 0 7 6 0 2
0 8 0 7 6 1 1
0 8 0 7 6 1 2
0 2 14 7 7 0 1
0 2 25 7 7 1 1
0 2 12 7 7 2 1
0 2 12 7 7 3 1
0 2 23 7 7 4 1
0 2 23 7 7 5 1
0 2 23 7 7 6 1
0 2 11 7 7 7 1
0 2 11 7 7 8 1
0 2 11 7 7 9 1
0 2 24 7 8 0 1
0 2 24 7 8 1 1
0 2 24 7 8 2 1
0 2 24 7 8 3 1
0 2 24 7 8 4 1
0 2 24 7 8 5 1
0 2 24 7 8 6 1
0 2 23 7 8 7 1
0 2 22 7 8 8 1
0 2 22 7 8 9 1
0 2 3 7 9 0 1
0 2 4 7 9 0 2
0 2 3 7 9 1 1
0 2 3 7 9 1 2
0 2 0 7 9 2 1
0 2 3 7 9 2 2
0 2 24 7 9 3 1
0 2 24 7 9 4 1
0 2 24 7 9 5 1
0 2 24 7 9 6 1
0 2 12 7 9 7 1
0 2 23 7 9 8 1
0 2 10 7 9 9 1
0 7 3 7 10 0 1
0 7 3 7 10 0 2
0 7 26 7 10 1 1
0 7 30 7 10 2 1
0 7 30 7 10 3 1
0 7 14 7 10 4 1
0 7 12 7 10 5 1
0 7 23 7 10 6 1
0 7 22 7 10 7 1
0 7 22 7 10 8 1
0 7 22 7 10 9 1
0 5 25 7 11 0 1
0 5 25 7 11 1 1
0 5 25 7 11 2 1
0 5 25 7 11 3 1
0 5 25 7 11 4 1
0 5 25 7 11 5 1
0 5 25 7 11 6 1
0 5 25 7 11 7 1
0 9 25 7 11 8 1
0 9 25 7 11 9 1
0 5 3 7 12 0 1
0 5 4 7 12 0 2
0 5 2 7 12 1 1
0 5 3 7 12 1 2
0 5 2 7 12 2 1
0 5 3 7 12 2 2
0 5 15 7 12 3 1
0 5 15 7 12 4 1
0 5 26 7 12 5 1
0 5 26 7 12 6 1
0 5 26 7 12 7 1
0 5 25 7 12 8 1
0 5 25 7 12 9 1
0 2 0 7 13 0 1
0 2 3 7 13 0 2
0 2 30 7 13 1 1
0 2 14 7 13 2 1
0 2 14 7 13 3 1
0 2 25 7 13 4 1
0 2 25 7 13 5 1
0 2 25 7 13 6 1
0 2 13 7 13 7 1
0 2 24 7 13 8 1
0 2 11 7 13 9 1
0 7 2 7 14 0 1
0 7 3 7 14 0 2
0 7 1 7 14 1 1
0 7 3 7 14 1 2
0 7 25 7 14 2 1
0 7 24 7 14 3 1
0 7 24 7 14 4 1
0 7 23 7 14 5 1
0 7 23 7 14 6 1
0 7 23 7 14 7 1
0 7 23 7 14 8 1
0 7 23 7 14 9 1
0 5 3 7 15 0 1
0 5 3 7 15 0 2
0 5 11 7 15 1 1
0 5 22 7 15 2 1
0 5 22 7 15 3 1
0 5 22 7 15 4 1
0 5 22 7 15 5 1
0 5 22 7 15 6 1
0 5 22 7 15 7 1
0 5 10 7 15 8 1
0 5 21 7 15 9 1
0 2 2 7 16 1 1
0 2 4 7 16 1 2
0 2 24 7 16 2 1
0 2 12 7 16 3 1
0 2 12 7 16 4 1
0 2 23 7 16 5 1
0 2 11 7 16 6 1
0 2 22 7 16 7 1
0 2 22 7 16 8 1
0 2 10 7 16 9 1
0 2 13 7 17 2 1
0 2 13 7 17 3 1
0 2 24 7 17 4 1
0 2 24 7 17 5 1
0 2 24 7 17 6 1
0 2 24 7 17 7 1
0 2 12 7 17 8 1
0 2 23 7 17 9 1
0 10 3 7 18 3 1
0 10 4 7 18 3 2
0 10 2 7 18 4 1
0 10 3 7 18 4 2
0 10 1 7 18 5 1
0 10 3 7 18 5 2
0 10 24 7 18 6 1
0 10 24 7 18 7 1
0 10 12 7 18 8 1
0 10 23 7 18 9 1
0 5 1 7 19 5 1
0 5 2 7 19 5 2
0 5 14 7 19 6 1
0 5 14 7 19 7 1
0 5 13 7 19 8 1
0 5 23 7 19 9 1
0 5 11 7 19 10 1
0 3 3 7 20 6 1
0 3 3 7 20 6 2
0 2 2 8 2 12 1
0 2 3 8 2 12 2
0 2 24 8 2 13 1
0 2 24 8 2 14 1
0 2 24 8 2 15 1
0 2 24 8 2 16 1
0 2 12 8 2 17 1
0 2 12 8 2 18 1
0 2 21 8 2 19 1
0 2 24 8 3 12 1
0 2 24 8 3 13 1
0 2 24 8 3 14 1
0 2 11 8 3 15 1
0 2 22 8 3 16 1
0 2 10 8 3 17 1
0 2 21 8 3 18 1
0 2 21 8 3 19 1
0 2 1 8 4 12 1
0 2 3 8 4 12 2
0 2 1 8 4 13 1
0 2 2 8 4 13 2
0 2 11 8 4 14 1
0 2 11 8 4 15 1
0 2 22 8 4 16 1
0 2 22 8 4 17 1
0 2 10 8 4 18 1
0 2 21 8 4 19 1
0 2 0 8 5 12 1
0 2 4 8 5 12 2
0 2 24 8 5 13 1
0 2 12 8 5 14 1
0 2 23 8 5 15 1
0 2 23 8 5 16 1
0 2 22 8 5 17 1
0 2 22 8 5 18 1
0 2 22 8 5 19 1
0 1 3 8 14 12 1
0 1 4 8 14 12 2
0 1 15 8 14 13 1
0 1 26 8 14 14 1
0 1 26 8 14 15 1
0 1 26 8 14 16 1
0 1 24 8 14 17 1
0 3 3 8 1 6 1
0 3 4 8 1 6 2
0 3 3 8 1 7 1
0 3 4 8 1 7 2
0 3 3 8 1 8 1
0 3 3 8 1 8 2
0 3 3 8 1 9 1
0 3 3 8 1 9 2
0 3 25 8 1 10 1
0 8 4 8 2 5 1
0 8 4 8 2 5 2
0 8 4 8 2 6 1
0 8 4 8 2 6 2
0 8 4 8 2 7 1
0 8 4 8 2 7 2
0 8 4 8 2 8 1
0 8 4 8 2 8 2
0 8 3 8 2 9 1
0 8 4 8 2 9 2
0 8 23 8 2 10 1
0 8 0 8 3 3 1
0 8 3 8 3 3 2
0 8 0 8 3 4 1
0 8 3 8 3 4 2
0 8 23 8 3 5 1
0 8 23 8 3 6 1
0 8 23 8 3 7 1
0 8 22 8 3 8 1
0 8 22 8 3 9 1
0 2 1 8 4 2 1
0 2 4 8 4 2 2
0 2 0 8 4 3 1
0 2 3 8 4 3 2
0 2 11 8 4 4 1
0 2 11 8 4 5 1
0 2 10 8 4 6 1
0 2 10 8 4 7 1
0 2 10 8 4 8 1
0 2 10 8 4 9 1
0 2 21 8 4 10 1
0 2 3 8 5 1 1
0 2 4 8 5 1 2
0 2 3 8 5 2 1
0 2 3 8 5 2 2
0 2 0 8 5 3 1
0 2 3 8 5 3 2
0 2 14 8 5 4 1
0 2 14 8 5 5 1
0 2 13 8 5 6 1
0 2 12 8 5 7 1
0 2 11 8 5 8 1
0 2 10 8 5 9 1
0 2 21 8 5 10 1
0 2 0 8 6 0 1
0 2 1 8 6 0 2
0 2 12 8 6 1 1
0 2 23 8 6 2 1
0 2 23 8 6 3 1
0 2 23 8 6 4 1
0 2 23 8 6 5 1
0 2 23 8 6 6 1
0 2 23 8 6 7 1
0 2 23 8 6 8 1
0 2 23 8 6 9 1
0 2 25 8 7 0 1
0 2 12 8 7 1 1
0 2 12 8 7 2 1
0 2 12 8 7 3 1
0 2 12 8 7 4 1
0 2 11 8 7 5 1
0 2 11 8 7 6 1
0 2 11 8 7 7 1
0 2 11 8 7 8 1
0 2 24 8 8 0 1
0 2 24 8 8 1 1
0 2 12 8 8 2 1
0 2 23 8 8 3 1
0 2 11 8 8 4 1
0 2 11 8 8 5 1
0 2 11 8 8 6 1
0 2 22 8 8 7 1
0 2 22 8 8 8 1
0 2 22 8 8 9 1
0 2 13 8 9 0 1
0 2 24 8 9 1 1
0 2 23 8 9 2 1
0 2 23 8 9 3 1
0 2 23 8 9 4 1
0 2 22 8 9 5 1
0 2 21 8 9 6 1
0 2 13 8 10 0 1
0 2 24 8 10 1 1
0 2 24 8 10 2 1
0 2 24 8 10 3 1
0 2 24 8 10 4 1
0 2 24 8 10 5 1
0 2 24 8 10 6 1
0 2 24 8 10 7 1
0 2 24 8 10 8 1
0 2 23 8 10 9 1
0 1 3 8 11 0 1
0 1 4 8 11 0 2
0 1 2 8 11 1 1
0 1 3 8 11 1 2
0 1 15 8 11 2 1
0 1 15 8 11 3 1
0 1 15 8 11 4 1
0 1 14 8 11 5 1
0 1 14 8 11 6 1
0 1 12 8 11 7 1
0 1 12 8 11 8 1
0 1 10 8 11 9 1
0 1 21 8 11 10 1
0 3 4 8 12 0 1
0 3 4 8 12 0 2
0 3 4 8 12 1 1
0 3 4 8 12 1 2
0 3 4 8 12 2 1
0 3 4 8 12 2 2
0 3 4 8 12 3 1
0 3 4 8 12 3 2
0 3 3 8 12 4 1
0 3 4 8 12 4 2
0 3 3 8 12 5 1
0 3 4 8 12 5 2
0 3 3 8 12 6 1
0 3 4 8 12 6 2
0 3 3 8 12 7 1
0 3 4 8 12 7 2
0 3 0 8 12 8 1
0 3 4 8 12 8 2
0 3 25 8 12 9 1
0 5 14 8 12 10 1
0 5 2 8 13 0 1
0 5 3 8 13 0 2
0 5 2 8 13 1 1
0 5 3 8 13 1 2
0 5 15 8 13 2 1
0 5 15 8 13 3 1
0 5 26 8 13 4 1
0 5 26 8 13 5 1
0 5 26 8 13 6 1
0 5 26 8 13 7 1
0 5 25 8 13 8 1
0 5 25 8 13 9 1
0 7 3 8 14 0 1
0 7 3 8 14 0 2
0 7 3 8 14 1 1
0 7 3 8 14 1 2
0 7 0 8 14 2 1
0 7 3 8 14 2 2
0 7 22 8 14 3 1
0 7 22 8 14 4 1
0 7 22 8 14 5 1
0 7 10 8 14 6 1
0 7 10 8 14 7 1
0 7 21 8 14 8 1
0 7 21 8 14 9 1
0 5 3 8 15 0 1
0 5 4 8 15 0 2
0 5 2 8 15 1 1
0 5 4 8 15 1 2
0 5 0 8 15 2 1
0 5 3 8 15 2 2
0 5 24 8 15 3 1
0 5 23 8 15 4 1
0 5 23 8 15 5 1
0 5 23 8 15 6 1
0 5 23 8 15 7 1
0 5 23 8 15 8 1
0 5 23 8 15 9 1
0 8 3 8 17 2 1
0 8 4 8 17 2 2
0 8 1 8 17 3 1
0 8 4 8 17 3 2
0 8 0 8 17 4 1
0 8 3 8 17 4 2
0 8 11 8 17 5 1
0 8 11 8 17 6 1
0 8 11 8 17 7 1
0 8 11 8 17 8 1
0 8 10 8 17 9 1
0 8 21 8 17 10 1
0 5 15 8 18 3 1
0 5 26 8 18 4 1
0 5 26 8 18 5 1
0 5 25 8 18 6 1
0 5 12 8 18 7 1
0 5 12 8 18 8 1
0 7 23 8 18 9 1
0 6 3 8 19 5 1
0 6 3 8 19 5 2
0 6 3 8 19 6 1
0 6 3 8 19 6 2
0 6 3 8 19 7 1
0 6 3 8 19 7 2
0 6 3 8 19 8 1
0 6 3 8 19 8 2
0 6 10 8 19 9 1
0 6 21 8 19 10 1
0 3 4 8 20 6 1
0 3 4 8 20 6 2
0 3 3 8 20 7 1
0 3 4 8 20 7 2
0 3 3 8 20 8 1
0 3 4 8 20 8 2
0 3 25 8 20 9 1
0 2 4 9 0 12 1
0 2 4 9 0 12 2
0 2 3 9 0 13 1
0 2 4 9 0 13 2
0 2 3 9 0 14 1
0 2 3 9 0 14 2
0 2 3 9 0 15 1
0 2 3 9 0 15 2
0 2 24 9 0 16 1
0 2 24 9 0 17 1
0 2 23 9 0 18 1
0 2 21 9 0 19 1
0 4 3 9 1 12 1
0 2 1 9 1 12 2
0 2 31 9 1 13 1
0 2 14 9 1 14 1
0 2 14 9 1 15 1
0 2 14 9 1 16 1
0 2 25 9 1 17 1
0 2 13 9 1 18 1
0 2 24 9 1 19 1
0 2 13 9 2 12 1
0 2 13 9 2 13 1
0 2 24 9 2 14 1
0 2 24 9 2 15 1
0 2 24 9 2 16 1
0 2 23 9 2 17 1
0 2 22 9 2 18 1
0 2 21 9 2 19 1
0 2 5 9 3 12 1
0 2 2 9 3 12 2
0 2 0 9 3 13 1
0 2 2 9 3 13 2
0 2 13 9 3 14 1
0 2 23 9 3 15 1
0 2 23 9 3 16 1
0 2 11 9 3 17 1
0 2 22 9 3 18 1
0 2 10 9 3 19 1
0 1 1 9 4 12 1
0 1 3 9 4 12 2
0 1 30 9 4 13 1
0 1 30 9 4 14 1
0 1 25 9 4 15 1
0 1 25 9 4 16 1
0 1 25 9 4 17 1
0 1 13 9 4 18 1
0 1 24 9 4 19 1
0 2 2 9 5 12 1
0 2 3 9 5 12 2
0 2 23 9 5 13 1
0 2 23 9 5 14 1
0 2 23 9 5 15 1
0 2 10 9 5 16 1
0 2 21 9 5 17 1
0 2 21 9 5 18 1
0 2 21 9 5 19 1
0 10 29 9 11 12 1
0 5 31 9 12 12 1
0 2 1 9 15 12 1
0 2 4 9 15 12 2
0 2 0 9 15 13 1
0 2 3 9 15 13 2
0 2 0 9 15 14 1
0 2 3 9 15 14 2
0 2 13 9 15 15 1
0 2 13 9 15 16 1
0 2 12 9 15 17 1
0 2 23 9 15 18 1
0 2 11 9 15 19 1
0 2 23 9 1 3 1
0 2 23 9 1 4 1
0 2 23 9 1 5 1
0 2 23 9 1 6 1
0 2 11 9 1 7 1
0 2 22 9 1 8 1
0 2 22 9 1 9 1
0 2 2 9 2 2 1
0 2 3 9 2 2 2
0 2 2 9 2 3 1
0 2 3 9 2 3 2
0 2 2 9 2 4 1
0 2 3 9 2 4 2
0 2 2 9 2 5 1
0 2 3 9 2 5 2
0 2 1 9 2 6 1
0 2 2 9 2 6 2
0 2 14 9 2 7 1
0 2 14 9 2 8 1
0 2 14 9 2 9 1
0 2 14 9 2 10 1
0 7 3 9 3 2 1
0 7 3 9 3 2 2
0 7 3 9 3 3 1
0 7 3 9 3 3 2
0 7 3 9 3 4 1
0 7 3 9 3 4 2
0 7 3 9 3 5 1
0 7 3 9 3 5 2
0 7 25 9 3 6 1
0 7 23 9 3 7 1
0 7 23 9 3 8 1
0 7 23 9 3 9 1
0 2 3 9 4 1 1
0 2 3 9 4 1 2
0 2 1 9 4 2 1
0 2 3 9 4 2 2
0 2 29 9 4 3 1
0 2 24 9 4 4 1
0 2 24 9 4 5 1
0 2 11 9 4 6 1
0 2 11 9 4 7 1
0 2 22 9 4 8 1
0 2 22 9 4 9 1
0 8 31 9 5 1 1
0 8 31 9 5 2 1
0 8 30 9 5 3 1
0 8 30 9 5 4 1
0 8 30 9 5 5 1
0 8 30 9 5 6 1
0 8 25 9 5 7 1
0 8 25 9 5 8 1
0 9 25 9 5 9 1
0 5 3 9 6 0 1
0 5 3 9 6 0 2
0 5 30 9 6 1 1
0 5 30 9 6 2 1
0 5 25 9 6 3 1
0 5 25 9 6 4 1
0 5 29 9 6 5 1
0 5 13 9 6 6 1
0 5 24 9 6 7 1
0 5 24 9 6 8 1
0 5 12 9 6 9 1
0 2 2 9 7 0 1
0 2 3 9 7 0 2
0 2 2 9 7 1 1
0 2 3 9 7 1 2
0 2 0 9 7 2 1
0 2 3 9 7 2 2
0 2 14 9 7 3 1
0 2 14 9 7 4 1
0 2 13 9 7 5 1
0 2 13 9 7 6 1
0 2 11 9 7 7 1
0 2 22 9 7 8 1
0 2 10 9 7 9 1
0 2 10 9 7 10 1
0 8 3 9 8 0 1
0 8 4 9 8 0 2
0 8 3 9 8 1 1
0 8 4 9 8 1 2
0 8 3 9 8 2 1
0 8 3 9 8 2 2
0 8 2 9 8 3 1
0 8 3 9 8 3 2
0 8 0 9 8 4 1
0 8 3 9 8 4 2
0 8 30 9 8 5 1
0 8 24 9 8 6 1
0 8 24 9 8 7 1
0 8 10 9 8 8 1
0 8 10 9 8 9 1
0 6 3 9 9 0 1
0 5 4 9 9 0 2
0 2 23 9 9 1 1
0 2 23 9 9 2 1
0 2 23 9 9 3 1
0 2 11 9 9 4 1
0 2 22 9 9 5 1
0 2 22 9 9 6 1
0 2 22 9 9 7 1
0 2 22 9 9 8 1
0 2 10 9 9 9 1
0 2 3 9 11 0 1
0 2 3 9 11 0 2
0 2 0 9 11 1 1
0 2 3 9 11 1 2
0 2 14 9 11 2 1
0 2 14 9 11 3 1
0 2 14 9 11 4 1
0 2 13 9 11 5 1
0 2 12 9 11 6 1
0 2 12 9 11 7 1
0 2 11 9 11 8 1
0 2 11 9 11 9 1
0 2 21 9 11 10 1
0 10 7 9 12 0 1
0 10 3 9 12 0 2
0 10 7 9 12 1 1
0 10 3 9 12 1 2
0 10 1 9 12 2 1
0 10 1 9 12 2 2
0 10 23 9 12 3 1
0 10 22 9 12 4 1
0 10 22 9 12 5 1
0 10 22 9 12 6 1
0 10 10 9 12 7 1
0 10 21 9 12 8 1
0 10 21 9 12 9 1
0 5 1 9 13 0 1
0 5 3 9 13 0 2
0 5 30 9 13 1 1
0 5 30 9 13 2 1
0 5 30 9 13 3 1
0 5 24 9 13 4 1
0 5 23 9 13 5 1
0 5 23 9 13 6 1
0 5 23 9 13 7 1
0 5 11 9 13 8 1
0 5 11 9 13 9 1
0 8 3 9 14 0 1
0 8 4 9 14 0 2
0 8 1 9 14 1 1
0 8 3 9 14 1 2
0 8 0 9 14 2 1
0 8 3 9 14 2 2
0 8 12 9 14 3 1
0 8 12 9 14 4 1
0 8 11 9 14 5 1
0 8 11 9 14 6 1
0 8 11 9 14 7 1
0 8 11 9 14 8 1
0 8 11 9 14 9 1
0 8 21 9 14 10 1
0 2 1 9 15 0 1
0 2 3 9 15 0 2
0 2 0 9 15 1 1
0 2 2 9 15 1 2
0 2 11 9 15 2 1
0 2 11 9 15 3 1
0 2 22 9 15 4 1
0 2 22 9 15 5 1
0 2 22 9 15 6 1
0 2 10 9 15 7 1
0 2 10 9 15 8 1
0 2 21 9 15 9 1
0 2 0 9 16 1 1
0 2 3 9 16 1 2
0 2 0 9 16 2 1
0 2 3 9 16 2 2
0 2 25 9 16 3 1
0 2 25 9 16 4 1
0 2 24 9 16 5 1
0 2 24 9 16 6 1
0 2 28 9 16 7 1
0 2 11 9 16 8 1
0 2 22 9 16 9 1
0 8 4 9 17 1 1
0 8 4 9 17 1 2
0 8 3 9 17 2 1
0 8 4 9 17 2 2
0 8 3 9 17 3 1
0 8 4 9 17 3 2
0 8 3 9 17 4 1
0 8 4 9 17 4 2
0 8 3 9 17 5 1
0 8 4 9 17 5 2
0 8 25 9 17 6 1
0 8 24 9 17 7 1
0 8 23 9 17 8 1
0 8 23 9 17 9 1
0 2 25 9 18 2 1
0 2 25 9 18 3 1
0 2 25 9 18 4 1
0 2 25 9 18 5 1
0 2 24 9 18 6 1
0 2 23 9 18 7 1
0 2 22 9 18 8 1
0 2 22 9 18 9 1
0 5 2 9 19 2 1
0 5 4 9 19 2 2
0 5 0 9 19 3 1
0 5 3 9 19 3 2
0 5 23 9 19 4 1
0 5 11 9 19 5 1
0 5 11 9 19 6 1
0 5 22 9 19 7 1
0 5 22 9 19 8 1
0 5 10 9 19 9 1
0 5 0 10 0 12 1
0 10 0 10 0 12 2
0 1 25 10 1 12 1
0 1 25 10 1 13 1
0 1 25 10 1 14 1
0 1 25 10 1 15 1
0 1 24 10 1 16 1
0 1 24 10 1 17 1
0 4 13 10 1 18 1
0 8 23 10 1 19 1
0 1 4 10 2 12 1
0 1 4 10 2 12 2
0 1 4 10 2 13 1
0 1 4 10 2 13 2
0 1 25 10 2 14 1
0 1 25 10 2 15 1
0 1 25 10 2 16 1
0 1 25 10 2 17 1
0 1 25 10 2 18 1
0 1 25 10 2 19 1
0 1 3 10 3 12 1
0 1 4 10 3 12 2
0 1 3 10 3 13 1
0 1 3 10 3 13 2
0 1 2 10 3 14 1
0 1 3 10 3 14 2
0 1 0 10 3 15 1
0 1 3 10 3 15 2
0 1 25 10 3 16 1
0 1 24 10 3 17 1
0 1 12 10 3 18 1
0 1 23 10 3 19 1
0 1 3 10 4 12 1
0 1 4 10 4 12 2
0 1 3 10 4 13 1
0 1 4 10 4 13 2
0 1 26 10 4 14 1
0 1 26 10 4 15 1
0 1 14 10 4 16 1
0 1 25 10 4 17 1
0 1 25 10 4 18 1
0 1 11 10 4 19 1
0 8 23 10 5 12 1
0 5 4 10 16 12 1
0 5 4 10 16 12 2
0 5 4 10 16 13 1
0 5 4 10 16 13 2
0 5 4 10 16 14 1
0 5 4 10 16 14 2
0 5 3 10 16 15 1
0 5 3 10 16 15 2
0 5 26 10 16 16 1
0 5 11 10 16 17 1
0 5 21 10 16 18 1
0 5 21 10 16 19 1
0 2 25 10 17 12 1
0 2 13 10 17 13 1
0 2 13 10 17 14 1
0 2 13 10 17 15 1
0 2 13 10 17 16 1
0 2 24 10 17 17 1
0 2 11 10 17 18 1
0 2 10 10 17 19 1
0 2 24 10 19 12 1
0 2 24 10 19 13 1
0 2 24 10 19 14 1
0 2 24 10 19 15 1
0 2 23 10 19 16 1
0 2 11 10 19 17 1
0 2 22 10 19 18 1
0 2 22 10 19 19 1
0 1 4 10 20 12 1
0 1 4 10 20 12 2
0 1 3 10 20 13 1
0 1 4 10 20 13 2
0 1 14 10 20 14 1
0 1 25 10 20 15 1
0 1 25 10 20 16 1
0 1 25 10 20 17 1
0 1 25 10 20 18 1
0 1 25 10 20 19 1
0 1 24 10 21 12 1
0 1 24 10 21 13 1
0 1 24 10 21 14 1
0 1 24 10 21 15 1
0 1 24 10 21 16 1
0 1 24 10 21 17 1
0 1 11 10 21 18 1
0 1 22 10 21 19 1
0 2 3 10 1 3 1
0 2 4 10 1 3 2
0 2 15 10 1 4 1
0 2 26 10 1 5 1
0 2 14 10 1 6 1
0 2 25 10 1 7 1
0 2 25 10 1 8 1
0 2 21 10 1 9 1
0 1 4 10 2 2 1
0 1 4 10 2 2 2
0 1 4 10 2 3 1
0 1 4 10 2 3 2
0 1 3 10 2 4 1
0 1 4 10 2 4 2
0 1 3 10 2 5 1
0 1 4 10 2 5 2
0 1 3 10 2 6 1
0 1 4 10 2 6 2
0 1 3 10 2 7 1
0 1 4 10 2 7 2
0 1 14 10 2 8 1
0 1 13 10 2 9 1
0 1 21 10 2 10 1
0 2 2 10 3 2 1
0 2 4 10 3 2 2
0 2 0 10 3 3 1
0 2 4 10 3 3 2
0 2 0 10 3 4 1
0 2 2 10 3 4 2
0 2 24 10 3 5 1
0 2 12 10 3 6 1
0 2 23 10 3 7 1
0 2 23 10 3 8 1
0 2 22 10 3 9 1
0 1 4 10 4 1 1
0 1 4 10 4 1 2
0 1 4 10 4 2 1
0 1 4 10 4 2 2
0 1 3 10 4 3 1
0 1 4 10 4 3 2
0 1 3 10 4 4 1
0 1 4 10 4 4 2
0 1 24 10 4 5 1
0 1 24 10 4 6 1
0 1 24 10 4 7 1
0 1 24 10 4 8 1
0 1 23 10 4 9 1
0 1 3 10 5 1 1
0 1 4 10 5 1 2
0 5 0 10 5 2 1
0 5 0 10 5 2 2
0 5 22 10 5 3 1
0 5 22 10 5 4 1
0 5 22 10 5 5 1
0 5 10 10 5 6 1
0 5 10 10 5 7 1
0 5 21 10 5 8 1
0 5 21 10 5 9 1
0 5 3 10 6 0 1
0 5 4 10 6 0 2
0 5 3 10 6 1 1
0 5 4 10 6 1 2
0 5 3 10 6 2 1
0 5 4 10 6 2 2
0 5 3 10 6 3 1
0 5 3 10 6 3 2
0 5 14 10 6 4 1
0 5 14 10 6 5 1
0 5 13 10 6 6 1
0 5 13 10 6 7 1
0 5 13 10 6 8 1
0 5 12 10 6 9 1
0 5 23 10 6 10 1
0 5 3 10 8 0 1
0 5 3 10 8 0 2
0 5 25 10 8 1 1
0 5 25 10 8 2 1
0 5 25 10 8 3 1
0 5 25 10 8 4 1
0 5 25 10 8 5 1
0 5 25 10 8 6 1
0 5 24 10 8 7 1
0 5 24 10 8 8 1
0 5 22 10 8 9 1
0 5 3 10 9 0 1
0 5 4 10 9 0 2
0 5 1 10 9 1 1
0 5 4 10 9 1 2
0 5 12 10 9 2 1
0 5 12 10 9 3 1
0 5 12 10 9 4 1
0 5 11 10 9 5 1
0 5 11 10 9 6 1
0 5 11 10 9 7 1
0 5 11 10 9 8 1
0 5 10 10 9 9 1
0 5 21 10 9 10 1
0 7 3 10 10 0 1
0 7 3 10 10 0 2
0 7 3 10 10 1 1
0 7 3 10 10 1 2
0 7 3 10 10 2 1
0 7 3 10 10 2 2
0 7 11 10 10 3 1
0 7 10 10 10 4 1
0 7 10 10 10 5 1
0 5 21 10 10 6 1
0 1 3 10 11 0 1
0 1 4 10 11 0 2
0 1 3 10 11 1 1
0 1 4 10 11 1 2
0 1 3 10 11 2 1
0 1 4 10 11 2 2
0 1 3 10 11 3 1
0 1 4 10 11 3 2
0 1 3 10 11 4 1
0 1 4 10 11 4 2
0 1 2 10 11 5 1
0 1 4 10 11 5 2
0 1 0 10 11 6 1
0 1 4 10 11 6 2
0 1 0 10 11 7 1
0 1 3 10 11 7 2
0 1 14 10 11 8 1
0 1 14 10 11 9 1
0 1 23 10 11 10 1
0 6 3 10 12 0 1
0 6 3 10 12 0 2
0 6 26 10 12 1 1
0 6 24 10 12 2 1
0 5 24 10 12 3 1
0 5 22 10 12 4 1
0 5 21 10 12 5 1
0 1 2 10 13 0 1
0 1 4 10 13 0 2
0 1 0 10 13 1 1
0 1 3 10 13 1 2
0 1 14 10 13 2 1
0 1 14 10 13 3 1
0 1 14 10 13 4 1
0 1 14 10 13 5 1
0 1 14 10 13 6 1
0 1 14 10 13 7 1
0 1 13 10 13 8 1
0 1 11 10 13 9 1
0 1 21 10 13 10 1
0 3 15 10 14 0 1
0 3 15 10 14 1 1
0 3 25 10 14 2 1
0 5 23 10 14 3 1
0 5 23 10 14 4 1
0 5 23 10 14 5 1
0 5 22 10 14 6 1
0 5 22 10 14 7 1
0 5 22 10 14 8 1
0 5 22 10 14 9 1
0 5 3 10 15 0 1
0 5 4 10 15 0 2
0 2 24 10 16 1 1
0 2 24 10 16 2 1
0 2 23 10 16 3 1
0 2 23 10 16 4 1
0 2 23 10 16 5 1
0 2 23 10 16 6 1
0 2 11 10 16 7 1
0 2 22 10 16 8 1
0 2 21 10 16 9 1
0 2 25 10 17 1 1
0 2 25 10 17 2 1
0 2 25 10 17 3 1
0 2 13 10 17 4 1
0 2 24 10 17 5 1
0 2 12 10 17 6 1
0 2 12 10 17 7 1
0 2 12 10 17 8 1
0 2 23 10 17 9 1
0 2 25 10 18 2 1
0 2 25 10 18 3 1
0 2 25 10 18 4 1
0 2 24 10 18 5 1
0 2 24 10 18 6 1
0 2 24 10 18 7 1
0 2 24 10 18 8 1
0 2 24 10 18 9 1
0 2 0 10 19 2 1
0 2 1 10 19 2 2
0 2 12 10 19 3 1
0 2 12 10 19 4 1
0 2 12 10 19 5 1
0 2 12 10 19 6 1
0 2 12 10 19 7 1
0 2 23 10 19 8 1
0 2 11 10 19 9 1
0 2 11 10 19 10 1
0 2 14 10 20 3 1
0 2 13 10 20 4 1
0 2 12 10 20 5 1
0 2 12 10 20 6 1
0 2 12 10 20 7 1
0 2 12 10 20 8 1
0 2 12 10 20 9 1
0 2 23 10 20 10 1
0 2 0 11 0 12 1
0 2 4 11 0 12 2
0 2 0 11 0 13 1
0 2 3 11 0 13 2
0 2 13 11 0 14 1
0 2 24 11 0 15 1
0 2 24 11 0 16 1
0 2 24 11 0 17 1
0 2 12 11 0 18 1
0 2 11 11 0 19 1
0 2 1 11 1 12 1
0 2 4 11 1 12 2
0 2 30 11 1 13 1
0 2 25 11 1 14 1
0 2 25 11 1 15 1
0 2 13 11 1 16 1
0 2 24 11 1 17 1
0 2 12 11 1 18 1
0 2 11 11 1 19 1
0 2 2 11 3 12 1
0 2 4 11 3 12 2
0 2 0 11 3 13 1
0 2 3 11 3 13 2
0 2 24 11 3 14 1
0 2 12 11 3 15 1
0 2 23 11 3 16 1
0 2 23 11 3 17 1
0 2 23 11 3 18 1
0 2 11 11 3 19 1
0 2 13 11 4 12 1
0 2 24 11 4 13 1
0 2 24 11 4 14 1
0 2 23 11 4 15 1
0 2 23 11 4 16 1
0 2 23 11 4 17 1
0 2 10 11 4 18 1
0 2 21 11 4 19 1
0 2 2 11 6 12 1
0 2 4 11 6 12 2
0 2 0 11 6 13 1
0 2 3 11 6 13 2
0 2 23 11 6 14 1
0 2 23 11 6 15 1
0 2 23 11 6 16 1
0 2 23 11 6 17 1
0 2 23 11 6 18 1
0 2 22 11 6 19 1
0 2 2 11 7 12 1
0 2 3 11 7 12 2
0 2 0 11 7 13 1
0 2 3 11 7 13 2
0 2 24 11 7 14 1
0 2 12 11 7 15 1
0 2 12 11 7 16 1
0 2 23 11 7 17 1
0 2 22 11 7 18 1
0 2 22 11 7 19 1
0 2 0 11 8 12 1
0 2 3 11 8 12 2
0 2 12 11 8 13 1
0 2 12 11 8 14 1
0 2 12 11 8 15 1
0 2 12 11 8 16 1
0 2 12 11 8 17 1
0 2 23 11 8 18 1
0 2 23 11 8 19 1
0 2 15 11 9 12 1
0 2 12 11 9 13 1
0 8 3 11 10 12 1
0 8 4 11 10 12 2
0 8 3 11 10 13 1
0 8 4 11 10 13 2
0 8 2 11 10 14 1
0 8 4 11 10 14 2
0 8 0 11 10 15 1
0 8 3 11 10 15 2
0 8 23 11 10 16 1
0 8 11 11 10 17 1
0 8 11 11 10 18 1
0 8 11 11 10 19 1
0 2 14 11 1 2 1
0 2 14 11 1 3 1
0 2 14 11 1 4 1
0 2 14 11 1 5 1
0 2 14 11 1 6 1
0 2 13 11 1 7 1
0 2 12 11 1 8 1
0 2 11 11 1 9 1
0 2 21 11 1 10 1
0 2 0 11 2 1 1
0 2 3 11 2 1 2
0 2 13 11 2 2 1
0 2 12 11 2 3 1
0 2 12 11 2 4 1
0 2 11 11 2 5 1
0 2 22 11 2 6 1
0 2 10 11 2 7 1
0 2 10 11 2 8 1
0 2 10 11 2 9 1
0 2 10 11 2 10 1
0 2 2 11 3 0 1
0 2 3 11 3 0 2
0 2 1 11 3 1 1
0 2 3 11 3 1 2
0 2 0 11 3 2 1
0 2 2 11 3 2 2
0 2 28 11 3 3 1
0 2 22 11 3 4 1
0 2 22 11 3 5 1
0 2 22 11 3 6 1
0 2 10 11 3 7 1
0 2 10 11 3 8 1
0 2 10 11 3 9 1
0 2 3 11 4 0 1
0 2 4 11 4 0 2
0 2 3 11 4 1 1
0 2 4 11 4 1 2
0 2 2 11 4 2 1
0 2 4 11 4 2 2
0 2 2 11 4 3 1
0 2 4 11 4 3 2
0 2 2 11 4 4 1
0 2 4 11 4 4 2
0 2 2 11 4 5 1
0 2 3 11 4 5 2
0 2 1 11 4 6 1
0 2 3 11 4 6 2
0 2 30 11 4 7 1
0 2 25 11 4 8 1
0 2 24 11 4 9 1
0 7 3 11 5 0 1
0 7 3 11 5 0 2
0 7 3 11 5 1 1
0 7 3 11 5 1 2
0 7 23 11 5 2 1
0 7 23 11 5 3 1
0 7 22 11 5 4 1
0 7 22 11 5 5 1
0 7 10 11 5 6 1
0 7 21 11 5 7 1
0 7 21 11 5 8 1
0 7 21 11 5 9 1
0 2 2 11 6 0 1
0 2 2 11 6 0 2
0 2 23 11 6 1 1
0 2 11 11 6 2 1
0 2 22 11 6 3 1
0 2 22 11 6 4 1
0 2 10 11 6 5 1
0 2 21 11 6 6 1
0 2 21 11 6 7 1
0 2 21 11 6 8 1
0 2 21 11 6 9 1
0 2 0 11 7 0 1
0 2 2 11 7 0 2
0 2 29 11 7 1 1
0 2 23 11 7 2 1
0 2 23 11 7 3 1
0 2 23 11 7 4 1
0 2 23 11 7 5 1
0 2 22 11 7 6 1
0 2 22 11 7 7 1
0 2 21 11 7 8 1
0 2 21 11 7 9 1
0 2 2 11 8 0 1
0 2 3 11 8 0 2
0 2 15 11 8 1 1
0 2 14 11 8 2 1
0 2 14 11 8 3 1
0 2 13 11 8 4 1
0 2 13 11 8 5 1
0 2 12 11 8 6 1
0 2 12 11 8 7 1
0 2 12 11 8 8 1
0 2 10 11 8 9 1
0 2 21 11 8 10 1
0 8 3 11 9 0 1
0 8 3 11 9 0 2
0 8 2 11 9 1 1
0 8 3 11 9 1 2
0 8 11 11 9 2 1
0 8 11 11 9 3 1
0 8 11 11 9 4 1
0 8 11 11 9 5 1
0 8 22 11 9 6 1
0 8 22 11 9 7 1
0 8 21 11 9 8 1
0 8 21 11 9 9 1
0 10 4 11 10 0 1
0 10 4 11 10 0 2
0 10 3 11 10 1 1
0 10 4 11 10 1 2
0 10 3 11 10 2 1
0 10 4 11 10 2 2
0 10 2 11 10 3 1
0 10 4 11 10 3 2
0 10 2 11 10 4 1
0 10 4 11 10 4 2
0 10 23 11 10 5 1
0 10 23 11 10 6 1
0 10 23 11 10 7 1
0 10 23 11 10 8 1
0 10 22 11 10 9 1
0 2 0 11 11 0 1
0 2 3 11 11 0 2
0 2 0 11 11 1 1
0 2 3 11 11 1 2
0 2 12 11 11 2 1
0 2 12 11 11 3 1
0 2 23 11 11 4 1
0 2 23 11 11 5 1
0 7 12 11 11 6 1
0 7 23 11 11 7 1
0 2 31 11 12 0 1
0 2 26 11 12 1 1
0 2 2 11 13 0 1
0 2 4 11 13 0 2
0 2 1 11 13 1 1
0 2 4 11 13 1 2
0 2 0 11 13 2 1
0 2 4 11 13 2 2
0 2 15 11 13 3 1
0 2 15 11 13 4 1
0 2 15 11 13 5 1
0 2 14 11 13 6 1
0 2 14 11 13 7 1
0 2 14 11 13 8 1
0 2 13 11 13 9 1
0 2 24 11 13 10 1
0 3 31 11 15 0 1
0 5 3 11 17 0 1
0 5 3 11 17 0 2
0 5 2 11 17 1 1
0 5 3 11 17 1 2
0 5 30 11 17 2 1
0 5 30 11 17 3 1
0 5 25 11 17 4 1
0 5 29 11 17 5 1
0 5 23 11 17 6 1
0 5 23 11 17 7 1
0 5 23 11 17 8 1
0 5 11 11 17 9 1
0 2 3 11 18 0 1
0 2 4 11 18 0 2
0 2 2 11 18 1 1
0 2 3 11 18 1 2
0 2 24 11 18 2 1
0 2 24 11 18 3 1
0 2 12 11 18 4 1
0 2 23 11 18 5 1
0 2 23 11 18 6 1
0 2 23 11 18 7 1
0 2 11 11 18 8 1
0 2 22 11 18 9 1
0 2 14 12 0 12 1
0 2 14 12 0 13 1
0 2 14 12 0 14 1
0 2 14 12 0 15 1
0 2 14 12 0 16 1
0 2 25 12 0 17 1
0 2 25 12 0 18 1
0 2 12 12 0 19 1
0 1 2 12 1 12 1
0 1 4 12 1 12 2
0 1 26 12 1 13 1
0 1 26 12 1 14 1
0 1 26 12 1 15 1
0 1 26 12 1 16 1
0 1 14 12 1 17 1
0 1 21 12 1 18 1
0 5 21 12 1 19 1
0 2 25 12 2 12 1
0 2 25 12 2 13 1
0 2 24 12 2 14 1
0 2 11 12 2 15 1
0 2 22 12 2 16 1
0 2 22 12 2 17 1
0 2 10 12 2 18 1
0 2 10 12 2 19 1
0 2 15 12 3 12 1
0 2 14 12 3 13 1
0 2 14 12 3 14 1
0 2 14 12 3 15 1
0 2 24 12 3 16 1
0 2 12 12 3 17 1
0 7 23 12 3 18 1
0 10 23 12 3 19 1
0 2 14 12 4 12 1
0 2 25 12 4 13 1
0 7 25 12 4 14 1
0 2 14 12 4 15 1
0 2 14 12 4 16 1
0 2 11 12 4 17 1
0 2 21 12 4 18 1
0 2 26 12 5 12 1
0 2 25 12 5 13 1
0 2 25 12 5 14 1
0 2 13 12 5 15 1
0 6 13 12 5 16 1
0 6 13 12 5 17 1
0 6 13 12 5 18 1
0 6 21 12 5 19 1
0 1 3 12 11 12 1
0 1 4 12 11 12 2
0 1 2 12 11 13 1
0 1 3 12 11 13 2
0 1 26 12 11 14 1
0 1 26 12 11 15 1
0 1 14 12 11 16 1
0 1 14 12 11 17 1
0 1 25 12 11 18 1
0 2 11 12 11 19 1
0 1 3 12 12 12 1
0 1 4 12 12 12 2
0 1 2 12 12 13 1
0 1 3 12 12 13 2
0 1 14 12 12 14 1
0 1 14 12 12 15 1
0 1 25 12 12 16 1
0 1 25 12 12 17 1
0 1 25 12 12 18 1
0 1 12 12 12 19 1
0 2 15 12 13 12 1
0 2 24 12 13 13 1
0 2 12 12 13 14 1
0 2 23 12 13 15 1
0 2 23 12 13 16 1
0 2 23 12 13 17 1
0 2 11 12 13 18 1
0 2 22 12 13 19 1
0 1 25 12 14 12 1
0 1 25 12 14 13 1
0 1 25 12 14 14 1
0 1 25 12 14 15 1
0 1 25 12 14 16 1
0 1 24 12 14 17 1
0 1 24 12 14 18 1
0 1 24 12 14 19 1
0 1 25 12 15 12 1
0 2 13 12 15 13 1
0 2 13 12 15 14 1
0 2 24 12 15 15 1
0 2 23 12 15 16 1
0 2 23 12 15 17 1
0 2 23 12 15 18 1
0 2 11 12 15 19 1
0 1 3 12 17 12 1
0 1 4 12 17 12 2
0 1 26 12 17 13 1
0 1 26 12 17 14 1
0 1 26 12 17 15 1
0 1 25 12 17 16 1
0 1 25 12 17 17 1
0 1 24 12 17 18 1
0 1 23 12 17 19 1
0 1 26 12 18 12 1
0 1 26 12 18 13 1
0 1 26 12 18 14 1
0 1 14 12 18 15 1
0 11 24 12 19 12 1
0 11 3 12 20 12 1
0 11 3 12 20 12 2
0 11 26 12 20 13 1
0 11 26 12 20 14 1
0 11 14 12 20 15 1
0 11 25 12 20 16 1
0 11 25 12 20 17 1
0 11 25 12 20 18 1
0 11 25 12 20 19 1
0 5 12 12 21 12 1
0 2 12 12 1 2 1
0 2 12 12 1 3 1
0 2 23 12 1 4 1
0 2 11 12 1 5 1
0 2 11 12 1 6 1
0 2 11 12 1 7 1
0 2 10 12 1 8 1
0 2 10 12 1 9 1
0 2 10 12 1 10 1
0 2 0 12 2 1 1
0 2 0 12 2 1 2
0 2 0 12 2 2 1
0 2 0 12 2 2 2
0 2 11 12 2 3 1
0 2 11 12 2 4 1
0 2 11 12 2 5 1
0 2 22 12 2 6 1
0 2 24 12 3 0 1
0 2 12 12 3 1 1
0 10 23 12 3 2 1
0 10 23 12 3 3 1
0 10 23 12 3 4 1
0 10 23 12 3 5 1
0 10 23 12 3 6 1
0 10 23 12 3 7 1
0 10 23 12 3 8 1
0 10 23 12 3 9 1
0 2 3 12 4 0 1
0 2 4 12 4 0 2
0 2 3 12 4 1 1
0 2 4 12 4 1 2
0 2 1 12 4 2 1
0 2 4 12 4 2 2
0 2 0 12 4 3 1
0 2 3 12 4 3 2
0 2 14 12 4 4 1
0 2 14 12 4 5 1
0 2 12 12 4 6 1
0 2 11 12 4 7 1
0 2 11 12 4 8 1
0 2 10 12 4 9 1
0 2 21 12 4 10 1
0 2 23 12 5 0 1
0 2 23 12 5 1 1
0 2 23 12 5 2 1
0 2 23 12 5 3 1
0 2 23 12 5 4 1
0 2 23 12 5 5 1
0 2 11 12 5 6 1
0 2 22 12 5 7 1
0 2 10 12 5 8 1
0 2 10 12 5 9 1
0 2 3 12 7 0 1
0 2 3 12 7 0 2
0 2 3 12 7 1 1
0 2 3 12 7 1 2
0 2 14 12 7 2 1
0 2 13 12 7 3 1
0 2 13 12 7 4 1
0 2 13 12 7 5 1
0 2 23 12 7 6 1
0 2 11 12 7 7 1
0 2 11 12 7 8 1
0 2 11 12 7 9 1
0 2 11 12 7 10 1
0 2 14 12 8 0 1
0 2 14 12 8 1 1
0 2 25 12 8 2 1
0 2 25 12 8 3 1
0 1 3 12 10 0 1
0 1 3 12 10 0 2
0 1 3 12 10 1 1
0 1 3 12 10 1 2
0 1 1 12 10 2 1
0 1 3 12 10 2 2
0 1 0 12 10 3 1
0 1 3 12 10 3 2
0 1 14 12 10 4 1
0 1 25 12 10 5 1
0 1 24 12 10 6 1
0 1 12 12 10 7 1
0 1 12 12 10 8 1
0 1 23 12 10 9 1
0 4 3 12 11 0 1
0 4 4 12 11 0 2
0 4 3 12 11 1 1
0 4 4 12 11 1 2
0 4 3 12 11 2 1
0 4 4 12 11 2 2
0 4 0 12 11 3 1
0 4 4 12 11 3 2
0 4 25 12 11 4 1
0 4 25 12 11 5 1
0 4 25 12 11 6 1
0 4 24 12 11 7 1
0 4 24 12 11 8 1
0 4 23 12 11 9 1
0 2 3 12 12 0 1
0 2 3 12 12 0 2
0 2 3 12 12 1 1
0 2 3 12 12 1 2
0 2 26 12 12 2 1
0 2 23 12 12 3 1
0 2 10 12 12 4 1
0 2 10 12 12 5 1
0 2 10 12 12 6 1
0 2 10 12 12 7 1
0 4 10 12 12 8 1
0 2 21 12 12 9 1
0 5 4 12 13 0 1
0 5 4 12 13 0 2
0 5 3 12 13 1 1
0 5 4 12 13 1 2
0 5 3 12 13 2 1
0 5 4 12 13 2 2
0 5 3 12 13 3 1
0 5 4 12 13 3 2
0 5 3 12 13 4 1
0 5 4 12 13 4 2
0 5 3 12 13 5 1
0 5 4 12 13 5 2
0 5 15 12 13 6 1
0 5 15 12 13 7 1
0 5 14 12 13 8 1
0 5 14 12 13 9 1
0 5 21 12 13 10 1
0 2 1 12 14 0 1
0 2 3 12 14 0 2
0 2 24 12 14 1 1
0 2 23 12 14 2 1
0 2 11 12 14 3 1
0 2 22 12 14 4 1
0 2 22 12 14 5 1
0 2 22 12 14 6 1
0 2 22 12 14 7 1
0 2 21 12 14 8 1
0 2 21 12 14 9 1
0 7 3 12 15 0 1
0 7 3 12 15 0 2
0 7 3 12 15 1 1
0 7 3 12 15 1 2
0 7 3 12 15 2 1
0 7 3 12 15 2 2
0 5 3 12 15 3 1
0 7 3 12 15 3 2
0 5 3 12 15 4 1
0 7 3 12 15 4 2
0 5 26 12 15 5 1
0 5 25 12 15 6 1
0 5 25 12 15 7 1
0 5 25 12 15 8 1
0 5 25 12 15 9 1
0 7 11 12 16 0 1
0 7 11 12 16 1 1
0 7 11 12 16 2 1
0 7 22 12 16 3 1
0 7 22 12 16 4 1
0 1 2 12 17 0 1
0 1 4 12 17 0 2
0 1 1 12 17 1 1
0 1 3 12 17 1 2
0 1 26 12 17 2 1
0 1 26 12 17 3 1
0 1 26 12 17 4 1
0 1 26 12 17 5 1
0 1 26 12 17 6 1
0 1 26 12 17 7 1
0 1 26 12 17 8 1
0 1 26 12 17 9 1
0 6 3 12 18 0 1
0 6 3 12 18 0 2
0 6 3 12 18 1 1
0 6 3 12 18 1 2
0 6 2 12 18 2 1
0 6 3 12 18 2 2
0 6 24 12 18 3 1
0 6 12 12 18 4 1
0 6 23 12 18 5 1
0 6 23 12 18 6 1
0 6 23 12 18 7 1
0 6 11 12 18 8 1
0 6 10 12 18 9 1
0 5 0 12 20 2 1
0 5 3 12 20 2 2
0 5 11 12 20 3 1
0 5 11 12 20 4 1
0 5 11 12 20 5 1
0 5 10 12 20 6 1
0 5 10 12 20 7 1
0 5 10 12 20 8 1
0 5 10 12 20 9 1
0 5 21 12 20 10 1
0 5 8 13 0 12 1
0 5 4 13 0 12 2
0 5 3 13 0 13 1
0 5 3 13 0 13 2
0 5 3 13 0 14 1
0 5 3 13 0 14 2
0 5 3 13 0 15 1
0 5 3 13 0 15 2
0 5 3 13 0 16 1
0 5 2 13 0 16 2
0 5 13 13 0 17 1
0 5 24 13 0 18 1
0 5 23 13 1 12 1
0 2 1 13 2 12 1
0 2 4 13 2 12 2
0 2 24 13 2 13 1
0 2 24 13 2 14 1
0 2 24 13 2 15 1
0 2 12 13 2 16 1
0 2 23 13 2 17 1
0 2 23 13 2 18 1
0 2 22 13 2 19 1
0 2 0 13 3 12 1
0 2 3 13 3 12 2
0 2 0 13 3 13 1
0 2 3 13 3 13 2
0 2 13 13 3 14 1
0 2 13 13 3 15 1
0 2 24 13 3 16 1
0 2 12 13 3 17 1
0 2 12 13 3 18 1
0 2 23 13 3 19 1
0 2 24 13 4 12 1
0 2 24 13 4 13 1
0 2 12 13 4 14 1
0 2 12 13 4 15 1
0 2 12 13 4 16 1
0 2 23 13 4 17 1
0 2 23 13 4 18 1
0 2 22 13 4 19 1
0 8 1 13 8 12 1
0 8 3 13 8 12 2
0 8 24 13 8 13 1
0 8 23 13 8 14 1
0 8 11 13 8 15 1
0 8 22 13 8 16 1
0 8 3 13 9 12 1
0 8 4 13 9 12 2
0 8 2 13 9 13 1
0 8 4 13 9 13 2
0 8 0 13 9 14 1
0 8 4 13 9 14 2
0 8 25 13 9 15 1
0 8 25 13 9 16 1
0 8 24 13 9 17 1
0 8 22 13 9 18 1
0 5 8 13 10 12 1
0 5 4 13 10 12 2
0 5 3 13 10 13 1
0 5 4 13 10 13 2
0 5 3 13 10 14 1
0 5 1 13 10 14 2
0 5 15 13 10 15 1
0 5 26 13 10 16 1
0 5 26 13 10 17 1
0 5 26 13 10 18 1
0 5 12 13 10 19 1
0 2 0 13 16 12 1
0 2 4 13 16 12 2
0 2 0 13 16 13 1
0 2 3 13 16 13 2
0 2 0 13 16 14 1
0 2 2 13 16 14 2
0 2 24 13 16 15 1
0 2 24 13 16 16 1
0 2 24 13 16 17 1
0 2 12 13 16 18 1
0 2 23 13 16 19 1
0 2 24 13 18 12 1
0 2 24 13 18 13 1
0 2 12 13 18 14 1
0 2 12 13 18 15 1
0 2 12 13 18 16 1
0 2 12 13 18 17 1
0 2 23 13 18 18 1
0 2 21 13 18 19 1
0 2 2 13 19 12 1
0 2 3 13 19 12 2
0 2 0 13 19 13 1
0 2 2 13 19 13 2
0 2 23 13 19 14 1
0 2 23 13 19 15 1
0 2 23 13 19 16 1
0 2 11 13 19 17 1
0 2 22 13 19 18 1
0 2 10 13 19 19 1
0 2 2 13 20 12 1
0 2 2 13 20 12 2
0 2 0 13 20 13 1
0 2 2 13 20 13 2
0 2 13 13 20 14 1
0 2 13 13 20 15 1
0 2 24 13 20 16 1
0 2 24 13 20 17 1
0 2 23 13 20 18 1
0 2 23 13 20 19 1
0 2 14 13 21 12 1
0 2 14 13 21 13 1
0 2 25 13 21 14 1
0 2 25 13 21 15 1
0 2 25 13 21 16 1
0 2 24 13 21 17 1
0 2 24 13 21 18 1
0 2 24 13 21 19 1
0 8 0 13 1 2 1
0 8 2 13 1 2 2
0 8 12 13 1 3 1
0 8 12 13 1 4 1
0 8 11 13 1 5 1
0 2 10 13 2 1 1
0 2 10 13 2 2 1
0 2 10 13 2 3 1
0 2 10 13 2 4 1
0 2 10 13 2 5 1
0 2 21 13 2 6 1
0 2 21 13 2 7 1
0 2 21 13 2 8 1
0 2 21 13 2 9 1
0 2 2 13 3 0 1
0 2 3 13 3 0 2
0 2 14 13 3 1 1
0 2 14 13 3 2 1
0 2 14 13 3 3 1
0 2 14 13 3 4 1
0 2 14 13 3 5 1
0 2 13 13 3 6 1
0 2 13 13 3 7 1
0 2 12 13 3 8 1
0 2 12 13 3 9 1
0 2 21 13 3 10 1
0 5 31 13 4 0 1
0 5 22 13 4 1 1
0 2 25 13 5 0 1
0 2 25 13 5 1 1
0 2 25 13 5 2 1
0 2 13 13 5 3 1
0 2 12 13 5 4 1
0 2 12 13 5 5 1
0 2 23 13 5 6 1
0 2 23 13 5 7 1
0 2 22 13 5 8 1
0 2 21 13 5 9 1
0 1 3 13 6 0 1
0 1 3 13 6 0 2
0 1 3 13 6 1 1
0 1 3 13 6 1 2
0 1 15 13 6 2 1
0 1 14 13 6 3 1
0 1 25 13 6 4 1
0 1 25 13 6 5 1
0 1 25 13 6 6 1
0 1 22 13 6 7 1
0 1 22 13 6 8 1
0 1 21 13 6 9 1
0 5 4 13 7 0 1
0 5 4 13 7 0 2
0 5 3 13 7 1 1
0 5 4 13 7 1 2
0 5 5 13 7 2 1
0 5 4 13 7 2 2
0 5 25 13 7 3 1
0 5 25 13 7 4 1
0 5 25 13 7 5 1
0 5 25 13 7 6 1
0 5 25 13 7 7 1
0 5 25 13 7 8 1
0 5 24 13 7 9 1
0 2 2 13 8 0 1
0 2 3 13 8 0 2
0 2 0 13 8 1 1
0 2 2 13 8 1 2
0 2 24 13 8 2 1
0 2 24 13 8 3 1
0 2 24 13 8 4 1
0 2 23 13 8 5 1
0 2 23 13 8 6 1
0 2 22 13 8 7 1
0 2 10 13 8 8 1
0 2 21 13 8 9 1
0 2 3 13 9 0 1
0 2 3 13 9 0 2
0 2 24 13 9 1 1
0 2 24 13 9 2 1
0 2 24 13 9 3 1
0 2 28 13 9 4 1
0 2 12 13 9 5 1
0 2 23 13 9 6 1
0 2 22 13 9 7 1
0 2 22 13 9 8 1
0 2 21 13 9 9 1
0 10 4 13 10 0 1
0 10 4 13 10 0 2
0 10 1 13 10 1 1
0 10 4 13 10 1 2
0 10 23 13 10 2 1
0 10 23 13 10 3 1
0 10 23 13 10 4 1
0 10 11 13 10 5 1
0 10 22 13 10 6 1
0 10 22 13 10 7 1
0 10 22 13 10 8 1
0 10 21 13 10 9 1
0 2 15 13 14 0 1
0 2 15 13 14 1 1
0 2 15 13 14 2 1
0 2 26 13 14 3 1
0 2 26 13 14 4 1
0 2 14 13 14 5 1
0 2 14 13 14 6 1
0 2 14 13 14 7 1
0 2 24 13 14 8 1
0 2 10 13 14 9 1
0 2 1 13 16 0 1
0 2 2 13 16 0 2
0 2 29 13 16 1 1
0 2 12 13 16 2 1
0 2 23 13 16 3 1
0 2 23 13 16 4 1
0 2 11 13 16 5 1
0 2 22 13 16 6 1
0 2 22 13 16 7 1
0 2 21 13 16 8 1
0 2 21 13 16 9 1
0 2 2 13 17 0 1
0 2 3 13 17 0 2
0 2 2 13 17 1 1
0 2 3 13 17 1 2
0 2 0 13 17 2 1
0 2 3 13 17 2 2
0 2 14 13 17 3 1
0 2 14 13 17 4 1
0 2 14 13 17 5 1
0 2 13 13 17 6 1
0 2 13 13 17 7 1
0 2 13 13 17 8 1
0 2 12 13 17 9 1
0 2 22 13 17 10 1
0 2 3 13 18 0 1
0 2 3 13 18 0 2
0 2 0 13 18 1 1
0 2 3 13 18 1 2
0 2 24 13 18 2 1
0 2 24 13 18 3 1
0 2 24 13 18 4 1
0 2 24 13 18 5 1
0 2 24 13 18 6 1
0 2 24 13 18 7 1
0 2 23 13 18 8 1
0 2 23 13 18 9 1
0 2 2 13 19 1 1
0 2 3 13 19 1 2
0 2 0 13 19 2 1
0 2 3 13 19 2 2
0 2 14 13 19 3 1
0 2 14 13 19 4 1
0 2 13 13 19 5 1
0 2 13 13 19 6 1
0 2 12 13 19 7 1
0 2 11 13 19 8 1
0 2 10 13 19 9 1
0 2 21 13 19 10 1
0 2 13 13 20 2 1
0 2 13 13 20 3 1
0 2 13 13 20 4 1
0 2 13 13 20 5 1
0 2 11 13 20 6 1
0 2 11 13 20 7 1
0 2 10 13 20 8 1
0 2 10 13 20 9 1
0 2 21 13 20 10 1
0 1 2 15 0 12 1
0 1 4 15 0 12 2
0 1 14 15 0 13 1
0 1 25 15 0 14 1
0 1 25 15 0 15 1
0 1 25 15 0 16 1
0 1 24 15 0 17 1
0 1 23 15 0 18 1
0 1 21 15 0 19 1
0 1 4 15 1 12 1
0 1 4 15 1 12 2
0 1 3 15 1 13 1
0 1 4 15 1 13 2
0 1 26 15 1 14 1
0 1 26 15 1 15 1
0 1 26 15 1 16 1
0 1 26 15 1 17 1
0 1 25 15 2 12 1
0 2 25 15 2 13 1
0 2 23 15 2 14 1
0 2 11 15 2 15 1
0 2 10 15 2 16 1
0 2 21 15 2 17 1
0 2 23 15 3 12 1
0 2 23 15 3 13 1
0 2 11 15 3 14 1
0 2 11 15 3 15 1
0 2 11 15 3 16 1
0 2 11 15 3 17 1
0 2 21 15 3 18 1
0 1 3 15 4 12 1
0 1 4 15 4 12 2
0 1 22 15 4 13 1
0 2 11 15 4 14 1
0 2 22 15 4 15 1
0 2 21 15 4 16 1
0 2 0 15 5 12 1
0 2 4 15 5 12 2
0 2 24 15 5 13 1
0 2 23 15 5 14 1
0 2 11 15 5 15 1
0 2 22 15 5 16 1
0 2 22 15 5 17 1
0 2 21 15 5 18 1
0 2 21 15 5 19 1
0 5 3 15 1 2 1
0 5 4 15 1 2 2
0 5 25 15 1 3 1
0 5 25 15 1 4 1
0 5 25 15 1 5 1
0 5 25 15 1 6 1
0 5 12 15 1 7 1
0 5 23 15 1 8 1
0 5 22 15 1 9 1
0 5 25 15 2 0 1
0 5 25 15 2 1 1
0 5 25 15 2 2 1
0 5 25 15 2 3 1
0 5 24 15 2 4 1
0 5 24 15 2 5 1
0 5 12 15 2 6 1
0 5 11 15 2 7 1
0 5 22 15 2 8 1
0 5 22 15 2 9 1
0 2 0 15 3 0 1
0 2 3 15 3 0 2
0 2 0 15 3 1 1
0 2 3 15 3 1 2
0 2 0 15 3 2 1
0 2 0 15 3 2 2
0 2 0 15 3 3 1
0 2 0 15 3 3 2
0 2 10 15 3 4 1
0 2 10 15 3 5 1
0 2 10 15 3 6 1
0 2 10 15 3 7 1
0 2 10 15 3 8 1
0 2 10 15 3 9 1
0 2 21 15 3 10 1
0 2 12 15 4 0 1
0 2 12 15 4 1 1
0 2 23 15 4 2 1
0 2 23 15 4 3 1
0 2 23 15 4 4 1
0 2 23 15 4 5 1
0 2 11 15 4 6 1
0 2 11 15 4 7 1
0 2 11 15 4 8 1
0 2 22 15 4 9 1
0 2 12 15 5 0 1
0 2 23 15 5 1 1
0 2 23 15 5 2 1
0 2 23 15 5 3 1
0 2 11 15 5 4 1
0 2 22 15 5 5 1
0 2 22 15 5 6 1
0 2 22 15 5 7 1
0 2 22 15 5 8 1
0 2 10 15 5 9 1
0 3 4 15 6 6 1
0 3 4 15 6 6 2
0 3 4 15 6 7 1
0 3 4 15 6 7 2
0 3 3 15 6 8 1
0 3 4 15 6 8 2
0 3 0 15 6 9 1
0 3 4 15 6 9 2
0 3 25 15 6 10 1
0 1 4 15 7 6 1
0 1 4 15 7 6 2
0 1 4 15 7 7 1
0 1 4 15 7 7 2
0 1 3 15 7 8 1
0 1 4 15 7 8 2
0 1 3 15 7 9 1
0 1 4 15 7 9 2
0 1 25 15 7 10 1
0 8 3 15 8 6 1
0 8 4 15 8 6 2
0 8 3 15 8 7 1
0 8 4 15 8 7 2
0 8 3 15 8 8 1
0 8 4 15 8 8 2
0 8 3 15 8 9 1
0 8 4 15 8 9 2
0 8 2 15 8 10 1
0 8 1 15 8 10 2
0 5 3 15 9 6 1
0 5 3 15 9 6 2
0 5 14 15 9 7 1
0 5 13 15 9 8 1
0 5 23 15 9 9 1
0 5 10 15 9 10 1
0 7 3 15 12 6 1
0 5 4 15 12 6 2
0 4 4 15 12 7 1
0 7 3 15 12 7 2
0 4 4 15 12 8 1
0 7 3 15 12 8 2
0 4 3 15 12 9 1
0 4 3 15 12 9 2
0 4 3 15 12 10 1
0 4 3 15 12 10 2
0 1 22 15 15 6 1
0 5 22 15 15 7 1
0 5 11 15 15 8 1
0 2 1 15 16 0 1
0 2 2 15 16 0 2
0 2 0 15 16 1 1
0 2 2 15 16 1 2
0 2 13 15 16 2 1
0 2 13 15 16 3 1
0 2 24 15 16 4 1
0 2 24 15 16 5 1
0 2 24 15 16 6 1
0 2 24 15 16 7 1
0 2 23 15 16 8 1
0 2 22 15 16 9 1
0 2 1 15 17 0 1
0 2 2 15 17 0 2
0 2 2 15 17 1 1
0 2 0 15 17 1 2
0 2 2 15 17 2 1
0 2 0 15 17 2 2
0 2 13 15 17 3 1
0 2 12 15 17 4 1
0 2 12 15 17 5 1
0 2 23 15 17 6 1
0 2 11 15 17 7 1
0 2 11 15 17 8 1
0 2 10 15 17 9 1
0 2 10 15 17 10 1
0 5 3 15 19 0 1
0 5 4 15 19 0 2
0 5 3 15 19 1 1
0 5 4 15 19 1 2
0 5 3 15 19 2 1
0 5 3 15 19 2 2
0 5 15 15 19 3 1
0 5 15 15 19 4 1
0 5 15 15 19 5 1
0 5 14 15 19 6 1
0 5 14 15 19 7 1
0 5 25 15 19 8 1
0 5 13 15 19 9 1
0 5 12 15 19 10 1
0 6 26 15 20 2 1
0 6 25 15 20 3 1
0 6 24 15 20 4 1
0 6 24 15 20 5 1
0 11 24 15 20 6 1
0 4 26 16 11 12 1
0 5 15 16 11 13 1
0 5 15 16 11 14 1
0 5 26 16 11 15 1
0 4 3 16 12 12 1
0 6 3 16 12 12 2
0 4 3 16 12 13 1
0 4 3 16 12 13 2
0 2 14 16 12 14 1
0 2 14 16 12 15 1
0 2 14 16 12 16 1
0 2 14 16 12 17 1
0 6 12 16 12 18 1
0 2 12 16 12 19 1
0 5 4 16 13 12 1
0 4 4 16 13 12 2
0 5 3 16 13 13 1
0 1 4 16 13 13 2
0 5 3 16 13 14 1
0 1 4 16 13 14 2
0 4 3 16 13 15 1
0 1 4 16 13 15 2
0 4 3 16 13 16 1
0 5 0 16 13 16 2
0 1 25 16 13 17 1
0 1 4 16 14 12 1
0 1 4 16 14 12 2
0 1 25 16 14 13 1
0 1 25 16 14 14 1
0 1 24 16 14 15 1
0 1 24 16 14 16 1
0 1 24 16 14 17 1
0 1 24 16 14 18 1
0 1 24 16 14 19 1
0 1 2 16 15 12 1
0 1 2 16 15 12 2
0 1 24 16 15 13 1
0 1 24 16 15 14 1
0 1 24 16 15 15 1
0 1 24 16 15 16 1
0 1 24 16 15 17 1
0 1 23 16 15 18 1
0 1 21 16 15 19 1
0 8 25 16 1 1 1
0 8 25 16 1 2 1
0 8 25 16 1 3 1
0 8 25 16 1 4 1
0 8 25 16 1 5 1
0 8 25 16 1 6 1
0 8 25 16 1 7 1
0 8 10 16 1 8 1
0 8 10 16 1 9 1
0 2 24 16 2 0 1
0 2 24 16 2 1 1
0 2 24 16 2 2 1
0 2 12 16 2 3 1
0 2 23 16 2 4 1
0 2 23 16 2 5 1
0 2 23 16 2 6 1
0 1 23 16 2 7 1
0 8 12 16 2 8 1
0 8 22 16 2 9 1
0 2 24 16 3 0 1
0 2 24 16 3 1 1
0 2 24 16 3 2 1
0 2 24 16 3 3 1
0 2 24 16 3 4 1
0 2 24 16 3 5 1
0 2 24 16 3 6 1
0 2 24 16 3 7 1
0 2 3 16 4 0 1
0 2 4 16 4 0 2
0 2 1 16 4 1 1
0 2 3 16 4 1 2
0 2 25 16 4 2 1
0 2 25 16 4 3 1
0 2 25 16 4 4 1
0 2 24 16 4 5 1
0 2 23 16 4 6 1
0 2 23 16 4 7 1
0 7 22 16 4 8 1
0 2 12 16 5 0 1
0 2 12 16 5 1 1
0 2 11 16 5 2 1
0 2 11 16 5 3 1
0 2 11 16 5 4 1
0 2 11 16 5 5 1
0 2 11 16 5 6 1
0 2 11 16 5 7 1
0 2 22 16 5 8 1
0 2 10 16 5 9 1
0 2 10 16 5 10 1
0 5 4 16 6 0 1
0 5 4 16 6 0 2
0 5 23 16 6 1 1
0 5 23 16 6 2 1
0 5 23 16 6 3 1
0 5 23 16 6 4 1
0 5 23 16 6 5 1
0 5 23 16 6 6 1
0 5 23 16 6 7 1
0 5 23 16 6 8 1
0 5 22 16 6 9 1
0 10 0 16 9 2 1
0 10 3 16 9 2 2
0 10 24 16 9 3 1
0 10 24 16 9 4 1
0 10 23 16 9 5 1
0 10 23 16 9 6 1
0 10 23 16 9 7 1
0 10 23 16 9 8 1
0 10 22 16 9 9 1
0 2 2 16 10 2 1
0 2 4 16 10 2 2
0 2 13 16 10 3 1
0 2 23 16 10 4 1
0 2 11 16 10 5 1
0 2 11 16 10 6 1
0 2 10 16 10 7 1
0 2 10 16 10 8 1
0 2 21 16 10 9 1
0 3 0 16 11 2 1
0 2 3 16 11 2 2
0 2 25 16 11 3 1
0 2 25 16 11 4 1
0 4 24 16 11 5 1
0 4 11 16 11 6 1
0 1 22 16 11 7 1
0 5 22 16 11 8 1
0 8 22 16 11 9 1
0 2 23 16 12 2 1
0 2 23 16 12 3 1
0 2 23 16 12 4 1
0 2 22 16 12 5 1
0 2 22 16 12 6 1
0 2 22 16 12 7 1
0 2 22 16 12 8 1
0 2 21 16 12 9 1
0 5 4 16 13 0 1
0 5 4 16 13 0 2
0 5 3 16 13 1 1
0 5 4 16 13 1 2
0 5 26 16 13 2 1
0 5 26 16 13 3 1
0 5 26 16 13 4 1
0 5 26 16 13 5 1
0 5 26 16 13 6 1
0 8 12 16 13 7 1
0 8 23 16 13 8 1
0 8 23 16 13 9 1
0 2 24 16 14 0 1
0 2 24 16 14 1 1
0 2 24 16 14 2 1
0 2 24 16 14 3 1
0 2 24 16 14 4 1
0 2 23 16 14 5 1
0 2 11 16 14 6 1
0 2 11 16 14 7 1
0 2 11 16 14 8 1
0 2 11 16 14 9 1
0 2 0 16 15 0 1
0 2 0 16 15 0 2
0 2 11 16 15 1 1
0 2 11 16 15 2 1
0 2 11 16 15 3 1
0 2 11 16 15 4 1
0 2 11 16 15 5 1
0 2 11 16 15 6 1
0 2 11 16 15 7 1
0 2 11 16 15 8 1
0 2 11 16 15 9 1
0 2 22 16 15 10 1
0 2 0 16 16 0 1
0 2 0 16 16 0 2
0 2 0 16 16 1 1
0 2 0 16 16 1 2
0 2 0 16 16 2 1
0 2 0 16 16 2 2
0 2 11 16 16 3 1
0 2 22 16 16 4 1
0 2 22 16 16 5 1
0 2 22 16 16 6 1
0 2 22 16 16 7 1
0 2 22 16 16 8 1
0 2 10 16 16 9 1
0 6 4 16 17 0 1
0 6 4 16 17 0 2
0 6 4 16 17 1 1
0 6 4 16 17 1 2
0 6 4 16 17 2 1
0 6 4 16 17 2 2
0 6 4 16 17 3 1
0 6 4 16 17 3 2
0 6 4 16 17 4 1
0 6 4 16 17 4 2
0 6 4 16 17 5 1
0 6 4 16 17 5 2
0 6 3 16 17 6 1
0 6 4 16 17 6 2
0 6 3 16 17 7 1
0 6 4 16 17 7 2
0 6 3 16 17 8 1
0 3 4 16 17 8 2
0 1 3 16 17 9 1
0 3 3 16 17 9 2
0 2 24 16 18 0 1
0 2 24 16 18 1 1
0 2 12 16 18 2 1
0 2 11 16 18 3 1
0 2 22 16 18 4 1
0 2 22 16 18 5 1
0 2 22 16 18 6 1
0 2 22 16 18 7 1
0 2 12 16 19 0 1
0 2 12 16 19 1 1
0 2 23 16 19 2 1
0 2 23 16 19 3 1
0 2 23 16 19 4 1
0 2 23 16 19 5 1
0 2 23 16 19 6 1
0 2 23 16 19 7 1
0 2 23 16 19 8 1
0 2 11 16 19 9 1
0 2 25 16 20 1 1
0 2 13 16 20 2 1
0 2 13 16 20 3 1
0 2 24 16 20 4 1
0 2 23 16 20 5 1
0 2 23 16 20 6 1
0 2 11 16 20 7 1
0 2 21 16 20 8 1
0 2 21 16 20 9 1
0 6 25 17 16 12 1
0 10 13 17 19 12 1
0 7 24 17 20 12 1
0 2 0 17 21 12 1
0 2 3 17 21 12 2
0 2 14 17 21 13 1
0 2 14 17 21 14 1
0 2 25 17 21 15 1
0 2 25 17 21 16 1
0 2 24 17 21 17 1
0 2 12 17 21 18 1
0 2 23 17 21 19 1
0 7 3 17 1 2 1
0 7 4 17 1 2 2
0 7 3 17 1 3 1
0 7 4 17 1 3 2
0 7 3 17 1 4 1
0 7 4 17 1 4 2
0 7 3 17 1 5 1
0 7 4 17 1 5 2
0 7 3 17 1 6 1
0 7 3 17 1 6 2
0 7 25 17 1 7 1
0 2 25 17 2 0 1
0 2 23 17 2 1 1
0 2 23 17 2 2 1
0 2 23 17 2 3 1
0 2 23 17 2 4 1
0 2 11 17 2 5 1
0 2 11 17 2 6 1
0 2 10 17 2 7 1
0 2 25 17 3 0 1
0 2 24 17 3 1 1
0 2 24 17 3 2 1
0 2 24 17 3 3 1
0 2 12 17 3 4 1
0 2 23 17 3 5 1
0 2 11 17 3 6 1
0 2 22 17 3 7 1
0 2 21 17 3 8 1
0 7 10 17 3 9 1
0 1 3 17 4 0 1
0 1 3 17 4 0 2
0 1 14 17 4 1 1
0 1 25 17 4 2 1
0 1 25 17 4 3 1
0 1 25 17 4 4 1
0 1 13 17 4 5 1
0 1 23 17 4 6 1
0 1 11 17 4 7 1
0 1 22 17 4 8 1
0 1 10 17 4 9 1
0 2 24 17 5 0 1
0 2 12 17 5 1 1
0 2 12 17 5 2 1
0 2 12 17 5 3 1
0 2 12 17 5 4 1
0 2 12 17 5 5 1
0 2 12 17 5 6 1
0 4 2 17 6 6 1
0 4 3 17 6 6 2
0 4 2 17 6 7 1
0 4 3 17 6 7 2
0 4 26 17 6 8 1
0 5 14 17 6 9 1
0 3 0 17 7 6 1
0 3 3 17 7 6 2
0 3 25 17 7 7 1
0 4 14 17 7 8 1
0 4 14 17 7 9 1
0 4 14 17 7 10 1
0 1 25 17 8 6 1
0 1 4 17 11 6 1
0 1 4 17 11 6 2
0 1 4 17 11 7 1
0 1 4 17 11 7 2
0 1 4 17 11 8 1
0 1 4 17 11 8 2
0 1 3 17 11 9 1
0 1 3 17 11 9 2
0 1 25 17 11 10 1
0 1 0 17 13 6 1
0 1 3 17 13 6 2
0 1 25 17 13 7 1
0 1 13 17 13 8 1
0 1 13 17 13 9 1
0 1 4 17 15 6 1
0 1 4 17 15 6 2
0 1 4 17 15 7 1
0 1 4 17 15 7 2
0 1 4 17 15 8 1
0 1 4 17 15 8 2
0 1 15 17 15 9 1
0 4 26 17 15 10 1
0 8 0 17 17 0 1
0 8 1 17 17 0 2
0 8 22 17 17 1 1
0 8 22 17 17 2 1
0 8 22 17 17 3 1
0 8 22 17 17 4 1
0 8 22 17 17 5 1
0 8 22 17 17 6 1
0 8 21 17 17 7 1
0 8 21 17 17 8 1
0 8 21 17 17 9 1
0 2 23 17 18 0 1
0 2 23 17 18 1 1
0 2 11 17 18 2 1
0 2 11 17 18 3 1
0 2 22 17 18 4 1
0 2 22 17 18 5 1
0 2 22 17 18 6 1
0 2 22 17 18 7 1
0 2 21 17 18 8 1
0 2 21 17 18 9 1
0 1 1 17 19 0 1
0 1 3 17 19 0 2
0 1 26 17 19 1 1
0 1 26 17 19 2 1
0 1 26 17 19 3 1
0 1 14 17 19 4 1
0 1 25 17 19 5 1
0 1 24 17 19 6 1
0 1 24 17 19 7 1
0 1 22 17 19 8 1
0 1 22 17 19 9 1
0 2 3 17 20 2 1
0 2 4 17 20 2 2
0 2 3 17 20 3 1
0 2 4 17 20 3 2
0 2 25 17 20 4 1
0 2 25 17 20 5 1
0 2 25 17 20 6 1
0 2 24 17 20 7 1
0 2 24 17 20 8 1
0 2 22 17 20 9 1
0 4 4 18 11 12 1
0 4 4 18 11 12 2
0 4 3 18 11 13 1
0 4 3 18 11 13 2
0 4 3 18 11 14 1
0 4 3 18 11 14 2
0 4 3 18 11 15 1
0 4 3 18 11 15 2
0 4 3 18 11 16 1
0 4 3 18 11 16 2
0 4 25 18 11 17 1
0 2 24 18 12 12 1
0 2 12 18 12 13 1
0 2 12 18 12 14 1
0 2 12 18 12 15 1
0 2 22 18 12 16 1
0 2 0 18 13 12 1
0 2 0 18 13 12 2
0 2 11 18 14 12 1
0 7 0 18 16 12 1
0 7 0 18 16 12 2
0 2 0 18 1 2 1
0 2 0 18 1 2 2
0 2 0 18 1 3 1
0 2 0 18 1 3 2
0 2 0 18 1 4 1
0 2 0 18 1 4 2
0 2 22 18 1 5 1
0 2 22 18 1 6 1
0 2 22 18 1 7 1
0 2 22 18 1 8 1
0 2 25 18 2 2 1
0 2 24 18 2 3 1
0 2 24 18 2 4 1
0 2 24 18 2 5 1
0 2 24 18 2 6 1
0 2 22 18 2 7 1
0 2 10 18 2 8 1
0 2 21 18 2 9 1
0 2 0 18 4 1 1
0 2 0 18 4 1 2
0 2 0 18 4 2 1
0 2 0 18 4 2 2
0 2 11 18 4 3 1
0 2 11 18 4 4 1
0 2 11 18 4 5 1
0 2 11 18 4 6 1
0 2 11 18 4 7 1
0 2 11 18 4 8 1
0 2 10 18 4 9 1
0 2 10 18 4 10 1
0 4 2 18 5 1 1
0 4 3 18 5 1 2
0 4 26 18 5 2 1
0 4 26 18 5 3 1
0 4 26 18 5 4 1
0 4 26 18 5 5 1
0 4 26 18 5 6 1
0 2 23 18 5 7 1
0 2 23 18 5 8 1
0 2 2 18 6 1 1
0 2 2 18 6 1 2
0 2 25 18 6 2 1
0 2 13 18 6 3 1
0 2 24 18 6 4 1
0 5 24 18 6 5 1
0 5 23 18 6 6 1
0 5 22 18 6 7 1
0 2 1 18 7 1 1
0 2 3 18 7 1 2
0 2 0 18 7 2 1
0 2 3 18 7 2 2
0 2 0 18 7 3 1
0 2 2 18 7 3 2
0 2 22 18 7 4 1
0 2 10 18 7 5 1
0 2 21 18 7 6 1
0 2 21 18 7 7 1
0 2 21 18 7 8 1
0 2 21 18 7 9 1
0 5 1 18 8 1 1
0 5 3 18 8 1 2
0 5 15 18 8 2 1
0 5 15 18 8 3 1
0 5 15 18 8 4 1
0 5 15 18 8 5 1
0 5 15 18 8 6 1
0 5 15 18 8 7 1
0 5 26 18 8 8 1
0 5 14 18 8 9 1
0 5 14 18 8 10 1
0 1 24 18 10 1 1
0 1 24 18 10 2 1
0 1 24 18 10 3 1
0 1 24 18 10 4 1
0 1 23 18 10 5 1
0 5 22 18 10 6 1
0 5 10 18 10 7 1
0 5 21 18 10 8 1
0 5 21 18 10 9 1
0 8 3 18 11 1 1
0 8 4 18 11 1 2
0 8 3 18 11 2 1
0 8 4 18 11 2 2
0 8 3 18 11 3 1
0 8 4 18 11 3 2
0 8 14 18 11 4 1
0 8 25 18 11 5 1
0 8 24 18 11 6 1
0 8 12 18 11 7 1
0 8 23 18 11 8 1
0 8 23 18 11 9 1
0 2 12 18 14 1 1
0 2 12 18 14 2 1
0 2 12 18 14 3 1
0 2 12 18 14 4 1
0 2 12 18 14 5 1
0 2 12 18 14 6 1
0 2 23 18 14 7 1
0 2 11 18 14 8 1
0 2 0 18 15 1 1
0 2 0 18 15 1 2
0 2 0 18 15 2 1
0 2 0 18 15 2 2
0 2 11 18 15 3 1
0 2 11 18 15 4 1
0 2 11 18 15 5 1
0 2 11 18 15 6 1
0 2 11 18 15 7 1
0 8 11 18 15 8 1
0 8 22 18 15 9 1
0 8 10 18 15 10 1
0 5 14 18 17 1 1
0 5 23 18 17 2 1
0 5 23 18 17 3 1
0 7 23 18 17 4 1
0 7 23 18 17 5 1
0 7 22 18 17 6 1
0 7 22 18 17 7 1
0 7 22 18 17 8 1
0 7 21 18 17 9 1
0 1 2 18 18 1 1
0 1 2 18 18 1 2
0 1 11 18 18 2 1
0 5 22 18 18 3 1
0 5 22 18 18 4 1
0 5 10 18 18 5 1
0 5 21 18 18 6 1
0 5 21 18 18 7 1
0 5 23 18 19 2 1
0 5 23 18 19 3 1
0 5 23 18 19 4 1
0 5 23 18 19 5 1
0 5 23 18 19 6 1
0 10 23 18 19 7 1
0 10 22 18 19 8 1
0 2 25 18 20 2 1
0 2 12 18 20 3 1
0 2 12 18 20 4 1
0 2 12 18 20 5 1
0 2 12 18 20 6 1
0 2 11 18 20 7 1
0 2 11 18 20 8 1
0 2 11 18 20 9 1
0 2 10 18 20 10 1
0 2 0 19 6 12 1
0 2 2 19 6 12 2
0 2 24 19 6 13 1
0 2 12 19 6 14 1
0 2 23 19 6 15 1
0 2 23 19 6 16 1
0 2 22 19 6 17 1
0 2 22 19 6 18 1
0 2 10 19 6 19 1
0 2 12 19 7 12 1
0 8 1 19 8 12 1
0 8 4 19 8 12 2
0 8 0 19 8 13 1
0 8 4 19 8 13 2
0 8 25 19 8 14 1
0 1 26 19 9 12 1
0 1 14 19 9 13 1
0 1 14 19 9 14 1
0 1 25 19 9 15 1
0 1 25 19 9 16 1
0 1 25 19 9 17 1
0 2 25 19 9 18 1
0 2 25 19 9 19 1
0 1 26 19 10 12 1
0 1 26 19 10 13 1
0 1 26 19 10 14 1
0 1 26 19 10 15 1
0 1 14 19 10 16 1
0 1 25 19 10 17 1
0 1 12 19 10 18 1
0 9 0 19 11 12 1
0 1 4 19 11 12 2
0 1 0 19 11 13 1
0 1 4 19 11 13 2
0 1 14 19 11 14 1
0 1 14 19 11 15 1
0 1 25 19 11 16 1
0 1 25 19 11 17 1
0 1 25 19 11 18 1
0 9 12 19 11 19 1
0 4 3 19 13 12 1
0 4 3 19 13 12 2
0 4 3 19 13 13 1
0 4 3 19 13 13 2
0 4 14 19 13 14 1
0 4 14 19 13 15 1
0 4 25 19 13 16 1
0 8 23 19 13 17 1
0 8 23 19 14 12 1
0 1 13 19 15 12 1
0 1 24 19 15 13 1
0 1 24 19 15 14 1
0 1 24 19 15 15 1
0 1 10 19 15 16 1
0 2 14 19 1 3 1
0 2 14 19 1 4 1
0 5 3 19 2 2 1
0 5 4 19 2 2 2
0 5 3 19 2 3 1
0 5 3 19 2 3 2
0 5 25 19 2 4 1
0 5 25 19 2 5 1
0 5 13 19 2 6 1
0 5 13 19 2 7 1
0 5 23 19 2 8 1
0 5 21 19 2 9 1
0 5 25 19 4 2 1
0 5 25 19 4 3 1
0 5 24 19 4 4 1
0 5 10 19 4 5 1
0 5 21 19 4 6 1
0 2 12 19 5 2 1
0 2 12 19 5 3 1
0 2 23 19 5 4 1
0 2 23 19 5 5 1
0 2 11 19 5 6 1
0 2 11 19 5 7 1
0 2 22 19 5 8 1
0 2 0 19 6 2 1
0 2 3 19 6 2 2
0 2 13 19 6 3 1
0 2 24 19 6 4 1
0 2 24 19 6 5 1
0 2 23 19 6 6 1
0 2 23 19 6 7 1
0 2 22 19 6 8 1
0 2 22 19 6 9 1
0 2 24 19 7 2 1
0 2 24 19 7 3 1
0 2 24 19 7 4 1
0 7 23 19 7 5 1
0 2 23 19 8 2 1
0 2 23 19 8 3 1
0 2 23 19 8 4 1
0 2 23 19 8 5 1
0 2 11 19 8 6 1
0 2 11 19 8 7 1
0 2 22 19 8 8 1
0 2 22 19 8 9 1
0 3 3 19 9 2 1
0 3 4 19 9 2 2
0 3 3 19 9 3 1
0 3 3 19 9 3 2
0 3 3 19 9 4 1
0 3 3 19 9 4 2
0 3 24 19 9 5 1
0 2 13 19 9 6 1
0 2 13 19 9 7 1
0 2 24 19 9 8 1
0 2 11 19 9 9 1
0 2 14 19 10 2 1
0 2 12 19 10 3 1
0 2 12 19 10 4 1
0 2 11 19 10 5 1
0 2 11 19 10 6 1
0 2 11 19 10 7 1
0 2 11 19 10 8 1
0 2 11 19 10 9 1
0 2 10 19 10 10 1
0 2 24 19 11 2 1
0 2 24 19 11 3 1
0 2 24 19 11 4 1
0 2 12 19 11 5 1
0 2 23 19 11 6 1
0 2 23 19 11 7 1
0 2 23 19 11 8 1
0 2 11 19 11 9 1
0 9 25 19 12 2 1
0 9 25 19 12 3 1
0 9 23 19 12 4 1
0 9 23 19 12 5 1
0 9 22 19 12 6 1
0 5 22 19 12 7 1
0 5 22 19 12 8 1
0 4 3 19 13 2 1
0 4 4 19 13 2 2
0 4 3 19 13 3 1
0 4 3 19 13 3 2
0 4 3 19 13 4 1
0 4 3 19 13 4 2
0 4 2 19 13 5 1
0 4 3 19 13 5 2
0 4 26 19 13 6 1
0 4 25 19 13 7 1
0 4 25 19 13 8 1
0 4 23 19 13 9 1
0 2 25 19 15 2 1
0 5 0 19 19 2 1
0 5 4 19 19 2 2
0 5 25 19 19 3 1
0 5 25 19 19 4 1
0 5 25 19 19 5 1
0 5 25 19 19 6 1
0 5 25 19 19 7 1
0 5 23 19 19 8 1
0 2 22 19 19 9 1
0 2 22 20 1 4 1
0 1 22 20 1 5 1
0 1 2 20 3 4 1
0 1 2 20 3 4 2
0 4 22 20 4 3 1
0 2 3 20 5 3 1
0 2 3 20 5 3 2
0 2 15 20 5 4 1
0 2 13 20 5 5 1
0 2 24 20 5 6 1
0 5 24 20 5 7 1
0 5 23 20 5 8 1
0 2 1 20 7 2 1
0 2 3 20 7 2 2
0 2 24 20 7 3 1
0 2 24 20 7 4 1
0 2 12 20 7 5 1
0 2 23 20 7 6 1
0 2 23 20 7 7 1
0 2 11 20 7 8 1
0 2 22 20 7 9 1
0 4 26 20 8 2 1
0 4 24 20 8 3 1
0 4 24 20 8 4 1
0 4 3 20 10 2 1
0 4 4 20 10 2 2
0 2 1 20 10 3 1
0 2 1 20 10 3 2
0 2 12 20 10 4 1
0 2 12 20 10 5 1
0 2 23 20 10 6 1
0 2 23 20 10 7 1
0 2 23 20 10 8 1
0 2 22 20 10 9 1
0 3 4 20 13 2 1
0 3 4 20 13 2 2
0 3 4 20 13 3 1
0 3 4 20 13 3 2
0 1 25 20 13 4 1
0 1 13 20 13 5 1
0 1 12 20 13 6 1
0 1 22 20 13 7 1
0 1 21 20 13 8 1
0 1 21 20 13 9 1
0 5 15 20 17 3 1
0 5 26 20 17 4 1
0 4 25 20 17 5 1
0 4 24 20 17 6 1
0 5 22 20 17 7 1
0 1 4 20 18 4 1
0 1 4 20 18 4 2
0 1 4 20 18 5 1
0 1 4 20 18 5 2
0 1 26 20 18 6 1
0 1 14 20 18 7 1
0 1 14 20 18 8 1
0 1 14 20 18 9 1
0 4 26 20 20 4 1
0 4 26 20 20 5 1
0 4 26 20 20 6 1
0 4 26 20 20 7 1
0 4 26 20 20 8 1
0 4 4 21 7 3 1
0 4 4 21 7 3 2
0 4 3 21 7 4 1
0 4 4 21 7 4 2
0 4 3 21 7 5 1
0 4 4 21 7 5 2
0 4 3 21 7 6 1
0 4 4 21 7 6 2
0 4 3 21 7 7 1
0 4 4 21 7 7 2
0 4 14 21 7 8 1
0 4 25 21 7 9 1
0 4 11 21 7 10 1
0 2 3 21 8 3 1
0 2 3 21 8 3 2
0 2 12 21 8 4 1
0 2 12 21 8 5 1
0 2 12 21 8 6 1
0 2 12 21 8 7 1
0 2 22 21 8 8 1
0 2 10 21 8 9 1
0 2 10 21 8 10 1
0 2 3 21 9 3 1
0 2 4 21 9 3 2
0 2 2 21 9 4 1
0 2 4 21 9 4 2
0 2 15 21 9 5 1
0 2 15 21 9 6 1
0 2 15 21 9 7 1
0 2 14 21 9 8 1
0 2 12 21 9 9 1
0 2 23 21 9 10 1
0 3 4 21 11 3 1
0 3 4 21 11 3 2
0 2 0 21 12 3 1
0 2 1 21 12 3 2
0 7 23 21 12 4 1
0 1 2 21 13 3 1
0 1 3 21 13 3 2
0 1 25 21 13 4 1
0 2 3 21 14 3 1
0 2 3 21 14 3 2
0 2 1 21 14 4 1
0 2 3 21 14 4 2
0 2 13 21 14 5 1
0 2 12 21 14 6 1
0 2 11 21 14 7 1
0 2 11 21 14 8 1
0 2 10 21 14 9 1
0 2 21 21 14 10 1
0 4 2 21 20 5 1
0 4 3 21 20 5 2
0 4 15 21 20 6 1
0 4 15 21 20 7 1
0 4 26 21 20 8 1
0 4 12 21 20 9 1
0 4 10 21 20 10 1
0 1 26 22 1 6 1
0 2 14 22 1 7 1
0 2 1 22 5 5 1
0 2 3 22 5 5 2
0 2 0 22 5 6 1
0 2 3 22 5 6 2
0 2 22 22 5 7 1
0 2 22 22 5 8 1
0 5 23 22 7 4 1
0 5 22 22 7 5 1
0 5 10 22 7 6 1
0 5 10 22 7 7 1
0 5 24 22 8 4 1
0 6 21 22 10 4 1
0 8 0 22 13 4 1
0 8 0 22 13 4 2
0 5 10 22 13 5 1
0 4 10 22 13 6 1
0 2 21 22 13 7 1
0 9 21 22 13 8 1
0 8 25 22 14 4 1
0 9 23 22 14 5 1
0 9 22 22 14 6 1
0 9 22 22 14 7 1
0 9 22 22 14 8 1
0 9 21 22 14 9 1
0 7 25 22 15 4 1
0 5 25 22 15 5 1
0 5 25 22 15 6 1
0 5 24 22 15 7 1
0 7 23 22 15 8 1
0 5 23 22 15 9 1
0 3 4 22 16 5 1
0 3 4 22 16 5 2
0 3 4 22 16 6 1
0 3 4 22 16 6 2
0 3 4 22 16 7 1
0 3 4 22 16 7 2
0 3 25 22 16 8 1
0 3 25 22 16 9 1
0 2 13 22 18 5 1
0 2 23 22 18 6 1
0 2 23 22 18 7 1
0 2 22 22 18 8 1
0 2 21 22 18 9 1
0 3 4 23 0 12 1
0 3 4 23 0 12 2
0 3 3 23 0 13 1
0 3 4 23 0 13 2
0 4 15 23 0 14 1
0 3 25 23 0 15 1
0 2 25 23 1 12 1
0 1 26 23 3 12 1
0 3 26 23 4 12 1
0 1 0 23 5 12 1
0 1 2 23 5 12 2
0 1 3 23 1 7 1
0 1 3 23 1 7 2
0 1 26 23 1 8 1
0 1 22 23 1 9 1
0 1 1 23 2 7 1
0 1 3 23 2 7 2
0 1 26 23 2 8 1
0 1 24 23 2 9 1
0 1 24 23 3 6 1
0 1 23 23 3 7 1
0 1 11 23 3 8 1
0 1 25 23 4 6 1
0 1 24 23 4 7 1
0 1 12 23 4 8 1
0 5 12 23 4 9 1
0 1 26 23 5 6 1
0 1 22 23 5 7 1
0 5 10 23 5 8 1
0 1 21 23 8 5 1
0 8 21 23 8 6 1
0 1 3 23 10 5 1
0 1 3 23 10 5 2
0 1 3 23 10 6 1
0 1 3 23 10 6 2
0 1 3 23 10 7 1
0 1 3 23 10 7 2
0 1 15 23 10 8 1
0 1 26 23 10 9 1
0 5 10 23 10 10 1
0 2 26 23 12 5 1
0 2 26 23 12 6 1
0 2 23 23 12 7 1
0 2 21 23 12 8 1
0 2 25 23 13 5 1
0 1 26 23 17 6 1
0 4 25 23 17 7 1
0 4 25 23 17 8 1
0 4 25 23 17 9 1
0 4 3
0 4 4
0 4 3
0 4 15
0 4 26
0 4 4
0 4 2
0 4 4
0 4 0
0 4 2
0 4 15
0 4 26
0 4 4
0 4 15
0 4 22
0 4 24
0 4 2
0 4 3
0 4 24
0 4 3
0 4 31
0 4 24
0 4 2
0 4 26
0 4 4
0 4 4
0 4 3
0 4 3
0 4 26
0 4 2
0 4 4
0 4 3
0 4 4
0 4 2
0 4 2
0 4 3
0 4 26
0 4 4
0 4 2
0 4 25
0 4 3
0 4 15
0 4 15
0 4 24
0 4 26
0 4 3
0 4 4
0 4 25
0 4 25
0 4 3
0 4 4
0 4 3
0 4 13
0 4 2
0 4 4
0 4 24
0 4 26
0 4 25
0 4 3
0 4 3
0 4 3
0 4 3
0 4 24
0 4 3
0 4 3
0 4 15
0 4 15
0 4 3
0 4 3
0 4 25
0 4 26
0 4 3
0 4 3
0 4 12
0 4 4
0 4 25
0 4 3
0 4 15
0 4 15
0 4 25
0 4 4
0 4 3
0 4 26
0 4 3
0 4 3
0 4 26
0 4 3
0 4 3
0 4 3
0 4 4
0 4 4
0 4 26
0 4 3
0 4 26
0 4 26
0 4 4
0 4 25
0 4 4
0 4 15
0 4 25
0 4 22
0 4 26
0 4 3
0 4 4
0 4 3
0 4 26
0 4 24
0 4 24
0 4 24
0 4 1
0 4 4
0 4 2
0 4 4
0 4 15
0 4 26
0 4 26
0 4 3
0 4 31
0 4 4
0 4 4
0 4 4
0 4 25
0 4 3
0 4 3
0 4 14
0 5 3
0 5 3
0 6 26
0 6 26
0 6 30
0 6 30
0 6 15
0 6 26
0 6 15
0 6 26
0 6 30
0 6 15
0 6 15
0 6 30
0 6 15
0 6 3
0 6 31
0 6 30
0 6 26
0 6 15
0 6 15
0 6 15
0 6 15
0 6 26
0 6 30
0 6 30
0 6 26
0 6 26
0 6 15
0 6 15
0 6 26
0 6 26
0 6 26
0 6 15
0 6 30
0 6 26
0 6 15
0 6 26
0 6 26
0 6 26
0 6 26
0 6 26
0 6 26
0 6 15
0 6 15
0 6 26
0 6 30
0 6 30
0 6 30
0 6 26
0 6 26
0 6 26
0 6 15
0 6 25
0 6 26
0 6 3
0 6 26
0 6 30
0 6 31
0 6 30
0 6 26
0 6 3
0 6 28
0 6 26
0 6 30
0 6 26
0 6 30
0 6 2
0 6 15
0 6 30
0 6 30
0 6 2
0 6 26
0 6 26
0 6 15
0 6 26
0 6 29
0 6 15
0 6 26
0 6 15
0 6 15
0 6 30
0 6 11
0 6 15
0 6 15
0 6 26
0 6 26
0 6 15
0 6 30
0 6 26
0 6 15
0 6 31
0 6 0
0 6 3
0 6 26
0 6 30
0 6 26
0 6 15
0 6 15
0 6 26
0 6 15
0 6 30
0 6 30
0 6 15
0 6 26
0 6 30
0 6 30
0 6 26
0 6 26
0 6 15
0 6 26
0 6 15
0 6 26
0 6 26
0 6 30
0 6 31
0 6 15
0 6 30
0 6 15
0 6 30
0 6 30
0 6 26
0 6 3
0 6 15
0 6 26
0 6 26
0 6 15
0 9 3
0 9 3
0 9 13
0 9 25
0 9 4
0 9 3
0 9 22
0 9 3
0 9 3
0 9 3
0 9 26
0 9 3
0 9 25
0 9 3
0 9 25
0 9 3
0 9 3
0 9 3
0 9 3
0 9 3
0 9 3
0 9 3
0 9 25
0 9 14
0 9 25
0 9 3
0 9 3
0 9 3
0 9 3
0 9 3
0 9 3
0 9 3
0 9 25
0 9 15
0 9 3
0 9 3
0 9 25
0 9 0
0 9 13
0 9 3
0 9 3
0 9 25
0 9 4
0 9 3
0 9 3
0 9 25
0 9 3
0 9 4
0 9 3
0 9 25
0 9 3
0 9 3
0 9 3
0 9 15
0 9 3
0 9 3
0 9 3
0 9 3
0 9 26
0 9 3
0 9 3
0 9 4
0 9 3
0 9 3
0 9 3
0 9 25
0 9 25
0 9 3
0 9 4
0 9 25
0 9 25
0 9 3
0 9 25
0 9 3
0 9 3
0 9 3
0 9 3
0 9 25
0 9 14
0 9 14
0 9 3
0 11 4
0 11 3
0 11 3
0 11 15
0 11 0
0 11 25
0 11 2
0 11 26
0 11 4
0 11 26
0 11 15
0 11 4
0 11 3
0 11 15
0 11 4
0 11 22
0 11 13
0 11 22
0 11 14
0 11 4
0 11 4
0 11 0
0 11 4
0 11 0
0 11 3
0 11 13
0 11 15
0 11 25
0 11 4
0 11 24
0 11 4
0 11 25
0 11 4
0 11 4
0 11 4
0 11 3
0 11 15
0 11 26
0 11 26
0 11 3
0 11 26
0 11 21
0 11 26
0 11 26
0 11 30
0 11 3
0 11 25
0 11 3
0 11 3
0 11 4
0 11 25
0 11 4
0 11 14
0 11 3
0 11 31
0 11 4
0 11 26
0 11 3
0 11 3
0 11 4
0 11 4
0 11 21
0 11 2
0 11 26
0 11 26
0 11 3
0 11 0
0 11 4
0 11 4
0 11 15
0 11 26
0 11 26
0 11 15
0 11 26
0 11 3
0 11 25
0 11 2
0 11 26
0 11 2
0 11 4
0 11 23
0 12 25
0 12 25
0 12 25
0 12 22
0 12 22
0 12 25
0 12 2
0 12 22
0 12 3
0 12 30
0 12 25
0 12 21
0 12 25
0 12 2
0 12 22
0 12 22
0 12 25
0 12 3
0 12 2
0 12 22
0 12 25
0 12 3
0 1 15
0 1 26
0 1 26
0 1 24
0 1 26
0 1 3
0 1 31
0 1 25
0 1 29
0 1 24
0 1 26
0 1 26
0 1 29
0 1 23
0 1 22
0 1 3
0 1 26
0 1 15
0 1 26
0 1 30
0 1 26
0 1 15
0 1 29
0 1 26
0 1 26
0 1 4
0 1 26
0 1 29
0 1 15
0 1 15
0 1 26
0 1 15
0 1 24
0 1 3
0 1 26
0 1 26
0 1 15
0 1 23
0 1 26
0 1 26
0 1 30
0 1 2
0 1 26
0 1 29
0 1 3
0 1 29
0 1 26
0 1 2
0 1 15
0 1 26
0 1 26
0 1 29
0 1 26
0 1 26
0 1 26
0 1 15
0 1 26
0 1 15
0 1 3
0 1 29
0 1 22
0 1 26
0 1 30
0 1 15
0 1 26
0 1 15
0 1 15
0 1 29
0 1 26
0 1 26
0 1 29
0 1 3
0 1 26
0 1 26
0 1 2
0 1 29
0 1 26
0 1 2
0 1 15
0 1 15
0 1 29
0 1 26
0 1 26
0 1 26
0 1 26
0 1 15
0 1 15
0 1 15
0 1 26
0 1 30
0 1 15
0 1 29
0 1 30
0 1 26
0 1 3
0 1 26
0 1 26
0 1 3
0 1 26
0 1 24
0 1 29
0 1 3
0 1 26
0 1 29
0 1 3
0 1 23
0 1 26
0 1 26
0 1 4
0 1 13
0 1 26
0 1 29
0 1 23
0 1 26
0 1 29
0 1 15
0 1 14
0 1 3
0 1 29
0 1 11
0 1 29
0 1 26
0 1 30
0 1 15
0 1 29
0 1 15
0 1 24
0 1 30
0 1 26
0 1 23
0 1 15
0 1 29
0 1 2
0 1 3
0 1 26
0 1 24
0 1 21
0 1 30
0 1 25
0 1 29
0 1 3
0 1 30
0 1 23
0 1 26
0 1 29
0 1 29
0 1 26
0 1 23
0 1 30
0 1 29
0 1 29
0 1 26
0 1 15
0 1 3
0 1 3
0 1 3
0 1 29
0 1 26
0 1 15
0 1 26
0 1 29
0 1 3
0 1 30
0 1 2
0 1 3
0 1 15
0 1 26
0 1 2
0 1 29
0 1 2
0 1 31
0 1 26
0 1 15
0 1 26
0 1 15
0 1 26
0 1 30
0 1 26
0 1 29
0 1 26
0 1 26
0 1 26
0 1 2
0 1 15
0 1 26
0 1 3
0 1 3
0 1 26
0 1 29
0 1 23
0 1 15
0 1 30
0 1 31
0 1 29
0 1 26
0 1 26
0 1 26
0 1 25
0 1 26
0 1 26
0 1 30
0 1 3
0 1 26
0 1 25
0 1 2
0 1 15
0 1 15
0 1 25
0 1 26
0 1 26
0 1 0
0 1 23
0 1 26
0 1 15
0 1 3
0 1 24
0 1 2
0 1 29
0 1 30
0 1 31
0 1 23
0 1 15
0 1 26
0 1 15
0 1 26
0 1 26
0 1 29
0 1 3
0 1 26
0 1 26
0 1 26
0 1 29
0 1 22
0 1 29
0 1 25
0 1 26
0 1 26
0 1 26
0 1 2
0 1 23
0 1 14
0 1 26
0 1 6
0 1 24
0 1 3
0 1 26
0 1 21
0 1 26
0 1 26
0 1 2
0 1 3
0 1 26
0 1 3
0 1 2
0 1 30
0 1 29
0 1 26
0 1 29
0 1 26
0 1 31
0 1 4
0 1 15
0 1 26
0 1 2
0 1 30
0 1 15
0 1 26
0 1 15
0 1 29
0 1 26
0 1 26
0 1 13
0 1 30
0 1 0
0 1 15
0 1 26
0 1 26
0 1 26
0 1 3
0 1 26
0 1 26
0 1 29
0 1 15
0 1 2
0 1 3
0 1 26
0 1 15
0 1 2
0 1 29
0 1 26
0 1 26
0 1 30
0 1 26
0 1 29
0 1 14
0 1 24
0 1 31
0 1 15
0 1 29
0 1 15
0 1 29
0 1 26
0 1 26
0 1 3
0 1 29
0 1 15
0 1 29
0 1 26
0 1 4
0 1 26
0 1 4
0 1 25
0 1 13
0 1 31
0 1 22
0 1 23
0 1 15
0 1 26
0 1 2
0 1 3
0 1 26
0 1 15
0 1 26
0 1 0
0 1 3
0 1 30
0 1 12
0 1 3
0 1 30
0 1 15
0 1 15
0 1 15
0 1 26
0 1 29
0 1 26
0 1 30
0 1 29
0 1 31
0 1 24
0 1 29
0 1 29
0 1 26
0 1 3
0 1 29
0 1 30
0 1 15
0 1 31
0 1 29
0 1 15
0 1 29
0 1 2
0 1 24
0 1 15
0 1 26
0 1 26
0 1 29
0 1 26
0 1 29
0 1 31
0 1 26
0 1 29
0 1 26
0 1 14
0 1 15
0 1 30
0 1 25
0 1 30
0 1 26
0 1 15
0 1 15
0 1 22
0 1 26
0 1 26
0 1 29
0 1 26
0 1 29
0 1 29
0 1 25
0 1 26
0 1 26
0 1 15
0 1 15
0 1 30
0 1 30
0 1 31
0 1 25
0 1 29
0 1 26
0 1 3
0 1 3
0 1 24
0 1 25
0 1 26
0 1 26
0 1 2
0 1 24
0 1 26
0 1 15
0 1 4
0 1 29
0 1 15
0 1 26
0 1 3
0 1 24
0 1 26
0 1 15
0 4 25
0 5 11
0 8 14
0 8 4
0 8 4
0 8 4
0 8 4
0 8 4
0 8 4
0 4 25
0 4 25
0 4 14
0 4 3
0 4 3
0 4 3
0 4 0
0 4 3
0 4 3
0 1 25
0 1 25
0 1 26
0 1 26
0 1 15
0 1 3
0 1 1
0 2 21
0 2 21
0 2 10
0 1 25
0 2 10
0 2 11
0 1 25
0 1 25
0 1 25
0 1 26
0 1 3
0 1 2
0 8 11
0 8 11
0 8 11
0 8 23
0 8 12
0 3 25
0 3 25
0 8 22
0 8 23
0 8 12
0 8 24
0 8 24
0 8 25
0 5 11
0 4 25
0 4 26
0 8 22
0 1 24
0 4 24
0 4 15
0 4 4
0 4 4
0 4 4
0 4 4
0 3 26
0 5 21
0 8 23
0 8 23
0 3 25
0 4 14
0 5 26
0 4 26
0 4 26
0 4 26
0 4 26
0 2 14
0 10 24
0 10 24
0 10 25
0 10 15
0 10 2
0 10 4
0 10 4
0 10 3
0 10 3
0 10 4
0 5 26
0 5 1
0 5 0
0 10 13
0 5 25
0 5 15
0 5 25
0 5 22
0 5 11
0 5 23
0 5 3
0 5 4
0 5 4
0 5 3
0 5 8
0 5 8
0 7 12
0 10 30
0 5 24
0 10 22
0 2 23
0 2 23
0 2 23
0 2 24
0 2 25
0 2 25
0 2 14
0 2 3
0 2 0
0 5 24
0 5 23
0 2 23
0 2 25
0 2 26
0 2 15
0 2 15
0 2 15
0 2 3
0 2 4
0 2 7
0 2 3
0 5 22
0 5 14
0 5 22
0 5 25
0 5 25
0 5 25
0 5 25
0 5 25
0 5 26
0 5 4
0 5 4
0 5 0
0 5 4
0 7 23
0 2 24
0 2 24
0 2 13
0 2 25
0 2 14
0 2 14
0 2 24
0 2 24
0 2 24
0 2 23
0 2 23
0 2 24
0 2 24
0 2 13
0 5 26
0 5 26
0 5 15
0 5 15
0 5 4
0 5 4
0 8 4
0 5 4
0 5 4
0 5 4
0 8 23
0 3 25
0 8 11
0 8 23
0 8 23
0 8 24
0 8 24
0 8 13
0 8 4
0 8 4
0 8 2
0 8 3
0 5 3
0 5 3
0 5 3
0 5 4
0 5 4
0 5 3
0 5 3
0 5 3
0 5 4
0 5 4
0 5 21
0 5 25
0 5 26
0 5 3
0 5 3
0 5 4
0 5 4
0 5 3
0 5 3
0 5 4
0 5 4
0 2 23
0 2 25
0 2 25
0 2 26
0 2 15
0 2 3
0 10 3
0 2 4
0 2 3
0 2 3
0 2 4
0 7 23
0 8 25
0 6 25
0 6 25
0 4 26
0 8 26
0 3 25
0 3 25
0 3 25
0 3 3
0 3 4
0 3 3
0 3 3
0 3 25
0 5 14
0 5 25
0 5 25
0 5 25
0 5 26
0 5 26
0 5 15
0 3 25
0 8 30
0 8 23
0 8 23
0 8 24
0 8 24
0 8 25
0 8 30
0 8 30
0 8 4
0 8 4
0 8 30
0 10 23
0 10 14
0 7 24
0 5 12
0 5 24
0 5 26
0 5 15
0 5 15
0 5 3
0 5 3
0 5 4
0 5 2
0 5 3
0 5 3
0 8 4
0 8 4
0 8 12
0 10 25
0 5 25
0 5 3
0 5 3
0 5 3
0 5 3
0 5 4
0 5 3
0 5 3
0 5 3
0 5 3
0 5 4
0 8 23
0 8 25
0 9 21
0 9 25
0 9 14
0 9 14
0 9 14
0 9 30
0 9 31
0 9 4
0 9 0
0 9 14
0 5 30
0 3 15
0 5 22
0 5 12
0 5 24
0 5 26
0 5 2
0 5 3
0 5 4
0 5 4
0 5 2
0 5 2
0 5 3
0 5 4
0 5 25
0 5 25
0 5 14
0 5 15
0 5 15
0 5 15
0 5 2
0 5 3
0 5 2
0 9 2
0 5 30
0 3 25
0 5 25
0 5 25
0 5 14
0 2 25
0 5 21
0 2 12
0 5 23
0 5 13
0 5 13
0 5 25
0 5 25
0 5 26
0 5 31
0 5 3
0 5 3
0 3 25
0 3 25
0 3 25
0 3 25
0 3 25
0 3 26
0 3 4
0 3 4
0 3 3
0 3 3
0 4 26
0 4 3
0 4 3
0 4 3
0 4 3
0 4 3
0 4 3
0 4 3
0 4 3
0 4 3
0 4 3
0 2 14
0 4 14
0 1 11
0 1 23
0 1 24
0 1 24
0 1 25
0 1 25
0 1 3
0 1 4
0 1 3
0 1 3
0 3 25
0 2 26
0 11 25
0 11 26
0 3 25
0 8 12
0 8 24
0 8 25
0 9 25
0 10 14
0 10 26
0 10 15
0 10 3
0 10 3
0 10 3
0 10 3
0 10 3
0 10 3
0 10 3
0 10 3
0 3 25
0 3 25
0 3 25
0 3 25
0 3 25
0 3 25
0 3 4
0 3 4
0 3 4
0 3 4
0 8 22
0 8 25
0 8 4
0 8 4
0 8 4
0 8 4
0 8 4
0 8 4
0 8 4
0 8 4
0 2 13
0 2 25
0 2 25
0 2 14
0 2 15
0 2 3
0 4 3
0 4 4
0 2 3
0 2 3
0 2 4
0 11 30
0 8 30
0 11 29
0 11 25
0 11 26
0 11 26
0 11 26
0 11 26
0 11 2
0 11 3
0 11 3
0 11 2
0 11 2
0 11 7
0 11 25
0 11 26
0 11 26
0 11 2
0 11 2
0 11 2
0 11 3
0 11 3
0 11 2
0 11 2
0 11 7
0 11 3
0 11 3
0 8 24
0 8 1
0 8 3
0 8 4
0 8 4
0 8 4
0 8 3
0 8 3
0 8 3
0 8 8
0 8 4
0 4 25
0 5 26
0 2 23
0 4 23
0 4 25
0 4 25
0 4 25
0 4 4
0 4 4
0 5 4
0 5 3
0 5 3
0 6 3
0 3 25
0 7 3
0 4 3
0 1 26
0 1 15
0 1 15
0 3 4
0 3 4
0 4 4
0 1 4
0 1 4
0 1 4
0 5 25
0 5 25
0 5 25
0 5 25
0 5 25
0 5 25
0 5 25
0 5 14
0 2 23
0 2 13
0 2 13
0 2 25
0 2 14
0 2 14
0 2 2
0 2 3
0 2 1
0 2 1
0 8 13
0 8 24
0 3 25
0 5 26
0 5 26
0 5 26
0 5 4
0 5 4
0 5 4
0 5 4
0 5 4
0 5 4
0 5 21
0 5 0
0 5 2
0 5 3
0 5 4
0 5 4
0 5 4
0 5 2
0 5 2
0 5 3
0 5 3
0 5 3
0 5 4
0 5 25
0 3 26
0 3 26
0 3 26
0 3 4
0 3 4
0 3 4
0 3 4
0 3 4
0 3 4
0 2 24
0 2 25
0 2 25
0 2 25
0 2 25
0 2 25
0 2 14
0 2 14
0 8 3
0 8 0
0 3 25
0 10 13
0 7 23
0 7 25
0 7 25
0 7 25
0 7 25
0 7 25
0 7 3
0 7 3
0 7 3
0 7 3
0 7 3
0 7 3
0 6 24
0 9 14
0 1 24
0 1 24
0 1 25
0 1 15
0 2 15
0 2 15
0 1 3
0 4 4
0 1 3
0 5 3
0 5 26
0 4 26
0 1 26
0 3 25
0 3 25
0 3 25
0 6 24
0 5 25
0 5 14
0 5 26
0 5 15
0 5 15
0 5 3
0 8 4
0 5 1
0 8 4
0 5 22
0 5 25
0 10 14
0 8 12
0 3 25
0 3 25
0 3 25
0 3 25
0 3 25
0 3 26
0 3 4
0 3 4
0 3 25
0 2 25
0 1 26
0 5 23
0 1 25
0 5 14
0 3 25
0 2 25
0 5 21
0 5 14
0 5 14
0 5 14
0 5 26
0 5 3
0 5 4
0 5 4
0 5 3
0 5 4
0 5 4
0 1 10
0 1 25
0 1 25
0 1 25
0 1 26
0 1 3
0 1 4
0 1 4
0 1 3
0 1 3
0 1 4
0 10 25
0 7 23
0 7 12
0 7 12
0 7 12
0 7 25
0 7 26
0 1 24
0 1 24
0 1 25
0 1 25
0 1 25
0 1 3
0 1 4
0 1 4
0 1 0
0 1 2
0 1 3
0 3 25
0 3 25
0 3 25
0 3 25
0 8 12
0 8 23
0 8 23
0 8 4
0 8 4
0 8 4
0 8 4
0 8 3
0 8 4
0 8 4
0 8 4
0 3 25
0 8 25
0 8 24
0 3 25
0 3 25
0 4 21
0 1 25
0 1 25
0 1 25
0 1 26
0 1 26
0 1 26
0 4 26
0 2 25
0 3 25
0 3 25
0 3 25
0 3 26
0 2 23
0 2 13
0 3 26
0 5 26
0 9 26
0 2 24
0 1 21
0 1 10
0 1 25
0 1 25
0 1 25
0 1 3
0 1 4
0 1 2
0 1 3
0 5 1
0 5 0
0 5 23
0 9 26
0 7 24
0 1 13
0 1 25
0 1 25
0 1 14
0 4 12
0 4 24
0 4 25
0 4 26
0 4 15
0 4 15
0 4 4
0 4 4
0 4 3
0 4 3
0 2 21
0 2 11
0 2 23
0 2 23
0 2 12
0 2 12
0 2 12
0 2 2
0 2 1
0 2 21
0 2 23
0 1 4
0 1 2
0 2 22
0 2 11
0 2 23
0 2 23
0 2 23
0 8 13
0 8 22
0 5 23
0 9 22
0 2 25
0 9 25
0 2 15
0 4 3
0 9 3
0 2 2
0 4 3
0 2 24
0 2 24
0 2 13
0 2 13
0 2 13
0 2 13
0 2 2
0 2 3
0 8 0
0 2 2
0 9 21
0 9 21
0 9 10
0 9 10
0 9 22
0 9 23
0 9 23
0 9 2
0 9 0
0 4 3
0 4 0
0 1 26
0 4 26
0 6 26
0 2 21
0 2 21
0 2 10
0 4 3
0 4 3
0 2 25
0 2 13
0 4 4
0 4 4
0 3 25
0 3 25
0 3 3
0 3 4
0 3 3
0 3 3
0 3 25
0 4 3
0 4 3
0 7 13
0 7 13
0 7 14
0 7 3
0 7 3
0 7 3
0 7 3
0 2 21
0 2 10
0 2 15
0 2 10
0 2 22
0 2 12
0 2 12
0 2 12
0 2 23
0 2 24
0 2 13
0 2 14
0 2 14
0 2 14
0 2 14
0 2 14
0 6 26
0 7 24
0 2 23
0 2 23
0 7 23
0 7 23
0 7 23
0 7 23
0 7 23
0 3 14
0 8 22
0 8 22
0 1 12
0 8 21
0 2 22
0 2 12
0 2 12
0 2 24
0 2 25
0 2 3
0 3 4
0 2 2
0 4 12
0 2 23
0 4 3
0 1 14
0 3 4
0 7 13
0 7 3
0 7 3
0 7 3
0 7 3
0 7 4
0 7 4
0 1 3
0 8 23
0 8 12
0 8 12
0 4 4
0 4 22
0 5 14
0 3 25
0 5 23
0 4 10
0 4 22
0 4 22
0 1 22
0 8 10
0 2 3
0 2 22
0 2 24
0 2 25
0 1 4
0 4 22
0 4 25
0 5 11
0 5 23
0 5 15
0 5 15
0 5 15
0 5 15
0 5 1
0 5 2
0 5 3
0 5 4
0 5 4
0 5 4
0 5 3
0 3 25
0 3 25
0 3 25
0 3 25
0 10 23
0 10 24
0 8 23
0 8 12
0 2 22
0 2 12
0 2 24
0 2 13
0 5 24
0 5 23
0 2 13
0 2 25
0 2 14
0 5 21
0 5 12
0 5 24
0 5 25
0 1 21
0 8 10
0 8 11
0 4 21
0 4 10
0 5 10
0 5 10
0 5 11
0 1 24
0 1 24
0 1 24
0 1 25
0 1 25
0 1 25
0 1 25
0 1 0
0 1 3
0 2 21
0 2 10
0 2 22
0 2 11
0 2 11
0 2 11
0 4 22
0 4 24
0 8 11
0 2 22
0 2 22
0 4 24
0 3 25
0 3 4
0 6 10
0 6 12
0 6 24
0 6 24
0 6 24
0 1 24
0 6 22
0 1 11
0 1 14
0 1 4
0 4 25
0 3 4
0 6 11
0 6 24
0 6 24
0 1 13
0 6 23
0 5 22
0 5 25
0 5 25
0 5 14
0 5 23
0 5 12
0 5 24
0 5 24
0 1 25
0 1 25
0 1 25
0 1 25
0 5 10
0 5 24
0 5 25
0 5 22
0 5 23
0 5 25
0 5 25
0 5 25
0 5 22
0 3 0
0 1 23
0 1 24
0 1 24
0 1 24
0 4 14
0 4 13
0 8 21
0 5 10
0 5 22
0 10 23
0 1 23
0 7 22
0 9 25
0 5 14
0 9 22
0 9 23
0 9 13
0 4 2
0 3 3
0 3 3
0 1 4
0 4 0
0 3 3
0 3 3
