# Parameters: nPorts nContainers
12 5819
# Transport type: id length=(20,40) weight type=(DC,RC,HC,HR)
0 20 3 DC
1 20 9 DC
2 20 14 DC
3 20 21 DC
4 20 27 DC
5 20 3 RC
6 20 9 RC
7 20 14 RC
8 20 21 RC
9 20 27 RC
10 40 3 DC
11 40 6 DC
12 40 9 DC
13 40 14 DC
14 40 21 DC
15 40 27 DC
16 40 3 RC
17 40 9 RC
18 40 14 RC
19 40 21 RC
20 40 27 RC
21 40 3 HC
22 40 6 HC
23 40 9 HC
24 40 14 HC
25 40 21 HC
26 40 27 HC
27 40 3 HR
28 40 9 HR
29 40 14 HR
30 40 21 HR
31 40 27 HR
32 40 3 HC
33 40 6 HC
34 40 9 HC
35 40 14 HC
36 40 21 HC
37 40 27 HC
# Container: startPort endPort typeId [bay stack tier slot]
0 1 3 1 2 12 1
0 1 4 1 2 12 2
0 1 15 1 2 13 1
0 1 26 1 2 14 1
0 1 25 1 2 15 1
0 1 25 1 2 16 1
0 1 13 1 2 17 1
0 5 25 1 3 12 1
0 5 25 1 3 13 1
0 5 13 1 3 14 1
0 5 22 1 3 15 1
0 5 10 1 3 16 1
0 5 21 1 3 17 1
0 2 26 1 4 12 1
0 2 26 1 4 13 1
0 2 25 1 4 14 1
0 5 2 1 5 12 1
0 5 3 1 5 12 2
0 5 25 1 5 13 1
0 5 11 1 5 14 1
0 5 22 1 5 15 1
0 2 14 1 12 12 1
0 2 25 1 12 13 1
0 2 25 1 12 14 1
0 2 26 1 13 12 1
0 2 26 1 13 13 1
0 2 25 1 13 14 1
0 2 26 1 15 12 1
0 2 26 1 15 13 1
0 2 14 1 15 14 1
0 2 3 1 18 12 1
0 2 3 1 18 12 2
0 2 3 1 18 13 1
0 2 3 1 18 13 2
0 2 24 1 18 14 1
0 2 23 1 18 15 1
0 2 11 1 18 16 1
0 2 22 1 18 17 1
0 2 3 1 19 12 1
0 2 4 1 19 12 2
0 2 3 1 19 13 1
0 2 3 1 19 13 2
0 2 12 1 19 14 1
0 2 23 1 19 15 1
0 2 10 1 19 16 1
0 2 21 1 19 17 1
0 10 24 1 6 9 1
0 2 3 1 7 8 1
0 2 4 1 7 8 2
0 2 26 1 7 9 1
0 5 12 1 8 8 1
0 9 11 1 10 3 1
0 2 0 1 11 3 1
0 2 3 1 11 3 2
0 2 25 1 11 4 1
0 2 13 1 12 6 1
0 2 13 1 12 7 1
0 2 13 1 12 8 1
0 2 13 1 12 9 1
0 2 24 1 12 10 1
0 2 26 1 13 8 1
0 2 26 1 13 9 1
0 2 26 1 14 8 1
0 7 23 1 14 9 1
0 2 25 1 15 9 1
0 5 14 1 15 10 1
0 3 14 2 2 12 1
0 3 23 2 2 13 1
0 3 23 2 2 14 1
0 3 23 2 2 15 1
0 3 23 2 2 16 1
0 3 11 2 2 17 1
0 5 22 2 2 18 1
0 7 2 2 3 12 1
0 7 3 2 3 12 2
0 7 0 2 3 13 1
0 7 3 2 3 13 2
0 6 24 2 3 14 1
0 6 24 2 3 15 1
0 6 24 2 3 16 1
0 6 22 2 3 17 1
0 6 21 2 3 18 1
0 1 3 2 4 12 1
0 1 4 2 4 12 2
0 1 3 2 4 13 1
0 1 3 2 4 13 2
0 1 25 2 4 14 1
0 1 25 2 4 15 1
0 1 25 2 4 16 1
0 1 25 2 4 17 1
0 1 25 2 4 18 1
0 7 12 2 5 12 1
0 3 22 2 5 13 1
0 3 22 2 5 14 1
0 3 22 2 5 15 1
0 3 10 2 5 16 1
0 3 10 2 5 17 1
0 3 21 2 5 18 1
0 2 26 2 12 12 1
0 2 26 2 13 12 1
0 2 26 2 14 12 1
0 6 25 2 17 12 1
0 2 14 2 17 13 1
0 2 25 2 17 14 1
0 10 11 2 18 12 1
0 2 22 2 18 13 1
0 5 26 2 19 12 1
0 5 26 2 19 13 1
0 5 10 2 19 14 1
0 10 10 2 19 15 1
0 2 25 2 20 12 1
0 2 25 2 20 13 1
0 4 14 2 6 7 1
0 4 13 2 6 8 1
0 4 12 2 6 9 1
0 4 23 2 6 10 1
0 4 23 2 8 5 1
0 4 0 2 9 3 1
0 4 3 2 9 3 2
0 4 0 2 9 4 1
0 4 2 2 9 4 2
0 4 12 2 9 5 1
0 4 12 2 9 6 1
0 4 11 2 9 7 1
0 4 11 2 9 8 1
0 4 22 2 9 9 1
0 4 10 2 9 10 1
0 11 0 2 11 0 1
0 11 0 2 11 0 2
0 11 0 2 11 1 1
0 11 0 2 11 1 2
0 11 0 2 11 2 1
0 11 0 2 11 2 2
0 11 11 2 11 3 1
0 11 22 2 11 4 1
0 11 10 2 11 5 1
0 1 2 2 12 3 1
0 1 4 2 12 3 2
0 1 1 2 12 4 1
0 1 3 2 12 4 2
0 1 0 2 12 5 1
0 1 3 2 12 5 2
0 1 13 2 12 6 1
0 1 13 2 12 7 1
0 1 12 2 12 8 1
0 1 12 2 12 9 1
0 1 11 2 12 10 1
0 2 3 2 13 5 1
0 2 3 2 13 5 2
0 2 26 2 13 6 1
0 2 26 2 14 5 1
0 2 25 2 14 6 1
0 2 15 2 15 7 1
0 2 26 2 15 8 1
0 1 25 3 0 12 1
0 1 25 3 0 13 1
0 1 25 3 0 14 1
0 1 25 3 0 15 1
0 1 2 3 1 12 1
0 1 3 3 1 12 2
0 1 25 3 1 13 1
0 1 23 3 1 14 1
0 1 23 3 1 15 1
0 1 23 3 1 16 1
0 1 23 3 1 17 1
0 1 22 3 1 18 1
0 1 26 3 2 12 1
0 9 25 3 3 12 1
0 2 26 3 4 12 1
0 2 25 3 6 12 1
0 2 26 3 8 12 1
0 2 25 3 9 12 1
0 2 26 3 10 12 1
0 1 4 3 11 12 1
0 1 4 3 11 12 2
0 1 3 3 11 13 1
0 1 3 3 11 13 2
0 1 3 3 11 14 1
0 1 3 3 11 14 2
0 1 3 3 11 15 1
0 1 3 3 11 15 2
0 1 26 3 11 16 1
0 1 22 3 11 17 1
0 1 21 3 11 18 1
0 1 3 3 12 12 1
0 1 4 3 12 12 2
0 1 1 3 12 13 1
0 1 3 3 12 13 2
0 1 26 3 12 14 1
0 1 26 3 12 15 1
0 1 14 3 12 16 1
0 1 25 3 12 17 1
0 1 24 3 12 18 1
0 1 26 3 13 12 1
0 1 25 3 13 13 1
0 1 25 3 13 14 1
0 1 25 3 13 15 1
0 1 22 3 13 16 1
0 1 11 3 13 17 1
0 3 0 3 14 12 1
0 3 4 3 14 12 2
0 3 24 3 14 13 1
0 3 24 3 14 14 1
0 3 23 3 14 15 1
0 3 23 3 14 16 1
0 3 11 3 14 17 1
0 3 22 3 14 18 1
0 3 0 3 15 12 1
0 3 4 3 15 12 2
0 3 14 3 15 13 1
0 3 25 3 15 14 1
0 3 24 3 15 15 1
0 3 23 3 15 16 1
0 3 23 3 15 17 1
0 2 26 3 16 12 1
0 2 25 3 16 13 1
0 2 26 3 18 12 1
0 2 25 3 18 13 1
0 2 25 3 18 14 1
0 2 13 3 18 15 1
0 2 26 3 19 12 1
0 2 26 3 19 13 1
0 2 26 3 21 12 1
0 2 25 3 21 13 1
0 2 4 3 2 9 1
0 2 4 3 2 9 2
0 2 25 3 2 10 1
0 4 3 3 3 9 1
0 4 4 3 3 9 2
0 4 3 3 3 10 1
0 4 3 3 3 10 2
0 1 14 3 4 8 1
0 1 13 3 4 9 1
0 1 24 3 4 10 1
0 2 26 3 5 6 1
0 2 26 3 5 7 1
0 2 26 3 5 8 1
0 4 4 3 7 4 1
0 4 4 3 7 4 2
0 4 4 3 7 5 1
0 4 4 3 7 5 2
0 4 4 3 7 6 1
0 4 4 3 7 6 2
0 4 4 3 7 7 1
0 4 4 3 7 7 2
0 4 4 3 7 8 1
0 4 4 3 7 8 2
0 4 2 3 7 9 1
0 4 3 3 7 9 2
0 4 1 3 7 10 1
0 4 1 3 7 10 2
0 11 23 3 8 3 1
0 11 23 3 8 4 1
0 11 23 3 8 5 1
0 11 23 3 8 6 1
0 11 23 3 8 7 1
0 11 22 3 8 8 1
0 11 10 3 8 9 1
0 11 23 3 9 2 1
0 11 23 3 9 3 1
0 11 23 3 9 4 1
0 11 23 3 9 5 1
0 11 23 3 9 6 1
0 11 11 3 9 7 1
0 11 11 3 9 8 1
0 11 11 3 9 9 1
0 1 25 3 10 0 1
0 1 25 3 10 1 1
0 1 25 3 10 2 1
0 1 25 3 10 3 1
0 1 25 3 10 4 1
0 1 25 3 10 5 1
0 1 24 3 10 6 1
0 1 24 3 10 7 1
0 1 24 3 10 8 1
0 1 11 3 10 9 1
0 3 3 3 11 0 1
0 3 4 3 11 0 2
0 3 3 3 11 1 1
0 3 4 3 11 1 2
0 3 3 3 11 2 1
0 3 3 3 11 2 2
0 3 3 3 11 3 1
0 3 3 3 11 3 2
0 3 15 3 11 4 1
0 3 26 3 11 5 1
0 3 14 3 11 6 1
0 3 25 3 11 7 1
0 3 25 3 11 8 1
0 3 25 3 11 9 1
0 3 3 3 12 2 1
0 3 3 3 12 2 2
0 3 3 3 12 3 1
0 3 3 3 12 3 2
0 3 3 3 12 4 1
0 3 3 3 12 4 2
0 3 3 3 12 5 1
0 3 3 3 12 5 2
0 3 3 3 12 6 1
0 3 3 3 12 6 2
0 3 3 3 12 7 1
0 3 3 3 12 7 2
0 3 3 3 12 8 1
0 3 3 3 12 8 2
0 3 23 3 12 9 1
0 3 10 3 12 10 1
0 3 15 3 13 3 1
0 3 26 3 13 4 1
0 3 14 3 13 5 1
0 3 25 3 13 6 1
0 3 25 3 13 7 1
0 3 24 3 13 8 1
0 3 24 3 13 9 1
0 4 4 3 14 4 1
0 4 4 3 14 4 2
0 4 24 3 14 5 1
0 4 24 3 14 6 1
0 4 24 3 14 7 1
0 4 23 3 14 8 1
0 4 23 3 14 9 1
0 6 3 3 15 4 1
0 6 4 3 15 4 2
0 6 3 3 15 5 1
0 6 4 3 15 5 2
0 6 25 3 15 6 1
0 6 13 3 15 7 1
0 6 24 3 15 8 1
0 6 24 3 15 9 1
0 4 3 3 17 8 1
0 4 4 3 17 8 2
0 4 3 3 17 9 1
0 4 3 3 17 9 2
0 4 2 3 17 10 1
0 4 3 3 17 10 2
0 11 25 3 19 9 1
0 11 12 3 19 10 1
0 2 26 4 0 12 1
0 2 26 4 0 13 1
0 2 26 4 0 14 1
0 2 26 4 0 15 1
0 2 26 4 0 16 1
0 2 14 4 1 12 1
0 2 25 4 1 13 1
0 2 25 4 1 14 1
0 2 25 4 1 15 1
0 2 26 4 2 12 1
0 2 26 4 2 13 1
0 2 26 4 2 14 1
0 2 26 4 2 15 1
0 2 26 4 2 16 1
0 2 25 4 2 17 1
0 2 10 4 2 18 1
0 1 25 4 3 12 1
0 1 25 4 3 13 1
0 1 25 4 3 14 1
0 1 25 4 3 15 1
0 1 24 4 3 16 1
0 1 23 4 3 17 1
0 1 22 4 3 18 1
0 2 15 4 5 12 1
0 2 15 4 5 13 1
0 2 15 4 5 14 1
0 2 26 4 5 15 1
0 1 24 4 5 16 1
0 5 13 4 7 12 1
0 5 25 4 8 12 1
0 2 26 4 9 12 1
0 9 26 4 11 12 1
0 1 3 4 12 12 1
0 1 4 4 12 12 2
0 1 0 4 12 13 1
0 1 4 4 12 13 2
0 1 26 4 12 14 1
0 1 26 4 12 15 1
0 1 26 4 12 16 1
0 1 24 4 12 17 1
0 5 25 4 13 12 1
0 1 25 4 13 13 1
0 1 25 4 13 14 1
0 1 25 4 13 15 1
0 1 25 4 13 16 1
0 1 25 4 13 17 1
0 1 23 4 13 18 1
0 2 26 4 14 12 1
0 1 24 4 15 12 1
0 5 3 4 3 9 1
0 5 3 4 3 9 2
0 5 3 4 3 10 1
0 5 3 4 3 10 2
0 5 3 4 4 8 1
0 5 3 4 4 8 2
0 3 3 4 5 6 1
0 3 3 4 5 6 2
0 3 3 4 5 7 1
0 3 3 4 5 7 2
0 3 3 4 5 8 1
0 3 3 4 5 8 2
0 3 3 4 5 9 1
0 3 3 4 5 9 2
0 3 0 4 5 10 1
0 3 3 4 5 10 2
0 1 3 4 6 4 1
0 1 4 4 6 4 2
0 1 2 4 6 5 1
0 1 4 4 6 5 2
0 1 2 4 6 6 1
0 1 4 4 6 6 2
0 1 0 4 6 7 1
0 1 4 4 6 7 2
0 1 25 4 6 8 1
0 1 12 4 6 9 1
0 1 12 4 6 10 1
0 1 3 4 8 3 1
0 1 4 4 8 3 2
0 1 3 4 8 4 1
0 1 4 4 8 4 2
0 1 3 4 8 5 1
0 1 3 4 8 5 2
0 1 3 4 8 6 1
0 1 3 4 8 6 2
0 1 15 4 8 7 1
0 1 26 4 8 8 1
0 1 25 4 8 9 1
0 10 24 4 9 2 1
0 6 24 4 9 3 1
0 6 24 4 9 4 1
0 6 23 4 9 5 1
0 6 23 4 9 6 1
0 6 11 4 9 7 1
0 6 22 4 9 8 1
0 6 21 4 9 9 1
0 2 26 4 10 0 1
0 2 26 4 10 1 1
0 2 26 4 10 2 1
0 2 26 4 10 3 1
0 2 26 4 10 4 1
0 2 26 4 10 5 1
0 2 25 4 10 6 1
0 2 25 4 10 7 1
0 2 24 4 10 8 1
0 3 3 4 11 0 1
0 3 4 4 11 0 2
0 3 3 4 11 1 1
0 3 4 4 11 1 2
0 3 3 4 11 2 1
0 3 3 4 11 2 2
0 3 3 4 11 3 1
0 3 3 4 11 3 2
0 3 0 4 11 4 1
0 3 3 4 11 4 2
0 3 25 4 11 5 1
0 3 25 4 11 6 1
0 3 24 4 11 7 1
0 3 23 4 11 8 1
0 3 23 4 11 9 1
0 6 12 4 12 2 1
0 3 23 4 12 3 1
0 3 23 4 12 4 1
0 3 23 4 12 5 1
0 3 23 4 12 6 1
0 3 23 4 12 7 1
0 3 11 4 12 8 1
0 3 22 4 12 9 1
0 1 3 4 14 4 1
0 1 4 4 14 4 2
0 1 3 4 14 5 1
0 1 4 4 14 5 2
0 1 3 4 14 6 1
0 1 3 4 14 6 2
0 1 1 4 14 7 1
0 1 3 4 14 7 2
0 1 14 4 14 8 1
0 1 13 4 14 9 1
0 1 23 4 14 10 1
0 6 4 4 15 4 1
0 6 4 4 15 4 2
0 6 3 4 15 5 1
0 6 4 4 15 5 2
0 6 3 4 15 6 1
0 6 4 4 15 6 2
0 6 0 4 15 7 1
0 6 4 4 15 7 2
0 6 0 4 15 8 1
0 6 4 4 15 8 2
0 6 23 4 15 9 1
0 6 11 4 15 10 1
0 5 3 4 19 9 1
0 5 4 4 19 9 2
0 5 3 4 19 10 1
0 5 3 4 19 10 2
0 2 26 5 11 12 1
0 2 26 5 11 13 1
0 2 26 5 11 14 1
0 2 26 5 11 15 1
0 2 25 5 11 16 1
0 2 25 5 11 17 1
0 2 25 5 11 18 1
0 2 3 5 12 12 1
0 2 4 5 12 12 2
0 2 26 5 12 13 1
0 2 14 5 12 14 1
0 2 25 5 12 15 1
0 2 26 5 14 12 1
0 2 30 5 14 13 1
0 2 14 5 14 14 1
0 2 25 5 14 15 1
0 2 4 5 15 12 1
0 2 4 5 15 12 2
0 2 3 5 15 13 1
0 2 4 5 15 13 2
0 2 3 5 15 14 1
0 2 4 5 15 14 2
0 2 3 5 15 15 1
0 2 0 5 15 15 2
0 2 25 5 15 16 1
0 2 25 5 15 17 1
0 2 25 5 16 12 1
0 2 25 5 18 12 1
0 6 3 5 2 7 1
0 6 3 5 2 7 2
0 6 14 5 2 8 1
0 6 14 5 2 9 1
0 6 25 5 2 10 1
0 1 8 5 3 6 1
0 1 4 5 3 6 2
0 1 8 5 3 7 1
0 1 4 5 3 7 2
0 1 7 5 3 8 1
0 1 4 5 3 8 2
0 1 2 5 3 9 1
0 1 3 5 3 9 2
0 1 23 5 3 10 1
0 1 15 5 4 5 1
0 1 26 5 4 6 1
0 1 30 5 4 7 1
0 1 30 5 4 8 1
0 1 25 5 4 9 1
0 11 0 5 5 4 1
0 11 4 5 5 4 2
0 11 24 5 5 5 1
0 11 24 5 5 6 1
0 11 12 5 5 7 1
0 11 23 5 5 8 1
0 11 21 5 5 9 1
0 6 1 5 6 2 1
0 6 3 5 6 2 2
0 6 0 5 6 3 1
0 6 2 5 6 3 2
0 6 24 5 6 4 1
0 6 23 5 6 5 1
0 6 23 5 6 6 1
0 6 23 5 6 7 1
0 4 0 5 8 1 1
0 4 2 5 8 1 2
0 4 12 5 8 2 1
0 4 12 5 8 3 1
0 4 23 5 8 4 1
0 4 11 5 8 5 1
0 4 11 5 8 6 1
0 4 22 5 8 7 1
0 4 22 5 8 8 1
0 4 21 5 8 9 1
0 1 3 5 9 1 1
0 1 4 5 9 1 2
0 1 26 5 9 2 1
0 1 30 5 9 3 1
0 1 30 5 9 4 1
0 1 30 5 9 5 1
0 1 29 5 9 6 1
0 1 13 5 9 7 1
0 1 13 5 9 8 1
0 1 13 5 9 9 1
0 5 0 5 11 1 1
0 5 2 5 11 1 2
0 11 24 5 11 2 1
0 11 24 5 11 3 1
0 11 12 5 11 4 1
0 11 23 5 11 5 1
0 11 23 5 11 6 1
0 11 11 5 11 7 1
0 11 11 5 11 8 1
0 11 10 5 11 9 1
0 5 3 5 12 1 1
0 5 3 5 12 1 2
0 5 2 5 12 2 1
0 5 3 5 12 2 2
0 5 25 5 12 3 1
0 5 25 5 12 4 1
0 5 23 5 12 5 1
0 5 22 5 12 6 1
0 10 31 5 13 1 1
0 10 31 5 13 2 1
0 10 31 5 13 3 1
0 10 31 5 13 4 1
0 10 31 5 13 5 1
0 10 31 5 13 6 1
0 10 31 5 13 7 1
0 10 31 5 13 8 1
0 10 26 5 13 9 1
0 6 3 5 14 1 1
0 6 4 5 14 1 2
0 6 3 5 14 2 1
0 6 4 5 14 2 2
0 6 3 5 14 3 1
0 6 4 5 14 3 2
0 6 2 5 14 4 1
0 6 4 5 14 4 2
0 6 30 5 14 5 1
0 6 30 5 14 6 1
0 6 14 5 14 7 1
0 6 24 5 14 8 1
0 6 24 5 14 9 1
0 5 3 5 16 4 1
0 5 4 5 16 4 2
0 5 30 5 16 5 1
0 5 25 5 16 6 1
0 5 25 5 16 7 1
0 5 25 5 16 8 1
0 5 21 5 16 9 1
0 1 3 5 17 5 1
0 1 3 5 17 5 2
0 1 3 5 17 6 1
0 1 3 5 17 6 2
0 1 30 5 17 7 1
0 1 25 5 17 8 1
0 1 22 5 17 9 1
0 2 31 5 18 6 1
0 2 15 5 18 7 1
0 2 15 5 18 8 1
0 2 15 5 18 9 1
0 2 15 5 18 10 1
0 1 3 5 19 7 1
0 1 4 5 19 7 2
0 1 2 5 19 8 1
0 1 3 5 19 8 2
0 1 11 5 19 9 1
0 1 22 5 19 10 1
0 2 3 5 20 8 1
0 2 8 5 20 8 2
0 2 14 5 20 9 1
0 2 25 5 20 10 1
0 7 25 6 6 12 1
0 2 25 6 6 13 1
0 1 26 6 7 12 1
0 1 3 6 8 12 1
0 1 4 6 8 12 2
0 1 0 6 8 13 1
0 1 3 6 8 13 2
0 1 23 6 8 14 1
0 1 23 6 8 15 1
0 1 23 6 8 16 1
0 1 23 6 8 17 1
0 1 23 6 8 18 1
0 1 23 6 8 19 1
0 1 14 6 9 12 1
0 2 25 6 9 13 1
0 2 25 6 9 14 1
0 2 26 6 10 12 1
0 5 26 6 2 7 1
0 5 26 6 2 8 1
0 5 26 6 2 9 1
0 5 2 6 4 5 1
0 5 4 6 4 5 2
0 5 26 6 4 6 1
0 5 25 6 4 7 1
0 5 22 6 4 8 1
0 5 22 6 4 9 1
0 5 3 6 5 4 1
0 5 3 6 5 4 2
0 5 26 6 5 5 1
0 5 26 6 5 6 1
0 5 25 6 5 7 1
0 5 22 6 5 8 1
0 9 12 6 6 2 1
0 11 11 6 6 3 1
0 2 1 6 7 1 1
0 2 4 6 7 1 2
0 2 26 6 7 2 1
0 2 26 6 7 3 1
0 2 26 6 7 4 1
0 2 26 6 7 5 1
0 2 26 6 7 6 1
0 2 25 6 7 7 1
0 2 25 6 7 8 1
0 2 25 6 7 9 1
0 9 25 6 8 1 1
0 11 14 6 8 2 1
0 11 14 6 8 3 1
0 11 13 6 8 4 1
0 11 13 6 8 5 1
0 11 13 6 8 6 1
0 11 12 6 8 7 1
0 11 12 6 8 8 1
0 11 12 6 8 9 1
0 11 11 6 8 10 1
0 11 13 6 9 1 1
0 11 12 6 9 2 1
0 11 12 6 9 3 1
0 11 12 6 9 4 1
0 11 23 6 9 5 1
0 11 11 6 9 6 1
0 11 11 6 9 7 1
0 11 11 6 9 8 1
0 11 11 6 9 9 1
0 11 11 6 9 10 1
0 1 3 6 10 1 1
0 1 4 6 10 1 2
0 1 3 6 10 2 1
0 1 3 6 10 2 2
0 1 26 6 10 3 1
0 1 26 6 10 4 1
0 1 26 6 10 5 1
0 1 14 6 10 6 1
0 1 25 6 10 7 1
0 1 13 6 10 8 1
0 1 24 6 10 9 1
0 1 24 6 12 1 1
0 1 22 6 12 2 1
0 1 22 6 12 3 1
0 1 10 6 12 4 1
0 1 10 6 12 5 1
0 1 21 6 12 6 1
0 1 21 6 12 7 1
0 1 21 6 12 8 1
0 1 21 6 12 9 1
0 6 13 6 14 1 1
0 11 24 6 14 2 1
0 11 24 6 14 3 1
0 11 12 6 14 4 1
0 11 23 6 14 5 1
0 11 23 6 14 6 1
0 11 23 6 14 7 1
0 11 22 6 14 8 1
0 11 21 6 14 9 1
0 1 3 6 15 2 1
0 1 4 6 15 2 2
0 1 3 6 15 3 1
0 1 4 6 15 3 2
0 1 3 6 15 4 1
0 1 4 6 15 4 2
0 1 3 6 15 5 1
0 1 4 6 15 5 2
0 1 3 6 15 6 1
0 1 3 6 15 6 2
0 1 15 6 15 7 1
0 1 14 6 15 8 1
0 1 25 6 15 9 1
0 1 12 6 15 10 1
0 10 25 6 16 4 1
0 6 25 6 17 5 1
0 3 13 6 17 6 1
0 3 12 6 17 7 1
0 3 12 6 17 8 1
0 3 12 6 17 9 1
0 3 10 6 17 10 1
0 6 24 6 19 7 1
0 4 24 6 19 8 1
0 2 4 6 20 8 1
0 2 4 6 20 8 2
0 2 4 6 20 9 1
0 2 4 6 20 9 2
0 2 26 6 20 10 1
0 2 4 7 0 12 1
0 2 4 7 0 12 2
0 2 26 7 0 13 1
0 2 26 7 0 14 1
0 2 26 7 0 15 1
0 2 26 7 0 16 1
0 2 25 7 0 17 1
0 2 25 7 0 18 1
0 2 3 7 1 12 1
0 2 4 7 1 12 2
0 2 3 7 1 13 1
0 2 3 7 1 13 2
0 2 26 7 1 14 1
0 2 26 7 1 15 1
0 2 26 7 1 16 1
0 2 26 7 1 17 1
0 2 25 7 1 18 1
0 2 4 7 2 12 1
0 2 4 7 2 12 2
0 2 26 7 2 13 1
0 2 26 7 2 14 1
0 2 26 7 2 15 1
0 2 26 7 2 16 1
0 2 25 7 2 17 1
0 2 25 7 2 18 1
0 2 26 7 3 12 1
0 2 26 7 3 13 1
0 2 26 7 3 14 1
0 2 26 7 3 15 1
0 2 23 7 3 16 1
0 2 31 7 4 12 1
0 2 30 7 4 13 1
0 2 14 7 4 14 1
0 2 14 7 4 15 1
0 2 14 7 4 16 1
0 2 25 7 4 17 1
0 2 25 7 4 18 1
0 2 3 7 5 12 1
0 2 3 7 5 12 2
0 2 26 7 5 13 1
0 2 26 7 5 14 1
0 2 26 7 5 15 1
0 2 25 7 5 16 1
0 2 25 7 5 17 1
0 2 25 7 5 18 1
0 8 25 7 6 12 1
0 1 28 7 7 12 1
0 1 14 7 8 12 1
0 1 0 7 9 12 1
0 1 3 7 9 12 2
0 1 0 7 9 13 1
0 1 2 7 9 13 2
0 1 23 7 9 14 1
0 1 23 7 9 15 1
0 1 23 7 9 16 1
0 1 23 7 9 17 1
0 1 11 7 9 18 1
0 1 21 7 9 19 1
0 10 25 7 10 12 1
0 7 30 7 10 13 1
0 2 4 7 16 12 1
0 2 4 7 16 12 2
0 2 31 7 16 13 1
0 2 31 7 16 14 1
0 2 26 7 16 15 1
0 2 26 7 16 16 1
0 2 25 7 16 17 1
0 2 31 7 17 12 1
0 2 26 7 17 13 1
0 2 26 7 17 14 1
0 2 26 7 17 15 1
0 2 14 7 17 16 1
0 2 14 7 17 17 1
0 2 25 7 17 18 1
0 2 3 7 18 12 1
0 2 4 7 18 12 2
0 2 26 7 18 13 1
0 2 26 7 18 14 1
0 2 26 7 18 15 1
0 2 26 7 18 16 1
0 2 25 7 18 17 1
0 2 22 7 18 18 1
0 2 4 7 19 12 1
0 2 4 7 19 12 2
0 2 26 7 19 13 1
0 2 26 7 19 14 1
0 2 25 7 19 15 1
0 2 25 7 19 16 1
0 2 25 7 19 17 1
0 2 25 7 19 18 1
0 2 22 7 19 19 1
0 2 4 7 20 12 1
0 2 4 7 20 12 2
0 2 26 7 20 13 1
0 2 26 7 20 14 1
0 2 14 7 20 15 1
0 2 14 7 20 16 1
0 2 25 7 20 17 1
0 2 25 7 20 18 1
0 2 3 7 21 12 1
0 2 4 7 21 12 2
0 2 26 7 21 13 1
0 2 26 7 21 14 1
0 2 25 7 21 15 1
0 2 4 7 2 5 1
0 2 4 7 2 5 2
0 2 26 7 2 6 1
0 2 26 7 2 7 1
0 2 25 7 2 8 1
0 2 25 7 2 9 1
0 3 0 7 3 3 1
0 3 0 7 3 3 2
0 3 11 7 3 4 1
0 3 11 7 3 5 1
0 3 11 7 3 6 1
0 3 22 7 3 7 1
0 3 10 7 3 8 1
0 3 21 7 3 9 1
0 3 3 7 4 2 1
0 3 4 7 4 2 2
0 3 3 7 4 3 1
0 3 4 7 4 3 2
0 3 3 7 4 4 1
0 3 4 7 4 4 2
0 3 3 7 4 5 1
0 3 3 7 4 5 2
0 3 3 7 4 6 1
0 3 3 7 4 6 2
0 3 3 7 4 7 1
0 3 3 7 4 7 2
0 3 3 7 4 8 1
0 3 3 7 4 8 2
0 3 2 7 4 9 1
0 3 3 7 4 9 2
0 3 22 7 4 10 1
0 8 4 7 5 1 1
0 8 4 7 5 1 2
0 8 0 7 5 2 1
0 8 4 7 5 2 2
0 8 29 7 5 3 1
0 8 24 7 5 4 1
0 8 24 7 5 5 1
0 8 23 7 5 6 1
0 8 22 7 5 7 1
0 8 22 7 5 8 1
0 8 10 7 5 9 1
0 4 6 7 6 0 1
0 4 3 7 6 0 2
0 4 0 7 6 1 1
0 4 3 7 6 1 2
0 4 0 7 6 2 1
0 4 1 7 6 2 2
0 4 11 7 6 3 1
0 4 22 7 6 4 1
0 4 22 7 6 5 1
0 4 22 7 6 6 1
0 4 22 7 6 7 1
0 4 21 7 6 8 1
0 4 21 7 6 9 1
0 9 25 7 7 0 1
0 4 12 7 7 1 1
0 4 23 7 7 2 1
0 4 23 7 7 3 1
0 4 23 7 7 4 1
0 4 23 7 7 5 1
0 4 11 7 7 6 1
0 4 22 7 7 7 1
0 4 21 7 7 8 1
0 4 21 7 7 9 1
0 1 3 7 8 0 1
0 1 3 7 8 0 2
0 1 2 7 8 1 1
0 1 3 7 8 1 2
0 1 25 7 8 2 1
0 1 12 7 8 3 1
0 1 12 7 8 4 1
0 1 12 7 8 5 1
0 1 23 7 8 6 1
0 1 23 7 8 7 1
0 1 22 7 8 8 1
0 1 22 7 8 9 1
0 5 27 7 9 0 1
0 4 3 7 10 0 1
0 1 4 7 10 0 2
0 4 3 7 10 1 1
0 1 3 7 10 1 2
0 1 2 7 10 2 1
0 1 3 7 10 2 2
0 1 31 7 10 3 1
0 1 31 7 10 4 1
0 1 15 7 10 5 1
0 1 26 7 10 6 1
0 1 26 7 10 7 1
0 1 26 7 10 8 1
0 1 25 7 10 9 1
0 1 3 7 11 0 1
0 1 4 7 11 0 2
0 1 3 7 11 1 1
0 1 3 7 11 1 2
0 1 15 7 11 2 1
0 1 25 7 11 3 1
0 1 24 7 11 4 1
0 1 23 7 11 5 1
0 1 23 7 11 6 1
0 1 23 7 11 7 1
0 1 23 7 11 8 1
0 1 23 7 11 9 1
0 1 3 7 13 0 1
0 1 4 7 13 0 2
0 1 2 7 13 1 1
0 1 4 7 13 1 2
0 1 0 7 13 2 1
0 1 4 7 13 2 2
0 1 0 7 13 3 1
0 1 3 7 13 3 2
0 1 22 7 13 4 1
0 1 22 7 13 5 1
0 1 22 7 13 6 1
0 1 22 7 13 7 1
0 1 22 7 13 8 1
0 1 10 7 13 9 1
0 10 29 7 14 0 1
0 11 12 7 14 1 1
0 11 12 7 14 2 1
0 11 12 7 14 3 1
0 11 12 7 14 4 1
0 11 12 7 14 5 1
0 11 11 7 14 6 1
0 11 11 7 14 7 1
0 11 11 7 14 8 1
0 11 11 7 14 9 1
0 11 11 7 14 10 1
0 8 3 7 15 0 1
0 8 4 7 15 0 2
0 8 3 7 15 1 1
0 8 3 7 15 1 2
0 8 24 7 15 2 1
0 8 24 7 15 3 1
0 8 24 7 15 4 1
0 8 24 7 15 5 1
0 8 24 7 15 6 1
0 8 23 7 15 7 1
0 8 22 7 15 8 1
0 8 21 7 15 9 1
0 11 24 7 16 1 1
0 11 24 7 16 2 1
0 11 23 7 16 3 1
0 11 23 7 16 4 1
0 11 23 7 16 5 1
0 11 23 7 16 6 1
0 11 23 7 16 7 1
0 11 23 7 16 8 1
0 11 23 7 16 9 1
0 2 3 7 17 2 1
0 2 3 7 17 2 2
0 2 31 7 17 3 1
0 2 30 7 17 4 1
0 2 30 7 17 5 1
0 2 30 7 17 6 1
0 2 28 7 17 7 1
0 2 22 7 17 8 1
0 2 8 7 18 3 1
0 2 3 7 18 3 2
0 2 2 7 18 4 1
0 2 3 7 18 4 2
0 2 24 7 18 5 1
0 2 24 7 18 6 1
0 2 24 7 18 7 1
0 2 23 7 18 8 1
0 2 21 7 18 9 1
0 9 22 7 19 5 1
0 9 22 7 19 6 1
0 10 25 7 20 6 1
0 2 30 7 20 7 1
0 2 25 7 20 8 1
0 2 25 7 20 9 1
0 2 26 8 0 12 1
0 2 25 8 1 12 1
0 2 26 8 2 12 1
0 2 4 8 3 12 1
0 2 4 8 3 12 2
0 11 0 8 3 13 1
0 2 4 8 3 13 2
0 2 26 8 3 14 1
0 2 26 8 3 15 1
0 2 14 8 3 16 1
0 2 25 8 3 17 1
0 2 25 8 3 18 1
0 2 22 8 3 19 1
0 2 25 8 4 12 1
0 2 14 8 5 12 1
0 2 24 8 16 12 1
0 2 14 8 17 12 1
0 2 26 8 18 12 1
0 2 25 8 19 12 1
0 2 25 8 19 13 1
0 1 25 8 1 6 1
0 8 14 8 1 7 1
0 8 25 8 1 8 1
0 8 25 8 1 9 1
0 1 3 8 2 5 1
0 1 4 8 2 5 2
0 1 24 8 2 6 1
0 1 24 8 2 7 1
0 1 24 8 2 8 1
0 1 12 8 2 9 1
0 9 0 8 3 3 1
0 9 3 8 3 3 2
0 11 13 8 3 4 1
0 11 13 8 3 5 1
0 11 13 8 3 6 1
0 11 13 8 3 7 1
0 11 12 8 3 8 1
0 11 11 8 3 9 1
0 11 22 8 3 10 1
0 1 0 8 4 2 1
0 1 3 8 4 2 2
0 1 0 8 4 3 1
0 1 3 8 4 3 2
0 1 0 8 4 4 1
0 1 2 8 4 4 2
0 1 22 8 4 5 1
0 1 22 8 4 6 1
0 1 22 8 4 7 1
0 1 22 8 4 8 1
0 1 21 8 4 9 1
0 10 11 8 6 0 1
0 10 11 8 6 1 1
0 1 3 8 8 0 1
0 1 4 8 8 0 2
0 1 2 8 8 1 1
0 1 4 8 8 1 2
0 1 1 8 8 2 1
0 1 3 8 8 2 2
0 1 26 8 8 3 1
0 1 24 8 8 4 1
0 1 12 8 8 5 1
0 1 23 8 8 6 1
0 1 23 8 8 7 1
0 1 23 8 8 8 1
0 1 23 8 8 9 1
0 10 24 8 9 0 1
0 10 10 8 9 1 1
0 10 21 8 9 2 1
0 10 15 8 10 0 1
0 10 14 8 10 1 1
0 10 14 8 10 2 1
0 10 14 8 10 3 1
0 10 25 8 10 4 1
0 10 25 8 10 5 1
0 10 25 8 10 6 1
0 10 24 8 10 7 1
0 10 24 8 10 8 1
0 10 24 8 10 9 1
0 2 3 8 12 0 1
0 2 3 8 12 0 2
0 2 3 8 12 1 1
0 2 3 8 12 1 2
0 2 26 8 12 2 1
0 2 26 8 12 3 1
0 2 26 8 12 4 1
0 2 25 8 12 5 1
0 2 25 8 12 6 1
0 2 24 8 12 7 1
0 2 11 8 12 8 1
0 1 3 8 14 0 1
0 1 3 8 14 0 2
0 1 15 8 14 1 1
0 1 15 8 14 2 1
0 1 26 8 14 3 1
0 1 26 8 14 4 1
0 1 26 8 14 5 1
0 1 26 8 14 6 1
0 1 26 8 14 7 1
0 1 26 8 14 8 1
0 1 26 8 14 9 1
0 2 3 8 15 0 1
0 2 3 8 15 0 2
0 2 26 8 15 1 1
0 2 26 8 15 2 1
0 2 26 8 15 3 1
0 2 26 8 15 4 1
0 2 26 8 15 5 1
0 2 26 8 15 6 1
0 2 26 8 15 7 1
0 2 14 8 15 8 1
0 2 25 8 15 9 1
0 11 24 8 16 1 1
0 11 24 8 16 2 1
0 11 24 8 16 3 1
0 11 12 8 16 4 1
0 11 12 8 16 5 1
0 11 12 8 16 6 1
0 11 11 8 16 7 1
0 11 22 8 16 8 1
0 11 22 8 16 9 1
0 1 3 8 17 2 1
0 1 3 8 17 2 2
0 1 15 8 17 3 1
0 1 15 8 17 4 1
0 1 15 8 17 5 1
0 1 15 8 17 6 1
0 1 26 8 17 7 1
0 1 14 8 17 8 1
0 1 13 8 17 9 1
0 1 12 8 17 10 1
0 4 1 8 18 3 1
0 4 4 8 18 3 2
0 4 0 8 18 4 1
0 4 4 8 18 4 2
0 4 0 8 18 5 1
0 4 3 8 18 5 2
0 4 14 8 18 6 1
0 4 13 8 18 7 1
0 4 13 8 18 8 1
0 4 12 8 18 9 1
0 4 23 8 18 10 1
0 7 2 8 19 5 1
0 7 3 8 19 5 2
0 7 0 8 19 6 1
0 7 3 8 19 6 2
0 7 14 8 19 7 1
0 7 14 8 19 8 1
0 7 14 8 19 9 1
0 7 24 8 19 10 1
0 4 3 8 20 6 1
0 4 4 8 20 6 2
0 4 3 8 20 7 1
0 4 4 8 20 7 2
0 4 12 8 20 8 1
0 4 11 8 20 9 1
0 4 22 8 20 10 1
0 2 3 9 2 2 1
0 2 4 9 2 2 2
0 2 3 9 2 3 1
0 2 4 9 2 3 2
0 2 3 9 2 4 1
0 2 3 9 2 4 2
0 2 15 9 2 5 1
0 2 14 9 2 6 1
0 2 13 9 2 7 1
0 2 23 9 2 8 1
0 2 11 9 2 9 1
0 2 11 9 2 10 1
0 1 3 9 3 2 1
0 1 4 9 3 2 2
0 1 3 9 3 3 1
0 1 4 9 3 3 2
0 1 3 9 3 4 1
0 1 4 9 3 4 2
0 1 3 9 3 5 1
0 1 3 9 3 5 2
0 1 15 9 3 6 1
0 1 15 9 3 7 1
0 1 15 9 3 8 1
0 1 15 9 3 9 1
0 1 26 9 3 10 1
0 8 0 9 4 1 1
0 8 3 9 4 1 2
0 10 25 9 5 1 1
0 10 10 9 5 2 1
0 6 0 9 6 0 1
0 6 3 9 6 0 2
0 4 4 9 7 0 1
0 4 4 9 7 0 2
0 4 4 9 7 1 1
0 4 4 9 7 1 2
0 4 4 9 7 2 1
0 4 4 9 7 2 2
0 4 3 9 7 3 1
0 4 4 9 7 3 2
0 4 3 9 7 4 1
0 4 4 9 7 4 2
0 4 3 9 7 5 1
0 4 4 9 7 5 2
0 4 3 9 7 6 1
0 4 4 9 7 6 2
0 4 2 9 7 7 1
0 4 4 9 7 7 2
0 4 0 9 7 8 1
0 4 4 9 7 8 2
0 4 12 9 7 9 1
0 4 23 9 7 10 1
0 10 1 9 8 0 1
0 10 3 9 8 0 2
0 6 3 9 8 1 1
0 6 0 9 8 1 2
0 6 2 9 8 2 1
0 6 0 9 8 2 2
0 6 24 9 8 3 1
0 6 23 9 8 4 1
0 6 23 9 8 5 1
0 6 23 9 8 6 1
0 6 22 9 8 7 1
0 6 22 9 8 8 1
0 6 21 9 8 9 1
0 4 30 9 9 0 1
0 4 30 9 9 1 1
0 4 30 9 9 2 1
0 4 30 9 9 3 1
0 4 25 9 9 4 1
0 4 23 9 9 5 1
0 4 23 9 9 6 1
0 4 23 9 9 7 1
0 4 10 9 9 8 1
0 4 21 9 9 9 1
0 2 3 9 11 0 1
0 2 4 9 11 0 2
0 2 26 9 11 1 1
0 2 26 9 11 2 1
0 2 26 9 11 3 1
0 2 26 9 11 4 1
0 2 26 9 11 5 1
0 2 26 9 11 6 1
0 2 25 9 11 7 1
0 2 25 9 11 8 1
0 2 25 9 11 9 1
0 10 3 9 12 0 1
0 10 3 9 12 0 2
0 10 31 9 12 1 1
0 10 31 9 12 2 1
0 10 31 9 12 3 1
0 10 31 9 12 4 1
0 10 31 9 12 5 1
0 10 31 9 12 6 1
0 10 31 9 12 7 1
0 10 26 9 12 8 1
0 10 26 9 12 9 1
0 2 8 9 13 0 1
0 2 3 9 13 0 2
0 2 3 9 13 1 1
0 2 3 9 13 1 2
0 2 30 9 13 2 1
0 2 30 9 13 3 1
0 2 30 9 13 4 1
0 2 30 9 13 5 1
0 2 30 9 13 6 1
0 2 29 9 13 7 1
0 2 24 9 13 8 1
0 2 10 9 13 9 1
0 5 3 9 15 0 1
0 5 3 9 15 0 2
0 5 2 9 15 1 1
0 5 3 9 15 1 2
0 5 31 9 15 2 1
0 5 31 9 15 3 1
0 5 31 9 15 4 1
0 5 31 9 15 5 1
0 5 30 9 15 6 1
0 5 30 9 15 7 1
0 5 22 9 15 8 1
0 5 21 9 15 9 1
0 2 4 9 16 1 1
0 2 4 9 16 1 2
0 2 14 9 16 2 1
0 2 14 9 16 3 1
0 2 25 9 16 4 1
0 2 25 9 16 5 1
0 2 25 9 16 6 1
0 2 25 9 16 7 1
0 2 25 9 16 8 1
0 2 23 9 16 9 1
0 5 3 9 17 1 1
0 5 4 9 17 1 2
0 5 3 9 17 2 1
0 5 4 9 17 2 2
0 5 3 9 17 3 1
0 5 4 9 17 3 2
0 5 3 9 17 4 1
0 5 3 9 17 4 2
0 5 3 9 17 5 1
0 5 3 9 17 5 2
0 5 3 9 17 6 1
0 5 3 9 17 6 2
0 5 3 9 17 7 1
0 5 3 9 17 7 2
0 5 3 9 17 8 1
0 5 3 9 17 8 2
0 5 3 9 17 9 1
0 5 3 9 17 9 2
0 5 3 9 17 10 1
0 5 3 9 17 10 2
0 2 4 9 18 2 1
0 2 4 9 18 2 2
0 2 3 9 18 3 1
0 2 4 9 18 3 2
0 2 14 9 18 4 1
0 2 25 9 18 5 1
0 2 25 9 18 6 1
0 2 25 9 18 7 1
0 2 25 9 18 8 1
0 2 25 9 18 9 1
0 6 3 9 20 3 1
0 6 4 9 20 3 2
0 6 3 9 20 4 1
0 6 4 9 20 4 2
0 6 3 9 20 5 1
0 6 4 9 20 5 2
0 6 2 9 20 6 1
0 6 4 9 20 6 2
0 6 0 9 20 7 1
0 6 4 9 20 7 2
0 6 12 9 20 8 1
0 6 12 9 20 9 1
0 6 22 9 20 10 1
0 8 25 10 6 12 1
0 8 26 10 7 12 1
0 1 0 10 8 12 1
0 1 3 10 8 12 2
0 1 12 10 8 13 1
0 1 12 10 8 14 1
0 1 21 10 8 15 1
0 1 4 10 9 12 1
0 1 4 10 9 12 2
0 1 24 10 9 13 1
0 1 24 10 9 14 1
0 1 24 10 9 15 1
0 1 24 10 9 16 1
0 1 12 10 9 17 1
0 1 10 10 9 18 1
0 1 10 10 9 19 1
0 5 25 10 11 12 1
0 2 25 10 11 13 1
0 1 3 10 12 12 1
0 1 3 10 12 12 2
0 2 14 10 13 12 1
0 2 26 10 16 12 1
0 2 26 10 16 13 1
0 2 26 10 16 14 1
0 2 26 10 16 15 1
0 2 25 10 16 16 1
0 2 25 10 16 17 1
0 2 23 10 16 18 1
0 1 25 10 17 12 1
0 1 24 10 17 13 1
0 1 12 10 17 14 1
0 1 23 10 17 15 1
0 1 22 10 17 16 1
0 2 3 10 18 12 1
0 2 4 10 18 12 2
0 2 25 10 18 13 1
0 2 25 10 18 14 1
0 2 25 10 18 15 1
0 1 25 10 19 12 1
0 1 23 10 19 13 1
0 1 10 10 19 14 1
0 4 1 10 20 12 1
0 4 3 10 20 12 2
0 4 24 10 20 13 1
0 4 24 10 20 14 1
0 4 24 10 20 15 1
0 4 23 10 20 16 1
0 4 10 10 20 17 1
0 1 1 10 21 12 1
0 1 3 10 21 12 2
0 1 23 10 21 13 1
0 1 10 10 21 14 1
0 2 25 10 2 2 1
0 2 25 10 2 3 1
0 2 25 10 2 4 1
0 2 25 10 2 5 1
0 2 24 10 2 6 1
0 2 23 10 2 7 1
0 2 23 10 2 8 1
0 9 0 10 3 2 1
0 9 4 10 3 2 2
0 9 25 10 3 3 1
0 9 12 10 3 4 1
0 1 4 10 4 1 1
0 1 4 10 4 1 2
0 1 12 10 4 2 1
0 1 12 10 4 3 1
0 1 12 10 4 4 1
0 1 12 10 4 5 1
0 1 12 10 4 6 1
0 1 11 10 4 7 1
0 1 11 10 4 8 1
0 1 22 10 4 9 1
0 1 10 10 4 10 1
0 1 4 10 5 1 1
0 1 4 10 5 1 2
0 1 3 10 5 2 1
0 1 4 10 5 2 2
0 1 24 10 5 3 1
0 1 24 10 5 4 1
0 1 23 10 5 5 1
0 1 23 10 5 6 1
0 1 23 10 5 7 1
0 1 23 10 5 8 1
0 1 22 10 5 9 1
0 5 3 10 6 0 1
0 5 4 10 6 0 2
0 5 3 10 6 1 1
0 5 3 10 6 1 2
0 5 13 10 6 2 1
0 5 24 10 6 3 1
0 5 11 10 6 4 1
0 5 11 10 6 5 1
0 5 22 10 6 6 1
0 5 22 10 6 7 1
0 5 22 10 6 8 1
0 5 21 10 6 9 1
0 2 25 10 7 0 1
0 2 25 10 7 1 1
0 2 25 10 7 2 1
0 1 3 10 8 0 1
0 1 4 10 8 0 2
0 1 3 10 8 1 1
0 1 4 10 8 1 2
0 1 2 10 8 2 1
0 1 3 10 8 2 2
0 1 23 10 8 3 1
0 1 23 10 8 4 1
0 1 23 10 8 5 1
0 1 23 10 8 6 1
0 1 22 10 8 7 1
0 1 22 10 8 8 1
0 1 22 10 8 9 1
0 11 0 10 9 0 1
0 11 0 10 9 0 2
0 11 11 10 9 1 1
0 11 11 10 9 2 1
0 11 11 10 9 3 1
0 11 22 10 9 4 1
0 11 22 10 9 5 1
0 11 22 10 9 6 1
0 11 22 10 9 7 1
0 11 10 10 9 8 1
0 11 10 10 9 9 1
0 7 3 10 10 0 1
0 7 4 10 10 0 2
0 7 2 10 10 1 1
0 7 3 10 10 1 2
0 7 26 10 10 2 1
0 7 26 10 10 3 1
0 7 26 10 10 4 1
0 7 26 10 10 5 1
0 7 25 10 10 6 1
0 7 25 10 10 7 1
0 7 25 10 10 8 1
0 7 22 10 10 9 1
0 5 0 10 11 0 1
0 5 2 10 11 0 2
0 5 24 10 11 1 1
0 5 24 10 11 2 1
0 5 12 10 11 3 1
0 5 23 10 11 4 1
0 5 22 10 11 5 1
0 5 21 10 11 6 1
0 1 14 10 12 0 1
0 1 25 10 12 1 1
0 1 11 10 12 2 1
0 1 10 10 12 3 1
0 1 3 10 13 0 1
0 1 4 10 13 0 2
0 1 3 10 13 1 1
0 1 4 10 13 1 2
0 1 3 10 13 2 1
0 1 4 10 13 2 2
0 1 23 10 13 3 1
0 1 23 10 13 4 1
0 1 23 10 13 5 1
0 1 23 10 13 6 1
0 1 23 10 13 7 1
0 1 11 10 13 8 1
0 1 22 10 13 9 1
0 1 3 10 14 0 1
0 1 4 10 14 0 2
0 1 3 10 14 1 1
0 1 4 10 14 1 2
0 1 3 10 14 2 1
0 1 3 10 14 2 2
0 1 11 10 14 3 1
0 1 22 10 14 4 1
0 1 22 10 14 5 1
0 1 22 10 14 6 1
0 1 22 10 14 7 1
0 1 22 10 14 8 1
0 1 21 10 14 9 1
0 1 0 10 15 0 1
0 1 3 10 15 0 2
0 1 25 10 15 1 1
0 1 25 10 15 2 1
0 1 25 10 15 3 1
0 1 13 10 15 4 1
0 1 12 10 15 5 1
0 1 11 10 15 6 1
0 1 22 10 15 7 1
0 1 22 10 15 8 1
0 1 22 10 15 9 1
0 9 14 10 16 1 1
0 9 14 10 16 2 1
0 9 13 10 16 3 1
0 9 23 10 16 4 1
0 9 22 10 16 5 1
0 10 14 10 17 1 1
0 10 25 10 17 2 1
0 10 25 10 17 3 1
0 4 23 10 17 4 1
0 4 23 10 17 5 1
0 4 11 10 17 6 1
0 4 22 10 17 7 1
0 4 22 10 17 8 1
0 4 10 10 17 9 1
0 4 0 10 18 2 1
0 4 4 10 18 2 2
0 4 0 10 18 3 1
0 4 3 10 18 3 2
0 4 12 10 18 4 1
0 4 12 10 18 5 1
0 4 12 10 18 6 1
0 4 12 10 18 7 1
0 4 11 10 18 8 1
0 4 11 10 18 9 1
0 4 22 10 18 10 1
0 4 3 10 19 2 1
0 4 4 10 19 2 2
0 4 0 10 19 3 1
0 4 4 10 19 3 2
0 4 0 10 19 4 1
0 4 4 10 19 4 2
0 4 22 10 19 5 1
0 4 22 10 19 6 1
0 4 21 10 19 7 1
0 4 21 10 19 8 1
0 4 21 10 19 9 1
0 10 14 10 20 3 1
0 10 14 10 20 4 1
0 10 25 10 20 5 1
0 1 1 11 0 12 1
0 1 3 11 0 12 2
0 1 25 11 0 13 1
0 1 25 11 0 14 1
0 1 25 11 0 15 1
0 1 13 11 0 16 1
0 1 24 11 0 17 1
0 1 22 11 0 18 1
0 1 22 11 0 19 1
0 1 3 11 1 12 1
0 1 4 11 1 12 2
0 1 3 11 1 13 1
0 1 3 11 1 13 2
0 1 25 11 1 14 1
0 1 25 11 1 15 1
0 1 25 11 1 16 1
0 1 24 11 1 17 1
0 1 12 11 1 18 1
0 1 22 11 1 19 1
0 1 3 11 2 12 1
0 1 4 11 2 12 2
0 1 3 11 2 13 1
0 1 4 11 2 13 2
0 1 5 11 2 14 1
0 1 4 11 2 14 2
0 1 14 11 2 15 1
0 1 14 11 2 16 1
0 1 24 11 2 17 1
0 1 1 11 3 12 1
0 1 3 11 3 12 2
0 1 25 11 3 13 1
0 1 25 11 3 14 1
0 1 13 11 3 15 1
0 1 24 11 3 16 1
0 1 23 11 3 17 1
0 1 11 11 3 18 1
0 1 21 11 3 19 1
0 1 1 11 4 12 1
0 1 3 11 4 12 2
0 1 14 11 4 13 1
0 1 14 11 4 14 1
0 1 14 11 4 15 1
0 1 14 11 4 16 1
0 1 25 11 4 17 1
0 1 12 11 4 18 1
0 1 23 11 4 19 1
0 2 4 11 5 12 1
0 2 4 11 5 12 2
0 2 3 11 5 13 1
0 2 4 11 5 13 2
0 2 30 11 5 14 1
0 2 14 11 5 15 1
0 2 25 11 5 16 1
0 2 25 11 5 17 1
0 2 25 11 5 18 1
0 2 25 11 5 19 1
0 1 1 11 6 12 1
0 1 2 11 6 12 2
0 1 23 11 6 13 1
0 1 23 11 6 14 1
0 1 23 11 6 15 1
0 1 23 11 6 16 1
0 1 22 11 6 17 1
0 1 21 11 6 18 1
0 1 21 11 6 19 1
0 1 3 11 9 12 1
0 1 4 11 9 12 2
0 1 3 11 9 13 1
0 1 4 11 9 13 2
0 1 3 11 9 14 1
0 1 3 11 9 14 2
0 1 26 11 9 15 1
0 1 25 11 9 16 1
0 1 25 11 9 17 1
0 1 23 11 9 18 1
0 1 21 11 9 19 1
0 2 31 11 10 12 1
0 1 3 11 11 12 1
0 1 4 11 11 12 2
0 1 3 11 11 13 1
0 1 4 11 11 13 2
0 1 3 11 11 14 1
0 1 3 11 11 14 2
0 1 3 11 11 15 1
0 1 0 11 11 15 2
0 1 25 11 11 16 1
0 1 25 11 11 17 1
0 1 24 11 11 18 1
0 1 22 11 11 19 1
0 1 3 11 12 12 1
0 1 4 11 12 12 2
0 1 0 11 12 13 1
0 1 3 11 12 13 2
0 1 25 11 12 14 1
0 1 25 11 12 15 1
0 1 25 11 12 16 1
0 1 13 11 12 17 1
0 1 24 11 12 18 1
0 1 23 11 12 19 1
0 6 0 11 13 12 1
0 6 4 11 13 12 2
0 6 25 11 13 13 1
0 6 25 11 13 14 1
0 6 25 11 13 15 1
0 6 24 11 13 16 1
0 6 24 11 13 17 1
0 6 23 11 13 18 1
0 6 21 11 13 19 1
0 6 22 11 14 12 1
0 9 4 11 15 12 1
0 9 4 11 15 12 2
0 9 30 11 15 13 1
0 9 30 11 15 14 1
0 9 25 11 15 15 1
0 9 25 11 15 16 1
0 9 25 11 15 17 1
0 9 25 11 15 18 1
0 9 21 11 15 19 1
0 1 3 11 1 2 1
0 1 4 11 1 2 2
0 1 30 11 1 3 1
0 1 30 11 1 4 1
0 1 30 11 1 5 1
0 1 14 11 1 6 1
0 1 29 11 1 7 1
0 1 24 11 1 8 1
0 1 24 11 1 9 1
0 1 2 11 2 1 1
0 1 3 11 2 1 2
0 1 0 11 2 2 1
0 1 3 11 2 2 2
0 1 0 11 2 3 1
0 1 3 11 2 3 2
0 1 29 11 2 4 1
0 1 24 11 2 5 1
0 1 22 11 2 6 1
0 1 10 11 2 7 1
0 1 10 11 2 8 1
0 1 21 11 2 9 1
0 1 0 11 3 0 1
0 1 2 11 3 0 2
0 1 23 11 3 1 1
0 1 23 11 3 2 1
0 1 23 11 3 3 1
0 1 23 11 3 4 1
0 1 23 11 3 5 1
0 1 23 11 3 6 1
0 1 23 11 3 7 1
0 1 23 11 3 8 1
0 1 11 11 3 9 1
0 10 30 11 4 0 1
0 10 25 11 4 1 1
0 10 25 11 4 2 1
0 10 25 11 4 3 1
0 10 25 11 4 4 1
0 10 25 11 4 5 1
0 10 25 11 4 6 1
0 10 25 11 4 7 1
0 10 24 11 4 8 1
0 10 10 11 4 9 1
0 10 7 11 5 0 1
0 10 3 11 5 0 2
0 10 15 11 5 1 1
0 10 15 11 5 2 1
0 10 14 11 5 3 1
0 10 14 11 5 4 1
0 10 14 11 5 5 1
0 10 14 11 5 6 1
0 10 14 11 5 7 1
0 10 14 11 5 8 1
0 10 13 11 5 9 1
0 10 22 11 5 10 1
0 10 3 11 6 0 1
0 10 3 11 6 0 2
0 10 1 11 6 1 1
0 10 3 11 6 1 2
0 10 24 11 6 2 1
0 10 12 11 6 3 1
0 10 23 11 6 4 1
0 10 23 11 6 5 1
0 10 11 11 6 6 1
0 10 21 11 6 7 1
0 10 21 11 6 8 1
0 10 21 11 6 9 1
0 9 3 11 7 0 1
0 9 4 11 7 0 2
0 9 2 11 7 1 1
0 9 3 11 7 1 2
0 9 25 11 7 2 1
0 9 25 11 7 3 1
0 9 25 11 7 4 1
0 9 25 11 7 5 1
0 9 25 11 7 6 1
0 9 12 11 7 7 1
0 9 23 11 7 8 1
0 9 23 11 7 9 1
0 1 4 11 8 0 1
0 1 4 11 8 0 2
0 1 11 11 8 1 1
0 1 11 11 8 2 1
0 1 11 11 8 3 1
0 1 10 11 8 4 1
0 1 10 11 8 5 1
0 1 10 11 8 6 1
0 1 10 11 8 7 1
0 1 10 11 8 8 1
0 1 10 11 8 9 1
0 1 21 11 8 10 1
0 2 31 11 9 0 1
0 2 26 11 9 1 1
0 2 26 11 9 2 1
0 2 26 11 9 3 1
0 2 26 11 9 4 1
0 2 26 11 9 5 1
0 2 26 11 9 6 1
0 2 26 11 9 7 1
0 2 26 11 9 8 1
0 2 26 11 9 9 1
0 6 3 11 10 0 1
0 6 4 11 10 0 2
0 6 3 11 10 1 1
0 6 4 11 10 1 2
0 6 3 11 10 2 1
0 6 4 11 10 2 2
0 6 14 11 10 3 1
0 6 14 11 10 4 1
0 6 13 11 10 5 1
0 6 13 11 10 6 1
0 6 24 11 10 7 1
0 6 12 11 10 8 1
0 6 12 11 10 9 1
0 6 11 11 10 10 1
0 9 3 11 11 0 1
0 9 3 11 11 0 2
0 9 15 11 11 1 1
0 9 15 11 11 2 1
0 9 14 11 11 3 1
0 9 14 11 11 4 1
0 9 13 11 11 5 1
0 9 12 11 11 6 1
0 9 12 11 11 7 1
0 9 11 11 11 8 1
0 9 22 11 11 9 1
0 9 10 11 11 10 1
0 10 0 11 12 0 1
0 10 3 11 12 0 2
0 10 25 11 12 1 1
0 10 25 11 12 2 1
0 10 25 11 12 3 1
0 10 25 11 12 4 1
0 10 25 11 12 5 1
0 10 22 11 12 6 1
0 10 27 11 12 7 1
0 10 3 11 13 0 1
0 10 3 11 13 0 2
0 10 31 11 13 1 1
0 10 31 11 13 2 1
0 10 31 11 13 3 1
0 10 31 11 13 4 1
0 10 31 11 13 5 1
0 10 30 11 13 6 1
0 10 14 11 13 7 1
0 10 14 11 13 8 1
0 10 25 11 13 9 1
0 10 31 11 14 0 1
0 10 14 11 14 1 1
0 10 14 11 14 2 1
0 10 25 11 14 3 1
0 10 25 11 14 4 1
0 10 25 11 14 5 1
0 10 29 11 14 6 1
0 10 13 11 14 7 1
0 10 21 11 14 8 1
0 10 21 11 14 9 1
0 10 2 11 15 0 1
0 10 3 11 15 0 2
0 10 6 11 15 1 1
0 10 3 11 15 1 2
0 10 14 11 15 2 1
0 10 14 11 15 3 1
0 10 25 11 15 4 1
0 10 25 11 15 5 1
0 10 25 11 15 6 1
0 10 25 11 15 7 1
0 10 25 11 15 8 1
0 10 10 11 15 9 1
0 10 29 11 16 0 1
0 10 29 11 16 1 1
0 10 23 11 16 2 1
0 10 23 11 16 3 1
0 10 23 11 16 4 1
0 10 11 11 16 5 1
0 10 22 11 16 6 1
0 10 22 11 16 7 1
0 10 21 11 16 8 1
0 10 21 11 16 9 1
0 1 3 11 17 0 1
0 1 3 11 17 0 2
0 1 30 11 17 1 1
0 1 30 11 17 2 1
0 1 30 11 17 3 1
0 1 30 11 17 4 1
0 1 30 11 17 5 1
0 1 30 11 17 6 1
0 1 30 11 17 7 1
0 1 23 11 17 8 1
0 1 23 11 17 9 1
0 1 3 11 18 0 1
0 1 4 11 18 0 2
0 1 3 11 18 1 1
0 1 3 11 18 1 2
0 1 1 11 18 2 1
0 1 3 11 18 2 2
0 1 15 11 18 3 1
0 1 15 11 18 4 1
0 1 14 11 18 5 1
0 1 14 11 18 6 1
0 1 13 11 18 7 1
0 1 12 11 18 8 1
0 1 12 11 18 9 1
0 1 23 11 18 10 1
0 8 4 11 19 1 1
0 8 4 11 19 1 2
0 8 4 11 19 2 1
0 8 4 11 19 2 2
0 8 4 11 19 3 1
0 8 4 11 19 3 2
0 8 4 11 19 4 1
0 8 4 11 19 4 2
0 8 23 11 19 5 1
0 8 23 11 19 6 1
0 8 23 11 19 7 1
0 8 22 11 19 8 1
0 8 22 11 19 9 1
0 2 4 12 0 12 1
0 2 4 12 0 12 2
0 2 26 12 0 13 1
0 2 26 12 0 14 1
0 2 26 12 0 15 1
0 2 25 12 0 16 1
0 2 25 12 0 17 1
0 2 25 12 0 18 1
0 2 22 12 0 19 1
0 2 3 12 1 12 1
0 2 4 12 1 12 2
0 2 4 12 1 13 1
0 2 3 12 1 13 2
0 2 26 12 1 14 1
0 2 26 12 1 15 1
0 2 26 12 1 16 1
0 2 26 12 1 17 1
0 2 14 12 1 18 1
0 2 26 12 2 12 1
0 2 26 12 2 13 1
0 2 26 12 2 14 1
0 2 14 12 2 15 1
0 1 3 12 3 12 1
0 1 3 12 3 12 2
0 1 14 12 3 13 1
0 1 11 12 3 14 1
0 1 11 12 3 15 1
0 1 21 12 3 16 1
0 1 21 12 3 17 1
0 1 2 12 4 12 1
0 1 3 12 4 12 2
0 1 26 12 4 13 1
0 1 26 12 4 14 1
0 1 14 12 4 15 1
0 1 22 12 4 16 1
0 2 3 12 5 12 1
0 2 4 12 5 12 2
0 2 25 12 5 13 1
0 2 25 12 5 14 1
0 2 25 12 5 15 1
0 10 25 12 6 12 1
0 2 25 12 6 13 1
0 8 25 12 7 12 1
0 2 25 12 7 13 1
0 2 26 12 8 12 1
0 2 26 12 9 12 1
0 2 26 12 9 13 1
0 2 26 12 9 14 1
0 2 26 12 9 15 1
0 2 26 12 9 16 1
0 2 14 12 9 17 1
0 2 25 12 9 18 1
0 2 26 12 10 12 1
0 9 25 12 11 12 1
0 4 14 12 11 13 1
0 1 3 12 12 12 1
0 1 3 12 12 12 2
0 1 25 12 12 13 1
0 1 25 12 12 14 1
0 1 25 12 12 15 1
0 1 11 12 12 16 1
0 1 11 12 12 17 1
0 1 22 12 13 12 1
0 1 21 12 13 13 1
0 1 21 12 13 14 1
0 1 3 12 14 12 1
0 1 3 12 14 12 2
0 1 11 12 14 13 1
0 1 21 12 14 14 1
0 9 25 12 15 12 1
0 2 25 12 15 13 1
0 1 3 12 16 12 1
0 1 3 12 16 12 2
0 1 25 12 16 13 1
0 2 25 12 16 14 1
0 2 3 12 17 12 1
0 2 4 12 17 12 2
0 2 3 12 17 13 1
0 2 4 12 17 13 2
0 2 26 12 17 14 1
0 2 26 12 17 15 1
0 2 26 12 17 16 1
0 2 14 12 17 17 1
0 2 25 12 17 18 1
0 2 22 12 17 19 1
0 2 26 12 18 12 1
0 8 25 12 19 12 1
0 1 14 12 20 12 1
0 1 14 12 20 13 1
0 1 12 12 20 14 1
0 1 23 12 20 15 1
0 1 23 12 20 16 1
0 1 14 12 21 12 1
0 1 25 12 21 13 1
0 1 13 12 21 14 1
0 1 24 12 21 15 1
0 1 10 12 21 16 1
0 9 0 12 1 2 1
0 9 3 12 1 2 2
0 9 13 12 1 3 1
0 9 24 12 1 4 1
0 11 24 12 1 5 1
0 11 24 12 1 6 1
0 11 24 12 1 7 1
0 11 24 12 1 8 1
0 2 25 12 2 1 1
0 2 25 12 2 2 1
0 2 25 12 2 3 1
0 9 25 12 3 0 1
0 9 25 12 3 1 1
0 9 23 12 3 2 1
0 9 22 12 3 3 1
0 9 25 12 4 0 1
0 9 25 12 4 1 1
0 9 11 12 4 2 1
0 9 10 12 4 3 1
0 6 0 12 5 0 1
0 6 4 12 5 0 2
0 6 0 12 5 1 1
0 6 0 12 5 1 2
0 9 25 12 6 0 1
0 9 13 12 6 1 1
0 9 24 12 6 2 1
0 9 23 12 6 3 1
0 11 23 12 6 4 1
0 11 23 12 6 5 1
0 11 23 12 6 6 1
0 11 22 12 6 7 1
0 11 22 12 6 8 1
0 11 22 12 6 9 1
0 9 23 12 7 0 1
0 9 23 12 7 1 1
0 9 11 12 7 2 1
0 9 22 12 7 3 1
0 9 22 12 7 4 1
0 9 10 12 7 5 1
0 9 21 12 7 6 1
0 9 21 12 7 7 1
0 9 14 12 8 0 1
0 9 14 12 8 1 1
0 9 14 12 8 2 1
0 11 14 12 8 3 1
0 11 14 12 8 4 1
0 11 13 12 8 5 1
0 11 13 12 8 6 1
0 11 13 12 8 7 1
0 11 12 12 8 8 1
0 11 11 12 8 9 1
0 11 22 12 8 10 1
0 1 3 12 9 0 1
0 1 4 12 9 0 2
0 1 1 12 9 1 1
0 1 4 12 9 1 2
0 1 0 12 9 2 1
0 1 3 12 9 2 2
0 1 25 12 9 3 1
0 1 25 12 9 4 1
0 1 25 12 9 5 1
0 1 13 12 9 6 1
0 1 24 12 9 7 1
0 1 12 12 9 8 1
0 1 23 12 9 9 1
0 9 24 12 10 0 1
0 9 12 12 10 1 1
0 9 22 12 10 2 1
0 9 21 12 10 3 1
0 1 3 12 11 0 1
0 1 4 12 11 0 2
0 1 3 12 11 1 1
0 1 4 12 11 1 2
0 1 3 12 11 2 1
0 1 4 12 11 2 2
0 1 2 12 11 3 1
0 1 4 12 11 3 2
0 1 23 12 11 4 1
0 1 23 12 11 5 1
0 1 23 12 11 6 1
0 1 22 12 11 7 1
0 1 22 12 11 8 1
0 1 10 12 11 9 1
0 2 4 12 12 0 1
0 2 4 12 12 0 2
0 2 4 12 12 1 1
0 2 4 12 12 1 2
0 2 4 12 12 2 1
0 2 4 12 12 2 2
0 2 3 12 12 3 1
0 2 4 12 12 3 2
0 2 3 12 12 4 1
0 2 4 12 12 4 2
0 2 25 12 12 5 1
0 2 25 12 12 6 1
0 2 25 12 12 7 1
0 2 25 12 12 8 1
0 2 25 12 12 9 1
0 2 26 12 13 0 1
0 2 26 12 13 1 1
0 2 26 12 13 2 1
0 2 26 12 13 3 1
0 2 26 12 13 4 1
0 2 26 12 13 5 1
0 2 25 12 13 6 1
0 2 25 12 13 7 1
0 2 25 12 13 8 1
0 9 25 12 14 0 1
0 9 25 12 14 1 1
0 9 24 12 14 2 1
0 9 22 12 14 3 1
0 2 22 12 14 4 1
0 5 13 12 15 0 1
0 5 24 12 15 1 1
0 5 12 12 15 2 1
0 5 22 12 15 3 1
0 5 22 12 15 4 1
0 5 22 12 15 5 1
0 5 10 12 15 6 1
0 5 21 12 15 7 1
0 2 4 12 16 0 1
0 2 4 12 16 0 2
0 2 3 12 16 1 1
0 2 4 12 16 1 2
0 2 3 12 16 2 1
0 2 4 12 16 2 2
0 2 3 12 16 3 1
0 2 4 12 16 3 2
0 2 15 12 16 4 1
0 2 15 12 16 5 1
0 2 26 12 16 6 1
0 2 24 12 16 7 1
0 2 24 12 16 8 1
0 2 23 12 16 9 1
0 6 0 12 17 0 1
0 6 3 12 17 0 2
0 6 0 12 17 1 1
0 6 0 12 17 1 2
0 6 22 12 17 2 1
0 6 22 12 17 3 1
0 6 22 12 17 4 1
0 6 22 12 17 5 1
0 6 10 12 17 6 1
0 6 10 12 17 7 1
0 6 10 12 17 8 1
0 6 21 12 17 9 1
0 10 2 12 18 0 1
0 10 3 12 18 0 2
0 10 24 12 18 1 1
0 10 12 12 18 2 1
0 2 23 12 18 3 1
0 2 2 12 19 1 1
0 2 2 12 19 1 2
0 2 26 12 19 2 1
0 2 26 12 19 3 1
0 2 26 12 19 4 1
0 2 26 12 19 5 1
0 2 26 12 19 6 1
0 2 26 12 19 7 1
0 2 25 12 19 8 1
0 2 25 12 19 9 1
0 10 25 12 20 2 1
0 10 25 12 20 3 1
0 10 25 12 20 4 1
0 10 21 12 20 5 1
0 2 26 13 6 12 1
0 2 26 13 7 12 1
0 10 25 13 8 12 1
0 2 25 13 8 13 1
0 7 1 13 9 12 1
0 2 4 13 9 12 2
0 2 31 13 9 13 1
0 2 26 13 9 14 1
0 2 26 13 9 15 1
0 2 26 13 9 16 1
0 2 26 13 9 17 1
0 7 24 13 9 18 1
0 10 25 13 10 12 1
0 2 3 13 11 12 1
0 1 4 13 11 12 2
0 2 3 13 11 13 1
0 1 3 13 11 13 2
0 2 31 13 11 14 1
0 2 26 13 11 15 1
0 2 25 13 11 16 1
0 2 31 13 13 12 1
0 2 25 13 13 13 1
0 2 13 13 13 14 1
0 9 26 13 14 12 1
0 9 31 13 15 12 1
0 2 26 13 15 13 1
0 2 26 13 15 14 1
0 2 26 13 15 15 1
0 2 26 13 15 16 1
0 2 25 13 15 17 1
0 1 3 13 17 12 1
0 1 3 13 17 12 2
0 1 15 13 17 13 1
0 1 15 13 17 14 1
0 1 26 13 17 15 1
0 1 26 13 17 16 1
0 1 26 13 17 17 1
0 1 12 13 17 18 1
0 1 10 13 17 19 1
0 9 30 13 18 12 1
0 2 25 13 18 13 1
0 10 14 13 19 12 1
0 10 25 13 21 12 1
0 11 25 13 21 13 1
0 4 3 13 2 1 1
0 4 4 13 2 1 2
0 4 2 13 2 2 1
0 4 3 13 2 2 2
0 4 2 13 2 3 1
0 4 3 13 2 3 2
0 4 13 13 2 4 1
0 4 13 13 2 5 1
0 4 12 13 2 6 1
0 4 12 13 2 7 1
0 4 11 13 2 8 1
0 4 10 13 2 9 1
0 4 21 13 2 10 1
0 8 4 13 3 0 1
0 8 4 13 3 0 2
0 8 4 13 3 1 1
0 8 4 13 3 1 2
0 8 24 13 3 2 1
0 8 12 13 3 3 1
0 8 12 13 3 4 1
0 8 23 13 3 5 1
0 8 23 13 3 6 1
0 8 11 13 3 7 1
0 8 22 13 3 8 1
0 8 22 13 3 9 1
0 2 15 13 4 0 1
0 2 15 13 4 1 1
0 2 15 13 4 2 1
0 2 15 13 4 3 1
0 2 15 13 4 4 1
0 2 15 13 4 5 1
0 2 15 13 4 6 1
0 2 15 13 4 7 1
0 2 15 13 4 8 1
0 2 15 13 4 9 1
0 2 25 13 4 10 1
0 1 3 13 5 0 1
0 1 4 13 5 0 2
0 1 3 13 5 1 1
0 1 3 13 5 1 2
0 1 23 13 5 2 1
0 1 11 13 5 3 1
0 1 22 13 5 4 1
0 1 22 13 5 5 1
0 1 22 13 5 6 1
0 1 22 13 5 7 1
0 1 21 13 5 8 1
0 1 21 13 5 9 1
0 8 25 13 6 0 1
0 8 13 13 6 1 1
0 3 11 13 6 2 1
0 3 11 13 6 3 1
0 3 22 13 6 4 1
0 3 22 13 6 5 1
0 3 22 13 6 6 1
0 3 10 13 6 7 1
0 3 10 13 6 8 1
0 3 21 13 6 9 1
0 6 24 13 7 0 1
0 1 3 13 8 0 1
0 1 3 13 8 0 2
0 1 0 13 8 1 1
0 1 3 13 8 1 2
0 1 0 13 8 2 1
0 1 3 13 8 2 2
0 1 11 13 8 3 1
0 1 22 13 8 4 1
0 1 22 13 8 5 1
0 1 22 13 8 6 1
0 1 22 13 8 7 1
0 1 21 13 8 8 1
0 1 21 13 8 9 1
0 10 25 13 9 0 1
0 10 25 13 9 1 1
0 10 25 13 9 2 1
0 10 25 13 9 3 1
0 10 25 13 9 4 1
0 10 25 13 9 5 1
0 10 12 13 9 6 1
0 10 23 13 9 7 1
0 10 10 13 9 8 1
0 10 21 13 9 9 1
0 9 23 13 10 0 1
0 9 23 13 10 1 1
0 8 28 13 10 2 1
0 8 12 13 10 3 1
0 8 23 13 10 4 1
0 8 23 13 10 5 1
0 8 22 13 10 6 1
0 8 22 13 10 7 1
0 8 22 13 10 8 1
0 2 8 13 11 0 1
0 2 3 13 11 0 2
0 2 3 13 11 1 1
0 2 3 13 11 1 2
0 2 24 13 11 2 1
0 2 24 13 11 3 1
0 2 12 13 11 4 1
0 2 23 13 11 5 1
0 2 23 13 11 6 1
0 2 22 13 11 7 1
0 2 22 13 11 8 1
0 2 10 13 11 9 1
0 5 8 13 12 0 1
0 5 3 13 12 0 2
0 5 30 13 12 1 1
0 5 30 13 12 2 1
0 5 25 13 12 3 1
0 5 24 13 12 4 1
0 5 24 13 12 5 1
0 5 22 13 12 6 1
0 5 22 13 12 7 1
0 5 22 13 12 8 1
0 5 21 13 12 9 1
0 11 24 13 13 0 1
0 11 24 13 13 1 1
0 11 24 13 13 2 1
0 11 24 13 13 3 1
0 11 12 13 13 4 1
0 11 12 13 13 5 1
0 11 23 13 13 6 1
0 11 23 13 13 7 1
0 11 23 13 13 8 1
0 11 22 13 13 9 1
0 2 3 13 14 0 1
0 2 4 13 14 0 2
0 2 3 13 14 1 1
0 2 3 13 14 1 2
0 2 0 13 14 2 1
0 2 3 13 14 2 2
0 2 14 13 14 3 1
0 2 14 13 14 4 1
0 2 14 13 14 5 1
0 2 14 13 14 6 1
0 2 14 13 14 7 1
0 2 14 13 14 8 1
0 2 25 13 14 9 1
0 2 13 13 14 10 1
0 2 3 13 15 0 1
0 2 3 13 15 0 2
0 2 2 13 15 1 1
0 2 3 13 15 1 2
0 2 0 13 15 2 1
0 2 3 13 15 2 2
0 2 24 13 15 3 1
0 2 24 13 15 4 1
0 2 24 13 15 5 1
0 2 23 13 15 6 1
0 2 11 13 15 7 1
0 2 22 13 15 8 1
0 2 22 13 15 9 1
0 2 4 13 16 0 1
0 2 4 13 16 0 2
0 2 3 13 16 1 1
0 2 4 13 16 1 2
0 2 3 13 16 2 1
0 2 4 13 16 2 2
0 2 26 13 16 3 1
0 2 25 13 16 4 1
0 2 25 13 16 5 1
0 2 25 13 16 6 1
0 2 25 13 16 7 1
0 2 25 13 16 8 1
0 2 25 13 16 9 1
0 1 3 13 17 0 1
0 1 4 13 17 0 2
0 1 3 13 17 1 1
0 1 3 13 17 1 2
0 1 2 13 17 2 1
0 1 3 13 17 2 2
0 1 15 13 17 3 1
0 1 26 13 17 4 1
0 1 26 13 17 5 1
0 1 26 13 17 6 1
0 1 26 13 17 7 1
0 1 26 13 17 8 1
0 1 26 13 17 9 1
0 1 22 13 18 0 1
0 1 22 13 18 1 1
0 1 10 13 18 2 1
0 1 10 13 18 3 1
0 1 10 13 18 4 1
0 1 10 13 18 5 1
0 1 10 13 18 6 1
0 1 21 13 18 7 1
0 1 21 13 18 8 1
0 1 21 13 18 9 1
0 4 6 13 19 1 1
0 4 4 13 19 1 2
0 4 0 13 19 2 1
0 4 3 13 19 2 2
0 4 30 13 19 3 1
0 4 12 13 19 4 1
0 4 12 13 19 5 1
0 4 12 13 19 6 1
0 4 11 13 19 7 1
0 4 11 13 19 8 1
0 4 11 13 19 9 1
0 4 11 13 19 10 1
0 1 22 13 20 2 1
0 1 22 13 20 3 1
0 1 22 13 20 4 1
0 1 22 13 20 5 1
0 1 22 13 20 6 1
0 1 22 13 20 7 1
0 1 22 13 20 8 1
0 1 10 13 20 9 1
0 2 26 15 6 12 1
0 2 26 15 7 12 1
0 2 25 15 8 12 1
0 2 3 15 9 12 1
0 2 3 15 9 12 2
0 2 3 15 9 13 1
0 2 3 15 9 13 2
0 2 3 15 9 14 1
0 2 3 15 9 14 2
0 2 26 15 9 15 1
0 2 26 15 9 16 1
0 2 25 15 9 17 1
0 2 25 15 9 18 1
0 2 26 15 10 12 1
0 2 26 15 16 12 1
0 2 26 15 17 12 1
0 2 26 15 18 12 1
0 2 3 15 20 12 1
0 8 4 15 20 12 2
0 2 26 15 20 13 1
0 2 26 15 20 14 1
0 2 26 15 20 15 1
0 2 26 15 20 16 1
0 2 26 15 20 17 1
0 8 22 15 20 18 1
0 2 3 15 21 12 1
0 2 3 15 21 12 2
0 2 26 15 21 13 1
0 2 26 15 21 14 1
0 2 26 15 21 15 1
0 2 26 15 21 16 1
0 2 25 15 21 17 1
0 2 23 15 21 18 1
0 10 14 15 1 2 1
0 10 14 15 1 3 1
0 10 25 15 1 4 1
0 10 25 15 1 5 1
0 10 25 15 1 6 1
0 10 21 15 1 7 1
0 10 21 15 1 8 1
0 10 22 15 2 0 1
0 10 24 15 4 0 1
0 11 24 15 4 1 1
0 11 24 15 4 2 1
0 11 24 15 4 3 1
0 11 24 15 4 4 1
0 11 24 15 4 5 1
0 11 24 15 4 6 1
0 11 24 15 4 7 1
0 11 12 15 4 8 1
0 11 23 15 4 9 1
0 9 25 15 5 0 1
0 11 24 15 5 1 1
0 11 12 15 5 2 1
0 11 12 15 5 3 1
0 11 12 15 5 4 1
0 11 23 15 5 5 1
0 11 23 15 5 6 1
0 11 23 15 5 7 1
0 11 22 15 5 8 1
0 11 22 15 5 9 1
0 4 1 15 6 6 1
0 4 3 15 6 6 2
0 4 1 15 6 7 1
0 4 3 15 6 7 2
0 4 14 15 6 8 1
0 4 12 15 6 9 1
0 4 21 15 6 10 1
0 4 0 15 7 6 1
0 4 3 15 7 6 2
0 4 0 15 7 7 1
0 4 1 15 7 7 2
0 4 22 15 7 8 1
0 4 21 15 7 9 1
0 3 2 15 8 6 1
0 3 4 15 8 6 2
0 3 1 15 8 7 1
0 3 4 15 8 7 2
0 3 1 15 8 8 1
0 3 3 15 8 8 2
0 3 10 15 8 9 1
0 3 10 15 8 10 1
0 1 3 15 9 6 1
0 1 4 15 9 6 2
0 1 2 15 9 7 1
0 1 3 15 9 7 2
0 1 14 15 9 8 1
0 1 24 15 9 9 1
0 1 12 15 9 10 1
0 5 3 15 10 6 1
0 5 4 15 10 6 2
0 5 3 15 10 7 1
0 5 3 15 10 7 2
0 5 3 15 10 8 1
0 5 3 15 10 8 2
0 4 11 15 10 9 1
0 4 21 15 10 10 1
0 6 24 15 11 6 1
0 2 24 15 11 7 1
0 10 3 15 12 6 1
0 10 3 15 12 6 2
0 10 15 15 12 7 1
0 10 15 15 12 8 1
0 10 15 15 12 9 1
0 10 25 15 12 10 1
0 1 12 15 13 6 1
0 2 23 15 13 7 1
0 2 26 15 15 6 1
0 2 26 15 15 7 1
0 2 25 15 15 8 1
0 2 25 15 15 9 1
0 11 13 15 16 0 1
0 11 13 15 16 1 1
0 11 13 15 16 2 1
0 11 12 15 16 3 1
0 11 12 15 16 4 1
0 11 12 15 16 5 1
0 11 11 15 16 6 1
0 11 11 15 16 7 1
0 11 11 15 16 8 1
0 11 11 15 16 9 1
0 11 22 15 16 10 1
0 6 24 15 17 0 1
0 6 24 15 18 0 1
0 11 23 15 18 1 1
0 11 23 15 18 2 1
0 11 23 15 18 3 1
0 11 23 15 18 4 1
0 11 23 15 18 5 1
0 11 23 15 18 6 1
0 11 22 15 18 7 1
0 11 22 15 18 8 1
0 11 22 15 18 9 1
0 1 25 15 19 0 1
0 1 25 15 19 1 1
0 1 25 15 19 2 1
0 1 12 15 19 3 1
0 5 12 15 19 4 1
0 1 25 15 20 2 1
0 1 25 15 20 3 1
0 1 25 15 20 4 1
0 1 25 15 20 5 1
0 1 25 15 20 6 1
0 1 22 15 20 7 1
0 1 22 15 20 8 1
0 1 22 15 20 9 1
0 1 24 16 0 12 1
0 2 24 16 0 13 1
0 1 14 16 1 12 1
0 2 0 16 2 12 1
0 2 4 16 2 12 2
0 2 26 16 2 13 1
0 2 24 16 2 14 1
0 2 22 16 2 15 1
0 6 4 16 3 12 1
0 6 4 16 3 12 2
0 6 4 16 3 13 1
0 6 4 16 3 13 2
0 6 4 16 3 14 1
0 6 4 16 3 14 2
0 6 15 16 3 15 1
0 6 26 16 3 16 1
0 6 26 16 3 17 1
0 2 14 16 4 12 1
0 2 25 16 4 13 1
0 1 14 16 5 12 1
0 2 26 16 11 12 1
0 1 26 16 12 12 1
0 8 26 16 12 13 1
0 8 26 16 12 14 1
0 8 25 16 12 15 1
0 8 24 16 12 16 1
0 8 24 16 12 17 1
0 8 24 16 12 18 1
0 8 23 16 12 19 1
0 2 26 16 13 12 1
0 9 26 16 14 12 1
0 10 25 16 15 12 1
0 1 25 16 15 13 1
0 1 24 16 15 14 1
0 1 24 16 15 15 1
0 1 24 16 15 16 1
0 1 24 16 15 17 1
0 1 24 16 15 18 1
0 1 24 16 15 19 1
0 5 25 16 16 12 1
0 1 25 16 16 13 1
0 1 25 16 16 14 1
0 1 25 16 16 15 1
0 1 24 16 16 16 1
0 1 24 16 16 17 1
0 1 23 16 16 18 1
0 1 21 16 16 19 1
0 5 25 16 17 12 1
0 2 25 16 17 13 1
0 1 15 16 18 12 1
0 2 26 16 18 13 1
0 2 14 16 18 14 1
0 2 25 16 18 15 1
0 2 25 16 18 16 1
0 2 25 16 18 17 1
0 2 13 16 18 18 1
0 5 13 16 19 12 1
0 2 4 16 20 12 1
0 2 4 16 20 12 2
0 2 26 16 20 13 1
0 2 26 16 20 14 1
0 2 26 16 20 15 1
0 2 25 16 20 16 1
0 2 25 16 20 17 1
0 5 25 16 21 12 1
0 2 25 16 21 13 1
0 8 25 16 1 1 1
0 4 12 16 1 2 1
0 4 12 16 1 3 1
0 4 12 16 1 4 1
0 4 23 16 1 5 1
0 4 23 16 1 6 1
0 4 22 16 1 7 1
0 4 22 16 1 8 1
0 9 23 16 2 0 1
0 11 12 16 2 1 1
0 11 12 16 2 2 1
0 11 12 16 2 3 1
0 11 23 16 2 4 1
0 11 23 16 2 5 1
0 11 23 16 2 6 1
0 11 11 16 2 7 1
0 11 22 16 2 8 1
0 11 22 16 2 9 1
0 4 3 16 3 0 1
0 4 3 16 3 0 2
0 4 0 16 3 1 1
0 4 3 16 3 1 2
0 4 23 16 3 2 1
0 4 11 16 3 3 1
0 4 22 16 3 4 1
0 4 22 16 3 5 1
0 4 22 16 3 6 1
0 4 10 16 3 7 1
0 4 10 16 3 8 1
0 4 21 16 3 9 1
0 5 3 16 4 0 1
0 5 4 16 4 0 2
0 5 3 16 4 1 1
0 5 3 16 4 1 2
0 5 14 16 4 2 1
0 5 24 16 4 3 1
0 5 12 16 4 4 1
0 9 11 16 5 0 1
0 9 10 16 5 1 1
0 9 21 16 5 2 1
0 11 0 16 8 0 1
0 11 0 16 8 0 2
0 11 0 16 8 1 1
0 11 0 16 8 1 2
0 11 22 16 8 2 1
0 11 22 16 8 3 1
0 11 22 16 8 4 1
0 11 22 16 8 5 1
0 11 22 16 8 6 1
0 11 10 16 8 7 1
0 11 10 16 8 8 1
0 11 21 16 8 9 1
0 10 23 16 9 2 1
0 11 23 16 9 3 1
0 11 23 16 9 4 1
0 11 23 16 9 5 1
0 11 23 16 9 6 1
0 11 11 16 9 7 1
0 11 22 16 9 8 1
0 11 10 16 9 9 1
0 6 24 16 11 2 1
0 4 13 16 11 3 1
0 4 12 16 11 4 1
0 4 12 16 11 5 1
0 4 12 16 11 6 1
0 4 12 16 11 7 1
0 4 12 16 11 8 1
0 4 12 16 11 9 1
0 4 11 16 11 10 1
0 1 1 16 12 2 1
0 1 3 16 12 2 2
0 1 15 16 12 3 1
0 1 14 16 12 4 1
0 1 12 16 12 5 1
0 1 12 16 12 6 1
0 1 12 16 12 7 1
0 1 11 16 12 8 1
0 1 22 16 12 9 1
0 1 10 16 12 10 1
0 1 3 16 13 0 1
0 1 4 16 13 0 2
0 1 3 16 13 1 1
0 1 3 16 13 1 2
0 1 2 16 13 2 1
0 1 3 16 13 2 2
0 1 12 16 13 3 1
0 1 23 16 13 4 1
0 1 23 16 13 5 1
0 1 23 16 13 6 1
0 1 23 16 13 7 1
0 1 22 16 13 8 1
0 1 22 16 13 9 1
0 4 3 16 14 0 1
0 4 3 16 14 0 2
0 4 24 16 14 1 1
0 4 24 16 14 2 1
0 4 24 16 14 3 1
0 4 24 16 14 4 1
0 4 24 16 14 5 1
0 4 12 16 14 6 1
0 4 22 16 14 7 1
0 4 22 16 14 8 1
0 4 22 16 14 9 1
0 9 25 16 15 0 1
0 11 24 16 15 1 1
0 11 24 16 15 2 1
0 11 24 16 15 3 1
0 11 24 16 15 4 1
0 11 24 16 15 5 1
0 11 24 16 15 6 1
0 11 24 16 15 7 1
0 11 24 16 15 8 1
0 6 3 16 16 0 1
0 6 4 16 16 0 2
0 6 3 16 16 1 1
0 6 4 16 16 1 2
0 6 3 16 16 2 1
0 6 4 16 16 2 2
0 6 3 16 16 3 1
0 6 4 16 16 3 2
0 6 26 16 16 4 1
0 6 26 16 16 5 1
0 6 26 16 16 6 1
0 6 14 16 16 7 1
0 6 25 16 16 8 1
0 6 25 16 16 9 1
0 10 23 16 17 0 1
0 11 12 16 17 1 1
0 11 12 16 17 2 1
0 11 12 16 17 3 1
0 11 23 16 17 4 1
0 11 10 16 17 5 1
0 11 21 16 17 6 1
0 11 25 16 18 0 1
0 11 25 16 18 1 1
0 11 13 16 18 2 1
0 11 13 16 18 3 1
0 11 23 16 18 4 1
0 11 23 16 18 5 1
0 11 23 16 18 6 1
0 11 23 16 18 7 1
0 11 23 16 18 8 1
0 11 22 16 18 9 1
0 9 14 16 19 0 1
0 10 25 16 20 1 1
0 11 13 16 20 2 1
0 11 13 16 20 3 1
0 11 12 16 20 4 1
0 11 12 16 20 5 1
0 11 12 16 20 6 1
0 11 12 16 20 7 1
0 11 12 16 20 8 1
0 11 12 16 20 9 1
0 11 10 16 20 10 1
0 10 3 17 0 12 1
0 10 4 17 0 12 2
0 10 3 17 0 13 1
0 10 3 17 0 13 2
0 10 15 17 0 14 1
0 10 15 17 0 15 1
0 10 15 17 0 16 1
0 10 15 17 0 17 1
0 10 26 17 0 18 1
0 4 23 17 1 12 1
0 4 2 17 2 12 1
0 4 4 17 2 12 2
0 4 2 17 2 13 1
0 4 3 17 2 13 2
0 4 23 17 2 14 1
0 4 23 17 2 15 1
0 4 23 17 2 16 1
0 4 11 17 2 17 1
0 4 11 17 2 18 1
0 4 10 17 2 19 1
0 2 3 17 3 12 1
0 2 4 17 3 12 2
0 2 26 17 3 13 1
0 2 13 17 3 14 1
0 2 25 17 4 12 1
0 2 25 17 4 13 1
0 2 26 17 5 12 1
0 2 26 17 5 13 1
0 2 26 17 5 14 1
0 2 26 17 5 15 1
0 2 25 17 5 16 1
0 4 3 17 11 12 1
0 4 4 17 11 12 2
0 4 12 17 11 13 1
0 4 12 17 11 14 1
0 4 23 17 11 15 1
0 4 23 17 11 16 1
0 4 23 17 11 17 1
0 4 22 17 11 18 1
0 4 10 17 11 19 1
0 4 0 17 12 12 1
0 4 3 17 12 12 2
0 4 11 17 12 13 1
0 4 22 17 12 14 1
0 4 22 17 12 15 1
0 4 22 17 12 16 1
0 4 10 17 12 17 1
0 4 21 17 12 18 1
0 4 21 17 12 19 1
0 2 3 17 13 12 1
0 2 3 17 13 12 2
0 2 25 17 14 12 1
0 3 1 17 15 12 1
0 3 2 17 15 12 2
0 3 13 17 15 13 1
0 3 24 17 15 14 1
0 3 24 17 15 15 1
0 3 23 17 15 16 1
0 3 23 17 15 17 1
0 3 23 17 15 18 1
0 3 23 17 15 19 1
0 2 26 17 16 12 1
0 2 26 17 17 12 1
0 2 26 17 18 12 1
0 2 26 17 19 12 1
0 2 26 17 20 12 1
0 2 26 17 21 12 1
0 9 12 17 1 2 1
0 4 12 17 1 3 1
0 4 12 17 1 4 1
0 4 23 17 1 5 1
0 4 23 17 1 6 1
0 4 23 17 1 7 1
0 4 11 17 1 8 1
0 4 22 17 1 9 1
0 10 11 17 2 0 1
0 10 14 17 3 0 1
0 10 14 17 3 1 1
0 10 25 17 3 2 1
0 10 25 17 3 3 1
0 10 25 17 3 4 1
0 10 10 17 3 5 1
0 10 24 17 4 0 1
0 10 21 17 4 1 1
0 4 4 17 5 0 1
0 4 4 17 5 0 2
0 4 4 17 5 1 1
0 4 4 17 5 1 2
0 4 2 17 5 2 1
0 4 4 17 5 2 2
0 4 0 17 5 3 1
0 4 4 17 5 3 2
0 4 0 17 5 4 1
0 4 4 17 5 4 2
0 4 23 17 5 5 1
0 4 23 17 5 6 1
0 4 22 17 5 7 1
0 4 10 17 5 8 1
0 4 21 17 5 9 1
0 1 25 17 7 6 1
0 6 25 17 7 7 1
0 5 25 17 8 6 1
0 5 25 17 8 7 1
0 5 25 17 8 8 1
0 5 25 17 8 9 1
0 1 2 17 9 6 1
0 1 3 17 9 6 2
0 1 2 17 9 7 1
0 1 3 17 9 7 2
0 1 25 17 9 8 1
0 1 22 17 9 9 1
0 1 14 17 10 6 1
0 1 25 17 10 7 1
0 1 25 17 10 8 1
0 1 25 17 10 9 1
0 10 25 17 11 6 1
0 5 25 17 11 7 1
0 10 26 17 12 6 1
0 5 25 17 13 6 1
0 4 25 17 15 6 1
0 1 13 17 16 0 1
0 1 24 17 16 1 1
0 1 12 17 16 2 1
0 1 12 17 16 3 1
0 1 10 17 16 4 1
0 1 10 17 16 5 1
0 1 21 17 16 6 1
0 1 10 17 16 7 1
0 1 21 17 16 8 1
0 1 2 17 17 0 1
0 1 3 17 17 0 2
0 1 25 17 17 1 1
0 1 25 17 17 2 1
0 1 25 17 17 3 1
0 1 23 17 17 4 1
0 5 23 17 17 5 1
0 1 23 17 17 6 1
0 1 23 17 17 7 1
0 1 22 17 17 8 1
0 1 22 17 17 9 1
0 11 24 17 18 0 1
0 11 24 17 18 1 1
0 11 24 17 18 2 1
0 11 24 17 18 3 1
0 11 24 17 18 4 1
0 11 24 17 18 5 1
0 11 12 17 18 6 1
0 11 23 17 18 7 1
0 11 23 17 18 8 1
0 11 10 17 18 9 1
0 11 0 17 19 0 1
0 11 1 17 19 0 2
0 11 0 17 19 1 1
0 11 0 17 19 1 2
0 11 11 17 19 2 1
0 11 11 17 19 3 1
0 11 11 17 19 4 1
0 11 11 17 19 5 1
0 11 22 17 19 6 1
0 11 22 17 19 7 1
0 11 21 17 19 8 1
0 11 21 17 19 9 1
0 1 1 17 20 2 1
0 1 4 17 20 2 2
0 1 1 17 20 3 1
0 1 3 17 20 3 2
0 1 24 17 20 4 1
0 1 21 17 20 5 1
0 2 3 18 6 12 1
0 2 4 18 6 12 2
0 2 26 18 6 13 1
0 2 14 18 6 14 1
0 2 25 18 6 15 1
0 2 25 18 6 16 1
0 2 25 18 6 17 1
0 2 26 18 7 12 1
0 2 26 18 8 12 1
0 2 26 18 9 12 1
0 2 26 18 10 12 1
0 5 25 18 16 12 1
0 2 25 18 16 13 1
0 2 25 18 16 14 1
0 2 25 18 16 15 1
0 2 25 18 16 16 1
0 2 25 18 16 17 1
0 2 26 18 17 12 1
0 2 26 18 17 13 1
0 2 14 18 17 14 1
0 2 25 18 17 15 1
0 2 25 18 17 16 1
0 6 3 18 18 12 1
0 6 3 18 18 12 2
0 6 14 18 18 13 1
0 6 25 18 18 14 1
0 6 25 18 18 15 1
0 6 24 18 18 16 1
0 6 11 18 18 17 1
0 9 2 18 19 12 1
0 9 4 18 19 12 2
0 9 0 18 19 13 1
0 9 3 18 19 13 2
0 9 14 18 19 14 1
0 9 25 18 19 15 1
0 9 23 18 19 16 1
0 9 11 18 19 17 1
0 9 10 18 19 18 1
0 9 21 18 19 19 1
0 2 26 18 20 12 1
0 2 26 18 20 13 1
0 2 26 18 20 14 1
0 5 25 18 21 12 1
0 4 25 18 21 13 1
0 7 0 18 1 2 1
0 7 0 18 1 2 2
0 2 3 18 3 1 1
0 2 3 18 3 1 2
0 2 13 18 3 2 1
0 2 13 18 3 3 1
0 2 24 18 3 4 1
0 2 24 18 3 5 1
0 2 24 18 3 6 1
0 2 24 18 3 7 1
0 2 24 18 3 8 1
0 2 23 18 3 9 1
0 2 0 18 4 1 1
0 2 4 18 4 1 2
0 2 26 18 4 2 1
0 2 25 18 4 3 1
0 2 25 18 4 4 1
0 6 13 18 5 1 1
0 8 25 18 6 1 1
0 8 25 18 6 2 1
0 8 25 18 6 3 1
0 8 24 18 6 4 1
0 8 24 18 7 1 1
0 1 3 18 8 1 1
0 1 4 18 8 1 2
0 1 3 18 8 2 1
0 1 4 18 8 2 2
0 1 2 18 8 3 1
0 1 3 18 8 3 2
0 1 1 18 8 4 1
0 1 3 18 8 4 2
0 1 13 18 8 5 1
0 1 24 18 8 6 1
0 1 12 18 8 7 1
0 1 23 18 8 8 1
0 1 21 18 8 9 1
0 6 0 18 9 1 1
0 6 3 18 9 1 2
0 6 0 18 9 2 1
0 6 3 18 9 2 2
0 6 23 18 9 3 1
0 6 23 18 9 4 1
0 6 23 18 9 5 1
0 6 22 18 9 6 1
0 6 22 18 9 7 1
0 6 22 18 9 8 1
0 6 22 18 9 9 1
0 6 24 18 10 1 1
0 6 24 18 10 2 1
0 6 24 18 10 3 1
0 6 23 18 10 4 1
0 6 22 18 10 5 1
0 10 22 18 11 1 1
0 11 11 18 11 2 1
0 11 11 18 11 3 1
0 11 11 18 11 4 1
0 11 11 18 11 5 1
0 11 11 18 11 6 1
0 11 11 18 11 7 1
0 11 22 18 11 8 1
0 11 21 18 11 9 1
0 5 2 18 13 1 1
0 5 3 18 13 1 2
0 5 26 18 13 2 1
0 5 14 18 13 3 1
0 5 14 18 13 4 1
0 5 14 18 13 5 1
0 5 14 18 13 6 1
0 5 14 18 13 7 1
0 5 14 18 13 8 1
0 5 23 18 13 9 1
0 2 26 18 14 1 1
0 2 26 18 14 2 1
0 2 25 18 14 3 1
0 10 3 18 15 1 1
0 10 4 18 15 1 2
0 10 3 18 15 2 1
0 10 3 18 15 2 2
0 10 15 18 15 3 1
0 10 15 18 15 4 1
0 10 15 18 15 5 1
0 10 15 18 15 6 1
0 10 15 18 15 7 1
0 10 26 18 15 8 1
0 2 15 18 15 9 1
0 2 15 18 15 10 1
0 10 25 18 16 1 1
0 5 25 18 16 2 1
0 5 25 18 16 3 1
0 5 25 18 16 4 1
0 5 25 18 16 5 1
0 5 21 18 16 6 1
0 10 25 18 17 1 1
0 11 25 18 17 2 1
0 11 25 18 17 3 1
0 11 25 18 17 4 1
0 11 24 18 17 5 1
0 9 14 18 18 1 1
0 2 25 18 18 2 1
0 2 25 18 18 3 1
0 2 25 18 18 4 1
0 2 25 18 18 5 1
0 5 25 18 19 2 1
0 8 14 18 19 3 1
0 8 25 18 19 4 1
0 8 13 18 19 5 1
0 8 24 18 19 6 1
0 8 23 18 19 7 1
0 8 11 18 19 8 1
0 11 25 18 20 2 1
0 11 25 18 20 3 1
0 11 13 18 20 4 1
0 11 24 18 20 5 1
0 6 26 19 6 12 1
0 2 26 19 8 12 1
0 11 11 19 9 12 1
0 11 11 19 9 13 1
0 11 11 19 9 14 1
0 11 22 19 9 15 1
0 11 22 19 9 16 1
0 11 22 19 9 17 1
0 11 22 19 9 18 1
0 11 10 19 9 19 1
0 2 26 19 10 12 1
0 2 25 19 11 12 1
0 2 25 19 12 12 1
0 6 25 19 16 12 1
0 6 14 19 16 13 1
0 6 25 19 17 12 1
0 7 1 19 18 12 1
0 7 1 19 18 12 2
0 10 25 19 19 12 1
0 6 25 19 20 12 1
0 2 25 19 20 13 1
0 2 26 19 21 12 1
0 7 2 19 2 2 1
0 7 3 19 2 2 2
0 7 23 19 2 3 1
0 7 21 19 2 4 1
0 7 21 19 2 5 1
0 11 12 19 4 2 1
0 11 23 19 4 3 1
0 11 23 19 4 4 1
0 11 23 19 4 5 1
0 11 23 19 4 6 1
0 11 11 19 4 7 1
0 11 22 19 4 8 1
0 11 22 19 4 9 1
0 9 26 19 6 2 1
0 1 3 19 7 2 1
0 1 3 19 7 2 2
0 1 3 19 7 3 1
0 1 3 19 7 3 2
0 1 2 19 7 4 1
0 1 3 19 7 4 2
0 1 14 19 7 5 1
0 1 25 19 7 6 1
0 1 25 19 7 7 1
0 1 22 19 7 8 1
0 5 3 19 9 2 1
0 5 4 19 9 2 2
0 5 26 19 9 3 1
0 5 22 19 9 4 1
0 5 22 19 9 5 1
0 5 22 19 9 6 1
0 11 14 19 10 2 1
0 11 13 19 10 3 1
0 11 12 19 10 4 1
0 11 12 19 10 5 1
0 11 12 19 10 6 1
0 11 12 19 10 7 1
0 11 11 19 10 8 1
0 11 22 19 10 9 1
0 11 10 19 10 10 1
0 6 0 19 11 2 1
0 6 0 19 11 2 2
0 4 0 19 11 3 1
0 4 0 19 11 3 2
0 4 10 19 11 4 1
0 4 21 19 11 5 1
0 2 26 19 12 2 1
0 2 26 19 12 3 1
0 2 26 19 12 4 1
0 6 13 19 13 2 1
0 11 12 19 13 3 1
0 11 12 19 13 4 1
0 11 12 19 13 5 1
0 11 11 19 13 6 1
0 11 11 19 13 7 1
0 11 22 19 13 8 1
0 11 10 19 13 9 1
0 11 10 19 13 10 1
0 10 24 19 14 2 1
0 11 23 19 15 2 1
0 11 23 19 15 3 1
0 11 23 19 15 4 1
0 11 23 19 15 5 1
0 11 11 19 15 6 1
0 11 11 19 15 7 1
0 11 22 19 15 8 1
0 11 22 19 15 9 1
0 10 3 19 16 2 1
0 10 3 19 16 2 2
0 10 14 19 16 3 1
0 10 25 19 16 4 1
0 10 23 19 16 5 1
0 10 23 19 17 2 1
0 10 26 19 19 2 1
0 10 26 19 19 3 1
0 10 25 19 19 4 1
0 10 25 19 19 5 1
0 10 25 19 19 6 1
0 10 25 19 19 7 1
0 10 25 19 19 8 1
0 10 25 19 19 9 1
0 3 21 19 20 3 1
0 3 21 19 20 4 1
0 3 21 19 20 5 1
0 3 21 19 20 6 1
0 11 24 20 0 12 1
0 11 12 20 0 13 1
0 11 23 20 0 14 1
0 11 23 20 0 15 1
0 11 23 20 0 16 1
0 11 11 20 0 17 1
0 11 22 20 0 18 1
0 11 22 20 0 19 1
0 6 25 20 1 12 1
0 6 25 20 1 13 1
0 6 25 20 1 14 1
0 6 23 20 1 15 1
0 6 23 20 1 16 1
0 10 23 20 3 12 1
0 10 26 20 5 12 1
0 11 24 20 5 13 1
0 11 24 20 5 14 1
0 11 12 20 5 15 1
0 11 23 20 5 16 1
0 11 23 20 5 17 1
0 11 23 20 5 18 1
0 11 11 20 5 19 1
0 2 25 20 7 12 1
0 2 25 20 7 13 1
0 2 25 20 7 14 1
0 1 26 20 9 12 1
0 6 14 20 10 12 1
0 2 25 20 10 13 1
0 2 4 20 18 12 1
0 2 4 20 18 12 2
0 2 4 20 18 13 1
0 2 4 20 18 13 2
0 2 4 20 18 14 1
0 2 4 20 18 14 2
0 4 15 20 18 15 1
0 4 15 20 18 16 1
0 2 25 20 18 17 1
0 11 24 20 21 12 1
0 11 24 20 21 13 1
0 11 12 20 21 14 1
0 11 12 20 21 15 1
0 11 23 20 21 16 1
0 11 23 20 21 17 1
0 11 11 20 21 18 1
0 11 11 20 21 19 1
0 11 0 20 2 4 1
0 11 0 20 2 4 2
0 11 0 20 2 5 1
0 11 0 20 2 5 2
0 11 11 20 2 6 1
0 11 11 20 2 7 1
0 11 22 20 2 8 1
0 11 10 20 2 9 1
0 11 15 20 4 3 1
0 2 14 20 6 3 1
0 2 25 20 6 4 1
0 5 25 20 6 5 1
0 10 15 20 7 2 1
0 10 15 20 7 3 1
0 10 26 20 7 4 1
0 10 26 20 7 5 1
0 10 14 20 7 6 1
0 10 14 20 7 7 1
0 10 25 20 7 8 1
0 10 25 20 7 9 1
0 10 26 20 8 2 1
0 10 26 20 8 3 1
0 10 25 20 8 4 1
0 10 25 20 8 5 1
0 10 25 20 8 6 1
0 10 25 20 8 7 1
0 10 25 20 8 8 1
0 10 25 20 8 9 1
0 6 13 20 9 2 1
0 2 15 20 10 2 1
0 2 26 20 10 3 1
0 2 26 20 10 4 1
0 2 26 20 10 5 1
0 2 26 20 10 6 1
0 2 26 20 10 7 1
0 2 26 20 10 8 1
0 2 26 20 10 9 1
0 11 15 20 11 2 1
0 11 24 20 11 3 1
0 11 24 20 11 4 1
0 11 23 20 11 5 1
0 11 23 20 11 6 1
0 11 23 20 11 7 1
0 11 23 20 11 8 1
0 11 23 20 11 9 1
0 11 25 20 12 2 1
0 11 24 20 12 3 1
0 11 24 20 12 4 1
0 11 24 20 12 5 1
0 11 23 20 12 6 1
0 11 23 20 12 7 1
0 11 23 20 12 8 1
0 11 23 20 12 9 1
0 10 3 20 14 2 1
0 10 3 20 14 2 2
0 10 15 20 14 3 1
0 10 15 20 14 4 1
0 10 14 20 14 5 1
0 10 14 20 14 6 1
0 10 14 20 14 7 1
0 10 25 20 14 8 1
0 10 13 20 14 9 1
0 10 13 20 14 10 1
0 5 25 20 15 3 1
0 5 13 20 15 4 1
0 5 12 20 15 5 1
0 11 24 20 16 3 1
0 11 24 20 16 4 1
0 11 23 20 16 5 1
0 11 23 20 16 6 1
0 11 11 20 16 7 1
0 11 11 20 16 8 1
0 11 22 20 16 9 1
0 11 14 20 17 3 1
0 11 13 20 17 4 1
0 11 12 20 17 5 1
0 11 23 20 17 6 1
0 11 11 20 17 7 1
0 11 11 20 17 8 1
0 11 11 20 17 9 1
0 11 11 20 17 10 1
0 5 2 20 19 4 1
0 5 3 20 19 4 2
0 9 25 20 19 5 1
0 11 25 20 19 6 1
0 5 25 20 20 4 1
0 1 14 21 0 12 1
0 5 14 21 1 12 1
0 2 26 21 2 12 1
0 5 22 21 3 12 1
0 1 26 21 4 12 1
0 2 26 21 4 13 1
0 2 26 21 5 12 1
0 9 21 21 1 5 1
0 4 13 21 2 4 1
0 10 10 21 3 4 1
0 2 25 21 4 4 1
0 4 24 21 5 3 1
0 4 24 21 9 3 1
0 4 24 21 9 4 1
0 4 11 21 9 5 1
0 4 11 21 9 6 1
0 4 11 21 9 7 1
0 4 10 21 9 8 1
0 4 10 21 9 9 1
0 7 0 21 11 3 1
0 7 3 21 11 3 2
0 7 24 21 11 4 1
0 7 22 21 11 5 1
0 5 22 21 11 6 1
0 5 21 21 11 7 1
0 9 22 21 15 3 1
0 4 24 21 16 3 1
0 4 24 21 16 4 1
0 4 24 21 16 5 1
0 4 22 21 16 6 1
0 4 21 21 16 7 1
0 4 24 21 17 4 1
0 4 23 21 17 5 1
0 4 22 21 17 6 1
0 4 22 21 17 7 1
0 2 26 22 0 12 1
0 2 26 22 2 12 1
0 1 12 22 3 12 1
0 2 15 22 5 12 1
0 2 0 22 6 12 1
0 2 4 22 6 12 2
0 2 25 22 6 13 1
0 2 4 22 7 12 1
0 2 4 22 7 12 2
0 2 26 22 7 13 1
0 2 26 22 7 14 1
0 2 26 22 7 15 1
0 2 25 22 7 16 1
0 2 25 22 7 17 1
0 2 25 22 7 18 1
0 2 12 22 7 19 1
0 2 26 22 8 12 1
0 2 25 22 8 13 1
0 2 3 22 9 12 1
0 2 3 22 9 12 2
0 2 25 22 9 13 1
0 2 26 22 10 12 1
0 2 14 22 10 13 1
0 2 25 22 10 14 1
0 2 10 22 10 15 1
0 2 26 22 12 12 1
0 2 26 22 13 12 1
0 8 26 22 14 12 1
0 8 24 22 14 13 1
0 8 24 22 14 14 1
0 8 12 22 14 15 1
0 8 23 22 14 16 1
0 8 11 22 14 17 1
0 7 22 22 14 18 1
0 7 22 22 14 19 1
0 5 14 22 16 12 1
0 4 12 22 17 12 1
0 5 1 22 18 12 1
0 5 2 22 18 12 2
0 5 25 22 18 13 1
0 5 12 22 18 14 1
0 5 22 22 18 15 1
0 5 14 22 19 12 1
0 10 25 22 20 12 1
0 10 25 22 20 13 1
0 10 22 22 20 14 1
0 10 10 22 20 15 1
0 5 22 22 21 12 1
0 5 10 22 1 6 1
0 5 10 22 1 7 1
0 10 24 22 2 5 1
0 2 22 22 2 6 1
0 2 15 22 3 5 1
0 2 13 22 3 6 1
0 11 0 22 4 5 1
0 11 0 22 4 5 2
0 11 0 22 4 6 1
0 11 0 22 4 6 2
0 11 0 22 4 7 1
0 11 0 22 4 7 2
0 11 0 22 4 8 1
0 11 0 22 4 8 2
0 11 11 22 4 9 1
0 11 11 22 4 10 1
0 2 1 22 5 5 1
0 2 3 22 5 5 2
0 2 25 22 5 6 1
0 2 26 22 6 4 1
0 2 25 22 7 4 1
0 4 2 22 8 4 1
0 4 3 22 8 4 2
0 4 2 22 8 5 1
0 4 3 22 8 5 2
0 4 0 22 8 6 1
0 4 3 22 8 6 2
0 4 14 22 8 7 1
0 4 14 22 8 8 1
0 4 23 22 8 9 1
0 4 11 22 8 10 1
0 7 2 22 10 4 1
0 7 4 22 10 4 2
0 7 24 22 10 5 1
0 5 22 22 10 6 1
0 7 24 22 11 4 1
0 11 24 22 11 5 1
0 11 24 22 11 6 1
0 11 24 22 11 7 1
0 11 24 22 11 8 1
0 11 24 22 11 9 1
0 9 11 22 15 4 1
0 5 26 22 16 5 1
0 5 1 22 18 5 1
0 5 3 22 18 5 2
0 5 25 22 18 6 1
0 7 25 22 20 6 1
0 5 22 22 20 7 1
0 9 14 23 12 12 1
0 9 26 23 13 12 1
0 1 25 23 14 12 1
0 1 25 23 14 13 1
0 1 24 23 14 14 1
0 1 23 23 14 15 1
0 9 26 23 15 12 1
0 2 26 23 15 13 1
0 5 10 23 16 12 1
0 10 3 23 17 12 1
0 10 3 23 17 12 2
0 10 26 23 17 13 1
0 10 25 23 17 14 1
0 10 25 23 17 15 1
0 10 25 23 17 16 1
0 10 25 23 17 17 1
0 10 25 23 17 18 1
0 10 25 23 17 19 1
0 1 25 23 18 12 1
0 11 11 23 18 13 1
0 11 11 23 18 14 1
0 11 11 23 18 15 1
0 11 11 23 18 16 1
0 1 11 23 19 12 1
0 1 22 23 19 13 1
0 1 22 23 19 14 1
0 1 22 23 19 15 1
0 1 22 23 19 16 1
0 1 10 23 19 17 1
0 1 21 23 19 18 1
0 1 21 23 19 19 1
0 1 2 23 3 6 1
0 1 2 23 3 6 2
0 9 11 23 3 7 1
0 9 11 23 5 6 1
0 10 22 23 6 5 1
0 10 21 23 8 5 1
0 4 22 23 11 5 1
0 1 11 23 11 6 1
0 1 22 23 11 7 1
0 1 22 23 11 8 1
0 4 22 23 11 9 1
0 4 3 23 12 5 1
0 4 4 23 12 5 2
0 4 3 23 12 6 1
0 4 3 23 12 6 2
0 4 0 23 12 7 1
0 4 3 23 12 7 2
0 4 11 23 12 8 1
0 4 11 23 12 9 1
0 4 22 23 12 10 1
0 4 23 23 13 5 1
0 4 11 23 13 6 1
0 9 21 23 13 7 1
0 2 15 23 14 5 1
0 9 25 23 14 6 1
0 2 14 23 14 7 1
0 2 25 23 14 8 1
0 2 21 23 14 9 1
0 2 26 23 15 5 1
0 2 26 23 15 6 1
0 1 11 23 16 6 1
0 1 3 23 17 6 1
0 1 4 23 17 6 2
0 1 3 23 17 7 1
0 1 3 23 17 7 2
0 1 3 23 17 8 1
0 1 3 23 17 8 2
0 1 2 23 17 9 1
0 1 3 23 17 9 2
0 1 26 23 17 10 1
0 3 26 23 18 6 1
0 3 24 23 18 7 1
0 7 4 23 19 7 1
0 7 4 23 19 7 2
0 3 22 23 19 8 1
0 1 21 23 20 7 1
0 1 3
0 1 13
0 1 3
0 1 22
0 1 26
0 1 15
0 1 1
0 1 21
0 1 0
0 1 2
0 1 22
0 1 26
0 1 21
0 1 22
0 1 22
0 1 23
0 1 1
0 1 4
0 1 23
0 1 10
0 1 29
0 1 23
0 1 2
0 1 24
0 1 13
0 1 14
0 1 3
0 1 3
0 1 25
0 1 2
0 1 15
0 1 4
0 1 14
0 1 2
0 1 2
0 1 11
0 1 25
0 1 14
0 1 2
0 1 23
0 1 2
0 1 22
0 1 22
0 1 23
0 1 24
0 1 4
0 1 15
0 1 24
0 1 24
0 1 12
0 1 14
0 1 3
0 1 21
0 1 1
0 1 14
0 1 23
0 1 24
0 1 24
0 1 3
0 1 3
0 1 3
0 1 12
0 1 22
0 1 3
0 1 4
0 1 22
0 1 22
0 1 11
0 1 3
0 1 24
0 1 26
0 1 3
0 1 12
0 1 21
0 1 14
0 1 26
0 1 3
0 1 22
0 1 22
0 1 23
0 1 14
0 1 3
0 1 25
0 1 3
0 1 12
0 1 24
0 1 3
0 1 10
0 1 3
0 1 13
0 1 13
0 1 26
0 1 3
0 1 25
0 1 24
0 1 15
0 1 23
0 1 13
0 1 22
0 1 23
0 1 22
0 1 26
0 1 4
0 1 15
0 1 12
0 1 24
0 1 23
0 1 23
0 1 22
0 1 0
0 1 21
0 1 2
0 1 14
0 1 22
0 1 25
0 1 24
0 1 3
0 1 30
0 1 13
0 1 15
0 1 13
0 1 23
0 1 3
0 1 3
0 1 22
0 1 0
0 1 23
0 1 12
0 1 22
0 1 24
0 1 24
0 1 2
0 1 22
0 1 3
0 1 11
0 1 26
0 1 3
0 1 3
0 1 23
0 1 3
0 1 0
0 1 30
0 1 23
0 1 12
0 1 3
0 1 3
0 1 3
0 1 2
0 1 22
0 1 23
0 1 23
0 1 22
0 1 21
0 1 4
0 1 2
0 1 21
0 1 21
0 1 22
0 1 3
0 1 24
0 1 21
0 1 4
0 1 21
0 1 21
0 1 13
0 1 11
0 1 13
0 1 11
0 1 2
0 1 3
0 1 22
0 1 23
0 1 26
0 1 26
0 1 13
0 1 22
0 1 22
0 1 3
0 1 10
0 1 21
0 1 0
0 1 22
0 1 25
0 1 23
0 1 24
0 1 13
0 1 1
0 1 22
0 1 13
0 1 23
0 1 22
0 1 23
0 1 0
0 1 2
0 1 25
0 1 23
0 1 0
0 1 15
0 1 21
0 1 3
0 1 22
0 1 22
0 1 3
0 1 11
0 1 4
0 1 2
0 1 23
0 1 2
0 1 3
0 1 4
0 1 14
0 1 15
0 1 3
0 1 24
0 1 21
0 1 4
0 1 30
0 1 0
0 1 1
0 1 14
0 1 23
0 1 21
0 1 2
0 1 3
0 1 22
0 1 2
0 1 26
0 1 24
0 1 3
0 1 12
0 1 25
0 1 23
0 1 13
0 1 22
0 1 3
0 1 21
0 1 3
0 1 13
0 1 22
0 1 24
0 1 25
0 1 2
0 1 23
0 1 3
0 1 23
0 1 23
0 1 22
0 1 1
0 1 3
0 1 22
0 1 11
0 1 3
0 1 3
0 1 3
0 1 22
0 1 26
0 1 22
0 1 0
0 1 23
0 1 2
0 1 15
0 1 2
0 1 28
0 1 4
0 1 23
0 1 3
0 1 26
0 1 3
0 1 2
0 1 3
0 1 2
0 1 11
0 1 4
0 1 21
0 1 23
0 1 22
0 1 26
0 2 14
0 2 15
0 2 14
0 2 14
0 2 14
0 2 14
0 2 25
0 2 25
0 2 25
0 2 14
0 2 15
0 2 25
0 2 2
0 2 25
0 2 4
0 2 3
0 2 30
0 2 25
0 2 14
0 2 15
0 2 25
0 2 14
0 2 25
0 2 2
0 2 25
0 2 15
0 2 14
0 2 3
0 2 25
0 2 14
0 2 14
0 2 14
0 2 15
0 2 31
0 2 2
0 2 2
0 2 25
0 2 14
0 2 25
0 2 14
0 2 31
0 2 25
0 2 4
0 2 25
0 2 30
0 2 25
0 2 25
0 2 30
0 2 4
0 2 14
0 2 3
0 2 2
0 2 25
0 2 25
0 2 25
0 2 4
0 2 14
0 2 3
0 2 14
0 2 25
0 2 2
0 2 25
0 2 3
0 2 25
0 2 14
0 2 25
0 2 25
0 2 15
0 2 4
0 2 25
0 2 25
0 2 25
0 2 25
0 2 25
0 2 25
0 2 14
0 2 15
0 2 2
0 2 15
0 3 0
0 3 3
0 3 15
0 3 22
0 3 24
0 3 13
0 3 23
0 3 13
0 3 23
0 3 4
0 3 4
0 3 15
0 3 3
0 3 22
0 3 25
0 3 24
0 3 3
0 3 25
0 3 23
0 3 25
0 3 24
0 3 25
0 3 3
0 3 23
0 3 3
0 3 3
0 3 4
0 3 24
0 3 4
0 3 21
0 3 3
0 3 26
0 3 13
0 3 24
0 3 3
0 3 3
0 3 4
0 3 10
0 3 23
0 3 1
0 3 25
0 3 25
0 3 3
0 3 0
0 3 14
0 3 4
0 3 22
0 3 24
0 3 25
0 3 22
0 3 24
0 3 3
0 3 23
0 3 2
0 3 24
0 3 2
0 3 10
0 3 23
0 3 24
0 3 24
0 3 25
0 3 13
0 3 4
0 3 23
0 3 2
0 3 12
0 3 3
0 3 26
0 3 23
0 3 4
0 3 24
0 3 2
0 3 12
0 3 13
0 3 25
0 3 3
0 3 2
0 3 4
0 3 25
0 3 3
0 3 3
0 3 21
0 3 22
0 3 4
0 3 22
0 3 3
0 3 24
0 3 4
0 3 24
0 3 4
0 3 12
0 3 22
0 3 24
0 3 4
0 3 4
0 3 3
0 3 23
0 3 4
0 3 22
0 3 25
0 3 14
0 3 3
0 3 24
0 3 22
0 3 12
0 3 3
0 3 23
0 3 24
0 3 4
0 3 4
0 3 23
0 3 3
0 3 4
0 3 2
0 3 21
0 3 10
0 3 4
0 3 4
0 3 22
0 3 12
0 3 25
0 3 1
0 3 22
0 3 24
0 3 3
0 3 24
0 3 23
0 3 0
0 3 3
0 3 14
0 3 23
0 3 24
0 3 23
0 3 22
0 3 15
0 3 4
0 3 11
0 3 4
0 3 3
0 3 24
0 3 4
0 3 15
0 3 25
0 3 3
0 3 22
0 3 3
0 3 3
0 3 24
0 3 22
0 3 23
0 3 24
0 3 3
0 3 23
0 3 11
0 3 0
0 3 24
0 3 23
0 3 1
0 3 4
0 3 3
0 3 25
0 3 22
0 3 23
0 3 21
0 3 11
0 3 3
0 3 4
0 3 3
0 3 12
0 3 25
0 3 3
0 3 24
0 3 25
0 3 21
0 3 3
0 3 13
0 3 13
0 3 3
0 3 23
0 3 4
0 3 24
0 3 3
0 3 23
0 3 24
0 4 2
0 4 11
0 4 22
0 4 14
0 4 2
0 4 3
0 4 22
0 4 23
0 4 10
0 4 22
0 4 23
0 4 3
0 4 3
0 4 1
0 4 22
0 4 3
0 4 23
0 4 12
0 4 24
0 4 3
0 4 23
0 4 3
0 4 11
0 4 24
0 4 15
0 4 11
0 4 3
0 4 23
0 4 0
0 4 2
0 4 21
0 4 11
0 4 10
0 4 24
0 4 11
0 4 23
0 4 2
0 4 24
0 4 11
0 4 14
0 4 23
0 4 23
0 4 12
0 4 10
0 4 24
0 4 22
0 4 23
0 4 15
0 4 4
0 4 2
0 4 2
0 4 2
0 4 22
0 4 12
0 4 3
0 4 22
0 4 23
0 4 2
0 4 24
0 4 1
0 4 2
0 4 3
0 4 14
0 4 0
0 4 23
0 4 0
0 4 25
0 4 22
0 4 3
0 4 14
0 4 3
0 4 12
0 4 24
0 4 13
0 4 23
0 4 15
0 4 15
0 4 21
0 4 0
0 4 3
0 4 14
0 4 2
0 4 2
0 4 13
0 4 23
0 4 11
0 4 4
0 4 24
0 4 25
0 4 23
0 4 12
0 4 22
0 4 12
0 4 11
0 4 12
0 4 13
0 4 23
0 4 2
0 4 22
0 4 11
0 4 0
0 4 3
0 4 3
0 4 11
0 4 22
0 4 21
0 4 0
0 4 10
0 4 13
0 4 10
0 4 2
0 4 11
0 4 0
0 4 23
0 4 25
0 4 29
0 4 11
0 4 3
0 4 13
0 4 3
0 4 13
0 4 14
0 4 23
0 4 2
0 4 13
0 4 14
0 4 22
0 4 23
0 4 10
0 4 22
0 4 11
0 4 14
0 4 15
0 4 15
0 4 0
0 4 10
0 4 3
0 4 12
0 4 22
0 4 11
0 4 1
0 4 12
0 4 10
0 4 14
0 4 13
0 4 1
0 4 2
0 4 14
0 4 2
0 4 1
0 4 24
0 4 23
0 4 14
0 4 23
0 4 22
0 4 25
0 4 2
0 4 3
0 4 14
0 4 1
0 4 24
0 4 3
0 4 12
0 4 3
0 4 23
0 4 22
0 4 22
0 4 3
0 4 24
0 4 0
0 4 3
0 4 22
0 4 13
0 4 12
0 4 1
0 4 12
0 4 21
0 4 23
0 4 3
0 4 0
0 4 2
0 4 14
0 4 3
0 4 0
0 4 23
0 4 13
0 4 12
0 4 24
0 4 14
0 4 22
0 4 3
0 4 11
0 4 25
0 4 4
0 4 23
0 4 3
0 4 23
0 4 22
0 4 13
0 4 1
0 4 23
0 4 4
0 4 23
0 4 21
0 4 2
0 4 12
0 4 3
0 4 11
0 4 3
0 4 25
0 4 10
0 4 11
0 4 10
0 4 21
0 4 0
0 4 1
0 4 13
0 4 3
0 4 22
0 4 0
0 4 1
0 4 24
0 4 3
0 4 2
0 4 25
0 4 3
0 4 3
0 4 3
0 4 14
0 4 23
0 4 14
0 4 23
0 4 23
0 4 6
0 4 11
0 4 22
0 4 23
0 4 21
0 4 1
0 4 23
0 4 24
0 4 4
0 4 25
0 4 23
0 4 3
0 4 23
0 4 0
0 4 11
0 4 3
0 4 14
0 4 14
0 4 23
0 4 22
0 4 23
0 4 23
0 4 13
0 4 22
0 4 22
0 4 3
0 4 3
0 4 24
0 4 11
0 4 23
0 4 14
0 4 3
0 4 3
0 4 10
0 4 12
0 4 22
0 4 23
0 4 13
0 4 22
0 4 23
0 4 11
0 4 22
0 4 22
0 4 3
0 4 4
0 4 24
0 4 23
0 4 25
0 4 11
0 4 23
0 4 14
0 4 2
0 4 1
0 4 11
0 4 11
0 4 14
0 4 22
0 4 0
0 4 11
0 4 14
0 5 23
0 5 14
0 5 26
0 5 14
0 5 26
0 5 3
0 5 25
0 5 25
0 5 15
0 5 25
0 5 25
0 5 25
0 5 31
0 5 25
0 5 12
0 5 25
0 5 4
0 5 14
0 5 25
0 5 14
0 5 22
0 5 26
0 5 22
0 5 25
0 5 25
0 5 25
0 5 25
0 5 26
0 5 25
0 5 25
0 5 26
0 5 3
0 5 11
0 5 31
0 5 15
0 5 26
0 5 25
0 5 31
0 5 25
0 5 4
0 5 26
0 5 15
0 5 14
0 5 14
0 5 25
0 5 4
0 5 22
0 5 25
0 5 25
0 5 25
0 5 31
0 5 26
0 5 26
0 5 25
0 5 25
0 5 25
0 5 25
0 5 26
0 5 24
0 5 25
0 5 25
0 5 25
0 5 26
0 5 25
0 5 26
0 5 26
0 5 24
0 5 0
0 5 3
0 5 15
0 5 22
0 5 26
0 5 25
0 5 30
0 5 22
0 5 26
0 5 25
0 5 25
0 5 26
0 5 31
0 5 13
0 5 25
0 5 26
0 5 25
0 5 26
0 5 26
0 5 23
0 5 14
0 5 26
0 5 3
0 5 26
0 5 30
0 5 30
0 5 25
0 5 26
0 5 21
0 5 23
0 5 31
0 5 25
0 5 26
0 5 25
0 5 25
0 5 25
0 5 15
0 5 26
0 5 31
0 5 25
0 5 26
0 5 25
0 5 25
0 5 31
0 5 0
0 5 11
0 5 26
0 5 21
0 5 26
0 5 12
0 5 25
0 5 3
0 5 15
0 5 26
0 5 31
0 5 26
0 5 15
0 5 26
0 5 15
0 5 23
0 5 26
0 5 25
0 5 25
0 5 26
0 5 25
0 5 4
0 5 25
0 5 22
0 5 26
0 5 25
0 5 3
0 5 3
0 5 25
0 5 25
0 5 26
0 5 24
0 5 26
0 5 25
0 5 14
0 5 25
0 5 26
0 5 21
0 5 21
0 5 26
0 5 25
0 5 3
0 5 25
0 5 25
0 5 14
0 5 25
0 5 13
0 5 25
0 5 25
0 5 26
0 5 15
0 5 25
0 5 13
0 5 25
0 5 25
0 5 3
0 5 3
0 5 26
0 5 25
0 5 31
0 5 26
0 5 13
0 5 25
0 5 26
0 5 25
0 5 14
0 5 2
0 5 26
0 5 25
0 5 25
0 5 26
0 5 25
0 5 25
0 5 25
0 5 26
0 5 25
0 5 3
0 5 26
0 5 25
0 5 14
0 5 3
0 5 14
0 5 30
0 5 26
0 5 25
0 5 26
0 5 25
0 5 3
0 5 26
0 5 15
0 5 26
0 5 25
0 5 4
0 5 26
0 5 25
0 5 26
0 5 25
0 5 26
0 5 26
0 5 26
0 5 25
0 5 14
0 5 25
0 5 26
0 5 25
0 5 14
0 5 21
0 5 25
0 5 25
0 5 26
0 5 25
0 5 26
0 5 3
0 5 12
0 5 26
0 5 3
0 5 24
0 5 4
0 5 26
0 5 26
0 5 3
0 5 25
0 5 25
0 5 25
0 5 26
0 5 26
0 5 10
0 5 25
0 5 4
0 5 25
0 5 25
0 5 25
0 5 25
0 5 26
0 5 26
0 5 3
0 5 25
0 5 25
0 5 22
0 5 14
0 5 26
0 5 3
0 5 14
0 5 21
0 5 14
0 5 25
0 5 25
0 5 31
0 5 26
0 5 30
0 5 26
0 5 26
0 5 14
0 5 23
0 5 3
0 5 25
0 5 31
0 5 25
0 5 25
0 5 14
0 5 15
0 5 26
0 5 25
0 5 14
0 5 25
0 5 24
0 5 25
0 5 26
0 5 3
0 5 22
0 5 25
0 5 25
0 5 24
0 5 25
0 5 26
0 5 30
0 5 26
0 5 25
0 5 25
0 5 3
0 5 14
0 5 25
0 5 25
0 5 25
0 5 31
0 5 26
0 5 14
0 5 14
0 5 30
0 5 25
0 5 14
0 5 26
0 5 26
0 5 25
0 5 4
0 5 4
0 5 26
0 5 26
0 5 25
0 5 14
0 5 23
0 5 25
0 5 31
0 5 14
0 5 25
0 5 25
0 5 26
0 5 25
0 5 31
0 5 4
0 5 4
0 5 26
0 5 25
0 5 12
0 5 4
0 5 4
0 5 26
0 5 25
0 5 25
0 5 31
0 5 3
0 5 25
0 5 21
0 5 31
0 5 11
0 5 26
0 5 26
0 5 25
0 5 25
0 5 14
0 5 25
0 5 4
0 5 4
0 5 4
0 5 11
0 5 25
0 5 23
0 5 25
0 5 14
0 5 13
0 5 25
0 5 4
0 5 25
0 5 26
0 5 30
0 5 22
0 5 26
0 5 25
0 5 26
0 5 25
0 5 26
0 5 25
0 5 14
0 5 25
0 5 26
0 5 23
0 5 4
0 5 3
0 5 3
0 5 26
0 5 24
0 5 15
0 5 25
0 5 25
0 5 4
0 5 12
0 5 26
0 5 26
0 5 15
0 5 14
0 5 26
0 5 4
0 5 10
0 5 21
0 5 26
0 5 25
0 5 14
0 5 26
0 5 26
0 5 2
0 5 21
0 5 14
0 5 25
0 5 3
0 5 30
0 5 25
0 5 25
0 5 14
0 5 14
0 5 31
0 5 26
0 5 30
0 5 26
0 5 25
0 5 11
0 5 25
0 5 25
0 5 26
0 5 26
0 5 25
0 5 25
0 5 26
0 5 25
0 5 25
0 5 26
0 5 23
0 5 4
0 5 25
0 5 25
0 5 12
0 5 26
0 5 26
0 5 3
0 5 26
0 5 31
0 5 25
0 5 3
0 5 25
0 5 25
0 5 15
0 5 26
0 5 14
0 5 26
0 5 25
0 5 25
0 5 25
0 5 25
0 5 25
0 5 13
0 5 30
0 5 25
0 5 25
0 5 24
0 5 25
0 5 3
0 5 25
0 5 25
0 5 25
0 5 25
0 5 31
0 5 26
0 5 25
0 5 25
0 5 25
0 5 25
0 5 3
0 5 4
0 5 25
0 5 26
0 5 26
0 5 26
0 5 14
0 5 26
0 5 26
0 5 26
0 5 30
0 5 3
0 5 25
0 5 14
0 5 23
0 5 25
0 5 25
0 5 26
0 5 26
0 5 0
0 5 3
0 5 0
0 5 31
0 5 25
0 5 25
0 5 26
0 5 21
0 5 23
0 5 15
0 5 26
0 5 25
0 5 25
0 5 15
0 5 31
0 5 25
0 5 11
0 5 15
0 5 11
0 5 26
0 5 26
0 5 23
0 5 31
0 6 3
0 6 3
0 6 1
0 6 23
0 6 11
0 6 11
0 6 3
0 6 21
0 6 24
0 6 26
0 6 24
0 6 25
0 6 26
0 6 25
0 6 11
0 6 0
0 6 10
0 6 23
0 6 26
0 6 25
0 6 25
0 6 24
0 6 3
0 6 3
0 6 23
0 6 25
0 6 23
0 6 22
0 6 11
0 6 22
0 6 3
0 6 23
0 6 3
0 6 23
0 6 22
0 6 0
0 6 23
0 6 21
0 6 23
0 6 0
0 6 24
0 6 23
0 6 10
0 6 3
0 6 24
0 6 2
0 6 3
0 6 3
0 6 3
0 6 1
0 6 23
0 6 22
0 6 11
0 6 3
0 6 14
0 6 21
0 6 26
0 6 14
0 6 3
0 6 3
0 6 25
0 6 26
0 6 26
0 6 0
0 6 3
0 6 3
0 6 22
0 6 0
0 6 0
0 6 23
0 6 3
0 6 23
0 6 12
0 6 14
0 6 23
0 6 3
0 6 2
0 6 26
0 6 2
0 6 2
0 6 25
0 6 23
0 8 2
0 8 3
0 8 3
0 8 3
0 8 4
0 8 22
0 8 3
0 8 26
0 8 3
0 8 3
0 8 3
0 8 15
0 8 3
0 8 3
0 8 2
0 8 25
0 8 22
0 8 3
0 8 23
0 8 3
0 8 3
0 8 26
0 8 13
0 8 25
0 8 2
0 8 25
0 8 14
0 8 25
0 8 3
0 8 25
0 8 4
0 8 4
0 8 2
0 8 3
0 8 4
0 8 25
0 8 22
0 8 22
0 8 3
0 8 3
0 8 3
0 8 3
0 8 3
0 8 4
0 8 4
0 8 14
0 8 23
0 8 3
0 8 11
0 8 4
0 8 12
0 8 4
0 8 3
0 8 4
0 8 25
0 8 3
0 8 21
0 8 3
0 8 24
0 8 3
0 8 3
0 8 22
0 8 4
0 8 23
0 8 2
0 8 15
0 8 3
0 8 23
0 8 4
0 8 3
0 8 12
0 8 25
0 8 12
0 8 3
0 8 4
0 8 22
0 8 3
0 8 26
0 8 3
0 8 26
0 8 10
0 8 4
0 8 4
0 8 12
0 8 3
0 8 22
0 8 3
0 8 2
0 8 3
0 8 25
0 8 3
0 8 3
0 8 25
0 8 3
0 8 3
0 8 14
0 8 3
0 8 3
0 8 2
0 8 13
0 8 11
0 8 3
0 8 14
0 8 22
0 8 3
0 8 25
0 8 14
0 8 22
0 8 3
0 8 25
0 8 12
0 8 2
0 8 4
0 8 3
0 8 4
0 8 3
0 8 2
0 8 23
0 8 4
0 8 2
0 8 4
0 8 4
0 8 21
0 8 4
0 8 3
0 8 4
0 8 3
0 8 25
0 8 3
0 8 25
0 8 3
0 8 2
0 8 25
0 8 3
0 8 26
0 8 23
0 8 25
0 8 25
0 8 3
0 8 3
0 8 4
0 10 2
0 10 2
0 10 2
0 11 14
0 11 12
0 11 23
0 11 22
0 11 13
0 11 21
0 11 23
0 11 22
0 11 23
0 11 24
0 11 23
0 11 13
0 11 14
0 11 14
0 11 0
0 11 13
0 11 25
0 11 23
0 11 14
0 11 1
0 11 25
0 11 23
0 11 14
0 11 1
0 11 12
0 11 12
0 11 3
0 11 2
0 11 25
0 11 12
0 11 22
0 11 3
0 11 13
0 11 12
0 11 23
0 11 2
0 11 22
0 11 10
0 11 3
0 11 23
0 11 10
0 11 21
0 11 10
0 11 13
0 11 0
0 11 25
0 11 22
0 11 28
0 11 12
0 11 24
0 11 26
0 11 24
0 11 24
0 11 0
0 11 12
0 11 22
0 11 23
0 11 10
0 11 14
0 11 3
0 11 14
0 11 11
0 11 26
0 11 21
0 11 23
0 11 23
0 11 23
0 11 12
0 11 23
0 11 15
0 11 21
0 11 23
0 11 11
0 11 23
0 11 13
0 11 24
0 11 2
0 11 22
0 11 11
0 11 10
0 11 22
0 11 0
0 11 14
0 11 2
0 11 12
0 11 14
0 11 11
0 11 0
0 11 12
0 11 22
0 11 13
0 11 13
0 11 2
0 11 14
0 11 21
0 11 1
0 11 12
0 11 22
0 11 3
0 11 0
0 11 21
0 11 24
0 11 23
0 11 23
0 11 3
0 11 4
0 11 11
0 11 22
0 11 21
0 11 24
0 11 23
0 11 10
0 11 12
0 11 2
0 11 13
0 11 23
0 11 23
0 11 0
0 11 23
0 11 21
0 11 1
0 11 11
0 11 21
0 11 22
0 11 25
0 11 23
0 11 14
0 11 25
0 11 23
0 11 25
0 11 21
0 11 24
0 11 12
0 11 13
0 11 23
0 11 23
0 11 22
0 11 21
0 11 22
0 11 23
0 11 22
0 11 24
0 11 4
0 11 24
0 11 11
0 11 11
0 11 14
0 11 3
0 11 24
0 11 11
0 11 24
0 11 23
0 11 10
0 11 21
0 11 25
0 11 29
0 11 23
0 11 24
0 11 24
0 11 22
0 11 24
0 11 21
0 11 23
0 11 15
0 11 22
0 11 1
0 11 12
0 11 22
0 11 12
0 11 14
0 11 22
0 11 25
0 11 13
0 11 0
0 11 23
0 11 2
0 11 23
0 11 13
0 11 4
0 11 13
0 11 23
0 11 3
0 11 30
0 11 12
0 11 11
0 11 4
0 11 23
0 11 13
0 11 11
0 11 12
0 11 14
0 11 11
0 11 24
0 11 15
0 11 12
0 11 1
0 11 2
0 11 11
0 11 21
0 11 24
0 11 24
0 11 10
0 11 23
0 11 24
0 11 13
0 11 23
0 11 10
0 11 21
0 11 24
0 11 22
0 11 13
0 11 3
0 11 21
0 11 13
0 11 14
0 11 13
0 11 11
0 11 25
0 11 2
0 11 3
0 11 25
0 11 12
0 11 25
0 11 23
0 11 21
0 11 24
0 11 3
0 11 24
0 11 10
0 11 25
0 11 15
0 11 11
0 11 23
0 11 11
0 11 10
0 11 25
0 11 0
0 11 15
0 11 22
0 11 13
0 11 21
0 11 23
0 11 13
0 11 21
0 11 11
0 11 0
0 11 15
0 11 24
0 11 21
0 11 11
0 11 24
0 11 24
0 11 22
0 11 24
0 11 14
0 11 11
0 11 23
0 11 3
0 11 12
0 11 22
0 11 30
0 11 22
0 11 2
0 11 12
0 11 10
0 11 30
0 11 3
0 11 24
0 11 24
0 11 24
0 11 11
0 11 0
0 11 3
0 11 0
0 11 22
0 11 22
0 11 30
0 11 11
0 11 24
0 11 1
0 11 14
0 11 28
0 11 14
0 11 22
0 11 12
0 11 25
0 11 1
0 11 3
0 11 23
0 11 15
0 11 10
0 11 1
0 11 14
0 11 0
0 11 13
0 11 3
0 11 22
0 11 15
0 11 22
0 11 15
0 11 23
0 11 24
0 11 24
0 11 11
0 11 25
0 11 15
0 11 30
0 11 23
0 11 11
0 11 24
0 11 4
0 11 25
0 11 25
0 11 3
0 11 22
0 11 13
0 11 23
0 11 11
0 11 14
0 11 24
0 11 25
0 11 21
0 11 21
0 11 2
0 11 22
0 11 23
0 11 24
0 11 23
0 11 11
0 11 12
0 11 0
0 11 14
0 11 11
0 11 12
0 11 21
0 11 23
0 11 12
0 11 10
0 11 22
0 11 1
0 11 14
0 11 24
0 11 12
0 11 12
0 11 22
0 11 24
0 11 0
0 11 3
0 11 23
0 11 3
0 11 22
0 11 2
0 11 0
0 11 24
0 11 23
0 11 1
0 11 23
0 11 25
0 11 12
0 11 12
0 11 13
0 11 0
0 11 13
0 11 2
0 11 23
0 11 23
0 11 14
0 11 22
0 11 21
0 11 0
0 11 22
0 11 24
0 11 24
0 11 14
0 11 23
0 11 0
0 11 2
0 11 10
0 11 1
0 11 0
0 11 3
0 11 12
0 11 11
0 11 3
0 11 29
0 11 14
0 11 10
0 11 11
0 11 23
0 11 23
0 11 15
0 11 12
0 11 30
0 11 10
0 11 21
0 11 10
0 11 22
0 11 14
0 11 3
0 11 24
0 11 23
0 11 21
0 11 3
0 11 12
0 11 25
0 11 11
0 11 11
0 11 30
0 11 22
0 1 24
0 4 25
0 4 25
0 9 22
0 3 23
0 3 24
0 9 24
0 2 26
0 2 26
0 2 26
0 2 26
0 2 26
0 2 25
0 2 26
0 2 14
0 9 25
0 9 14
0 2 14
0 9 26
0 2 25
0 2 26
0 2 26
0 2 25
0 9 25
0 5 14
0 9 25
0 2 25
0 9 14
0 9 26
0 6 24
0 2 26
0 2 26
0 10 26
0 2 26
0 2 25
0 2 25
0 2 25
0 10 25
0 5 30
0 9 31
0 2 26
0 2 4
0 2 4
0 9 13
0 10 25
0 2 25
0 5 30
0 2 25
0 2 25
0 2 26
0 2 26
0 2 26
0 2 26
0 2 4
0 2 0
0 6 25
0 6 25
0 6 25
0 9 26
0 6 14
0 9 26
0 5 25
0 2 25
0 8 25
0 2 25
0 2 25
0 10 26
0 2 22
0 2 25
0 2 25
0 2 25
0 2 25
0 2 26
0 2 4
0 2 4
0 2 4
0 2 4
0 2 25
0 2 30
0 2 25
0 2 31
0 10 14
0 2 25
0 10 14
0 10 31
0 2 25
0 10 25
0 10 31
0 10 14
0 2 26
0 10 31
0 9 26
0 9 26
0 9 15
0 9 15
0 9 31
0 9 3
0 9 4
0 9 3
0 9 8
0 2 25
0 10 14
0 2 22
0 2 25
0 2 14
0 2 26
0 2 4
0 2 3
0 2 25
0 9 31
0 8 11
0 8 23
0 8 23
0 8 23
0 8 23
0 8 24
0 8 24
0 8 4
0 8 4
0 2 26
0 6 21
0 8 11
0 6 25
0 6 25
0 6 25
0 6 4
0 8 4
0 8 4
0 6 1
0 6 4
0 6 4
0 10 31
0 2 26
0 2 26
0 8 25
0 2 25
0 2 26
0 2 26
0 2 3
0 2 3
0 9 22
0 2 26
0 10 31
0 6 28
0 2 25
0 6 25
0 1 29
0 2 25
0 6 25
0 2 26
0 10 31
0 2 14
0 9 26
0 2 25
0 2 25
0 10 25
0 2 26
0 2 14
0 5 25
0 2 26
0 2 26
0 10 26
0 2 26
0 2 26
0 10 26
0 2 26
0 9 26
0 9 26
0 9 26
0 9 26
0 9 15
0 9 3
0 9 4
0 9 3
0 9 3
0 9 12
0 9 25
0 9 25
0 9 25
0 9 26
0 9 26
0 9 15
0 9 4
0 9 3
0 3 14
0 2 14
0 6 25
0 2 14
0 2 14
0 2 26
0 2 26
0 2 26
0 2 26
0 2 4
0 2 0
0 2 25
0 2 25
0 6 25
0 6 13
0 2 26
0 9 26
0 9 14
0 9 25
0 10 25
0 10 25
0 10 25
0 10 25
0 10 25
0 10 25
0 10 26
0 10 15
0 10 4
0 10 2
0 2 26
0 5 26
0 2 25
0 2 25
0 2 25
0 2 25
0 2 25
0 2 14
0 10 26
0 2 15
0 6 14
0 8 26
0 9 14
0 6 14
0 8 25
0 9 14
0 5 24
0 9 22
0 10 26
0 2 15
0 3 15
0 2 26
0 2 3
0 2 3
0 10 14
0 10 23
0 2 2
0 2 14
0 2 26
0 2 26
0 2 26
0 2 25
0 2 25
0 2 25
0 2 25
0 11 22
0 11 23
0 11 23
0 11 24
0 10 24
0 2 12
0 2 11
0 2 23
0 2 23
0 2 14
0 2 14
0 5 4
0 6 24
0 10 11
0 6 22
0 10 22
0 5 22
0 7 24
0 4 21
0 4 22
0 4 22
0 4 22
0 4 22
0 4 3
0 4 1
0 5 22
0 2 25
0 2 26
0 1 10
0 1 22
0 4 23
