# Parameters: nPorts nContainers
12 5700
# Transport type: id length=(20,40) weight type=(DC,RC,HC,HR)
0 20 3 DC
1 20 9 DC
2 20 14 DC
3 20 21 DC
4 20 27 DC
5 20 3 RC
6 20 9 RC
7 20 14 RC
8 20 21 RC
9 20 27 RC
10 40 3 DC
11 40 6 DC
12 40 9 DC
13 40 14 DC
14 40 21 DC
15 40 27 DC
16 40 3 RC
17 40 9 RC
18 40 14 RC
19 40 21 RC
20 40 27 RC
21 40 3 HC
22 40 6 HC
23 40 9 HC
24 40 14 HC
25 40 21 HC
26 40 27 HC
27 40 3 HR
28 40 9 HR
29 40 14 HR
30 40 21 HR
31 40 27 HR
32 40 3 HC
33 40 6 HC
34 40 9 HC
35 40 14 HC
36 40 21 HC
37 40 27 HC
# Container: startPort endPort typeId [bay stack tier slot]
0 3 14 1 2 12 1
0 2 14 1 2 13 1
0 2 25 1 2 14 1
0 2 25 1 2 15 1
0 2 25 1 2 16 1
0 2 24 1 2 17 1
0 7 26 1 3 12 1
0 7 26 1 3 13 1
0 7 26 1 3 14 1
0 7 26 1 3 15 1
0 7 26 1 3 16 1
0 7 22 1 3 17 1
0 3 21 1 4 12 1
0 7 10 1 4 13 1
0 3 25 1 6 12 1
0 3 25 1 6 13 1
0 3 25 1 6 14 1
0 3 13 1 6 15 1
0 3 24 1 6 16 1
0 3 23 1 6 17 1
0 3 25 1 7 12 1
0 3 3 1 8 12 1
0 3 3 1 8 12 2
0 3 3 1 8 13 1
0 3 3 1 8 13 2
0 3 25 1 8 14 1
0 3 25 1 8 15 1
0 3 25 1 8 16 1
0 3 10 1 8 17 1
0 4 15 1 9 12 1
0 4 15 1 9 13 1
0 4 26 1 9 14 1
0 4 25 1 9 15 1
0 4 25 1 9 16 1
0 4 24 1 9 17 1
0 3 3 1 10 12 1
0 3 3 1 10 12 2
0 3 14 1 10 13 1
0 3 14 1 10 14 1
0 3 14 1 10 15 1
0 3 25 1 10 16 1
0 3 25 1 10 17 1
0 3 23 1 16 12 1
0 8 12 1 16 13 1
0 8 23 1 16 14 1
0 8 23 1 16 15 1
0 8 22 1 16 16 1
0 11 22 1 16 17 1
0 4 4 1 17 12 1
0 4 4 1 17 12 2
0 4 3 1 17 13 1
0 4 4 1 17 13 2
0 4 1 1 17 14 1
0 4 4 1 17 14 2
0 4 14 1 17 15 1
0 8 21 1 17 16 1
0 5 10 1 17 17 1
0 4 14 1 18 12 1
0 4 14 1 18 13 1
0 2 25 1 18 14 1
0 2 24 1 18 15 1
0 2 24 1 18 16 1
0 2 23 1 18 17 1
0 3 23 1 6 9 1
0 3 3 1 7 8 1
0 3 3 1 7 8 2
0 3 12 1 7 9 1
0 3 22 1 7 10 1
0 5 0 1 8 8 1
0 5 1 1 8 8 2
0 5 0 1 8 9 1
0 5 0 1 8 9 2
0 5 11 1 8 10 1
0 5 26 1 9 6 1
0 5 14 1 9 7 1
0 5 14 1 9 8 1
0 4 25 1 9 9 1
0 5 13 1 10 3 1
0 5 24 1 10 4 1
0 5 24 1 10 5 1
0 5 12 1 10 6 1
0 5 12 1 10 7 1
0 5 23 1 10 8 1
0 5 23 1 10 9 1
0 3 4 1 12 6 1
0 3 4 1 12 6 2
0 8 3 1 12 7 1
0 8 4 1 12 7 2
0 8 3 1 12 8 1
0 8 4 1 12 8 2
0 8 14 1 12 9 1
0 8 24 1 12 10 1
0 3 1 1 13 8 1
0 3 4 1 13 8 2
0 3 3 1 15 9 1
0 6 4 1 15 9 2
0 3 0 1 15 10 1
0 3 2 1 15 10 2
0 8 25 2 1 12 1
0 8 25 2 1 13 1
0 8 25 2 1 14 1
0 8 25 2 1 15 1
0 8 23 2 1 16 1
0 8 23 2 1 17 1
0 8 11 2 1 18 1
0 5 2 2 2 12 1
0 5 4 2 2 12 2
0 5 0 2 2 13 1
0 5 2 2 2 13 2
0 5 12 2 2 14 1
0 5 23 2 2 15 1
0 5 23 2 2 16 1
0 5 11 2 2 17 1
0 5 11 2 2 18 1
0 4 25 2 3 12 1
0 8 24 2 3 13 1
0 8 12 2 3 14 1
0 8 23 2 3 15 1
0 8 23 2 3 16 1
0 8 23 2 3 17 1
0 8 23 2 3 18 1
0 5 24 2 4 12 1
0 5 12 2 4 13 1
0 5 23 2 4 14 1
0 5 23 2 4 15 1
0 8 1 2 5 12 1
0 8 4 2 5 12 2
0 8 14 2 5 13 1
0 8 25 2 5 14 1
0 8 25 2 5 15 1
0 8 25 2 5 16 1
0 8 24 2 5 17 1
0 8 22 2 5 18 1
0 2 26 2 7 12 1
0 2 26 2 7 13 1
0 5 24 2 7 14 1
0 2 26 2 8 12 1
0 2 26 2 8 13 1
0 2 26 2 9 12 1
0 2 25 2 9 13 1
0 2 11 2 9 14 1
0 2 11 2 9 15 1
0 2 22 2 9 16 1
0 2 10 2 9 17 1
0 2 10 2 9 18 1
0 2 26 2 10 12 1
0 5 24 2 10 13 1
0 4 4 2 11 12 1
0 4 4 2 11 12 2
0 4 26 2 11 13 1
0 4 26 2 11 14 1
0 4 25 2 11 15 1
0 4 24 2 11 16 1
0 4 22 2 11 17 1
0 4 22 2 11 18 1
0 3 25 2 13 12 1
0 3 25 2 13 13 1
0 3 25 2 13 14 1
0 3 25 2 13 15 1
0 3 25 2 13 16 1
0 3 25 2 13 17 1
0 3 24 2 13 18 1
0 1 4 2 14 12 1
0 1 4 2 14 12 2
0 1 3 2 14 13 1
0 1 3 2 14 13 2
0 1 3 2 14 14 1
0 1 3 2 14 14 2
0 1 25 2 14 15 1
0 1 25 2 14 16 1
0 1 13 2 14 17 1
0 1 13 2 14 18 1
0 3 22 2 15 12 1
0 4 2 2 17 12 1
0 4 3 2 17 12 2
0 4 24 2 17 13 1
0 4 22 2 17 14 1
0 4 22 2 17 15 1
0 4 22 2 17 16 1
0 4 10 2 17 17 1
0 4 21 2 17 18 1
0 8 0 2 18 12 1
0 8 0 2 18 12 2
0 4 3 2 19 12 1
0 4 4 2 19 12 2
0 4 2 2 19 13 1
0 4 4 2 19 13 2
0 4 0 2 19 14 1
0 4 3 2 19 14 2
0 4 24 2 19 15 1
0 4 24 2 19 16 1
0 4 11 2 19 17 1
0 4 21 2 19 18 1
0 3 3 2 20 12 1
0 3 4 2 20 12 2
0 3 15 2 20 13 1
0 3 26 2 20 14 1
0 3 26 2 20 15 1
0 3 14 2 20 16 1
0 3 23 2 20 17 1
0 3 22 2 20 18 1
0 5 0 2 6 7 1
0 5 3 2 6 7 2
0 5 0 2 6 8 1
0 5 2 2 6 8 2
0 5 0 2 6 9 1
0 5 1 2 6 9 2
0 5 21 2 6 10 1
0 5 0 2 7 5 1
0 5 3 2 7 5 2
0 5 0 2 7 6 1
0 5 2 2 7 6 2
0 5 12 2 7 7 1
0 5 23 2 7 8 1
0 5 11 2 7 9 1
0 5 10 2 7 10 1
0 5 0 2 8 5 1
0 5 0 2 8 5 2
0 5 0 2 8 6 1
0 5 0 2 8 6 2
0 5 21 2 8 7 1
0 5 0 2 9 3 1
0 5 2 2 9 3 2
0 5 13 2 9 4 1
0 5 13 2 9 5 1
0 5 13 2 9 6 1
0 5 24 2 9 7 1
0 5 12 2 9 8 1
0 5 12 2 9 9 1
0 5 11 2 9 10 1
0 2 4 2 10 0 1
0 2 4 2 10 0 2
0 2 26 2 10 1 1
0 2 26 2 10 2 1
0 2 26 2 10 3 1
0 2 26 2 10 4 1
0 2 26 2 10 5 1
0 2 14 2 10 6 1
0 2 25 2 10 7 1
0 2 25 2 10 8 1
0 2 25 2 10 9 1
0 5 25 2 11 0 1
0 5 13 2 11 1 1
0 5 24 2 11 2 1
0 5 24 2 11 3 1
0 5 12 2 11 4 1
0 5 23 2 11 5 1
0 5 23 2 11 6 1
0 5 23 2 11 7 1
0 5 23 2 11 8 1
0 5 23 2 11 9 1
0 5 13 2 12 3 1
0 5 24 2 12 4 1
0 5 12 2 12 5 1
0 5 12 2 12 6 1
0 5 23 2 12 7 1
0 5 23 2 12 8 1
0 5 23 2 12 9 1
0 5 14 2 13 5 1
0 5 14 2 13 6 1
0 5 25 2 13 7 1
0 5 25 2 13 8 1
0 5 24 2 13 9 1
0 5 14 2 14 5 1
0 5 25 2 14 6 1
0 5 25 2 14 7 1
0 5 25 2 14 8 1
0 5 15 2 15 7 1
0 5 26 2 15 8 1
0 5 14 2 15 9 1
0 5 14 2 15 10 1
0 9 24 3 3 12 1
0 2 25 3 4 12 1
0 6 25 3 5 12 1
0 6 4 3 6 12 1
0 6 4 3 6 12 2
0 6 4 3 6 13 1
0 6 4 3 6 13 2
0 6 26 3 6 14 1
0 6 26 3 6 15 1
0 6 25 3 6 16 1
0 6 25 3 6 17 1
0 8 13 3 7 12 1
0 3 4 3 8 12 1
0 3 4 3 8 12 2
0 3 2 3 8 13 1
0 3 3 3 8 13 2
0 3 15 3 8 14 1
0 3 26 3 8 15 1
0 3 26 3 8 16 1
0 3 25 3 8 17 1
0 3 24 3 8 18 1
0 8 25 3 9 12 1
0 8 15 3 10 12 1
0 8 26 3 10 13 1
0 8 25 3 10 14 1
0 8 25 3 10 15 1
0 8 25 3 10 16 1
0 8 25 3 10 17 1
0 8 25 3 10 18 1
0 5 15 3 13 12 1
0 5 15 3 13 13 1
0 5 15 3 13 14 1
0 3 26 3 13 15 1
0 5 13 3 14 12 1
0 5 14 3 15 12 1
0 5 14 3 16 12 1
0 5 14 3 16 13 1
0 5 14 3 16 14 1
0 5 14 3 16 15 1
0 5 14 3 16 16 1
0 5 25 3 16 17 1
0 5 24 3 16 18 1
0 5 13 3 17 12 1
0 5 24 3 17 13 1
0 5 24 3 17 14 1
0 5 24 3 17 15 1
0 5 23 3 17 16 1
0 5 23 3 17 17 1
0 5 10 3 17 18 1
0 5 1 3 18 12 1
0 5 2 3 18 12 2
0 5 25 3 18 13 1
0 5 25 3 18 14 1
0 5 12 3 18 15 1
0 5 23 3 18 16 1
0 5 22 3 18 17 1
0 5 21 3 18 18 1
0 3 15 3 2 9 1
0 4 25 3 2 10 1
0 4 4 3 3 9 1
0 4 4 3 3 9 2
0 4 3 3 3 10 1
0 4 3 3 3 10 2
0 2 3 3 4 8 1
0 2 4 3 4 8 2
0 2 3 3 4 9 1
0 2 3 3 4 9 2
0 2 23 3 4 10 1
0 2 3 3 5 6 1
0 2 3 3 5 6 2
0 2 3 3 5 7 1
0 2 3 3 5 7 2
0 2 12 3 5 8 1
0 2 11 3 5 9 1
0 2 22 3 5 10 1
0 8 3 3 6 4 1
0 8 3 3 6 4 2
0 8 26 3 6 5 1
0 8 25 3 6 6 1
0 8 25 3 6 7 1
0 8 25 3 6 8 1
0 8 24 3 6 9 1
0 6 3 3 7 4 1
0 6 4 3 7 4 2
0 6 3 3 7 5 1
0 6 4 3 7 5 2
0 6 3 3 7 6 1
0 6 4 3 7 6 2
0 6 0 3 7 7 1
0 6 3 3 7 7 2
0 6 25 3 7 8 1
0 6 25 3 7 9 1
0 4 2 3 9 2 1
0 4 4 3 9 2 2
0 4 15 3 9 3 1
0 4 15 3 9 4 1
0 4 15 3 9 5 1
0 4 15 3 9 6 1
0 4 15 3 9 7 1
0 4 14 3 9 8 1
0 4 25 3 9 9 1
0 4 12 3 9 10 1
0 2 1 3 10 0 1
0 2 4 3 10 0 2
0 2 15 3 10 1 1
0 2 15 3 10 2 1
0 2 26 3 10 3 1
0 2 26 3 10 4 1
0 2 26 3 10 5 1
0 2 14 3 10 6 1
0 2 24 3 10 7 1
0 2 24 3 10 8 1
0 3 22 3 10 9 1
0 5 25 3 11 0 1
0 5 13 3 11 1 1
0 5 13 3 11 2 1
0 5 24 3 11 3 1
0 5 23 3 11 4 1
0 5 23 3 11 5 1
0 5 23 3 11 6 1
0 5 23 3 11 7 1
0 5 23 3 11 8 1
0 5 23 3 11 9 1
0 5 0 3 12 2 1
0 5 4 3 12 2 2
0 5 24 3 12 3 1
0 5 24 3 12 4 1
0 5 24 3 12 5 1
0 5 24 3 12 6 1
0 5 24 3 12 7 1
0 5 24 3 12 8 1
0 5 24 3 12 9 1
0 5 0 3 13 3 1
0 5 1 3 13 3 2
0 5 0 3 13 4 1
0 5 0 3 13 4 2
0 5 11 3 13 5 1
0 5 22 3 13 6 1
0 5 22 3 13 7 1
0 5 21 3 13 8 1
0 5 10 3 13 9 1
0 5 3 3 14 4 1
0 5 3 3 14 4 2
0 5 12 3 14 5 1
0 5 23 3 14 6 1
0 5 22 3 14 7 1
0 5 10 3 14 8 1
0 5 21 3 14 9 1
0 5 15 3 15 4 1
0 5 26 3 15 5 1
0 2 26 3 15 6 1
0 2 26 3 15 7 1
0 2 26 3 15 8 1
0 2 26 3 15 9 1
0 5 3 3 18 9 1
0 5 4 3 18 9 2
0 5 3 3 18 10 1
0 5 3 3 18 10 2
0 5 3 3 19 9 1
0 5 4 3 19 9 2
0 5 21 3 19 10 1
0 8 12 4 0 12 1
0 8 23 4 0 13 1
0 8 23 4 0 14 1
0 8 23 4 0 15 1
0 8 23 4 0 16 1
0 8 23 4 0 17 1
0 8 22 4 0 18 1
0 5 2 4 1 12 1
0 5 3 4 1 12 2
0 5 2 4 1 13 1
0 5 3 4 1 13 2
0 5 23 4 1 14 1
0 5 23 4 1 15 1
0 5 22 4 1 16 1
0 5 22 4 1 17 1
0 5 22 4 1 18 1
0 5 2 4 2 12 1
0 5 3 4 2 12 2
0 5 2 4 2 13 1
0 5 3 4 2 13 2
0 5 24 4 2 14 1
0 5 24 4 2 15 1
0 5 12 4 2 16 1
0 5 10 4 2 17 1
0 5 21 4 2 18 1
0 8 23 4 5 12 1
0 8 23 4 5 13 1
0 8 23 4 5 14 1
0 8 23 4 5 15 1
0 8 11 4 5 16 1
0 8 22 4 5 17 1
0 8 21 4 5 18 1
0 4 25 4 16 12 1
0 7 25 4 16 13 1
0 4 26 4 17 12 1
0 4 4 4 18 12 1
0 4 4 4 18 12 2
0 4 15 4 18 13 1
0 4 15 4 18 14 1
0 4 26 4 18 15 1
0 4 14 4 18 16 1
0 4 25 4 18 17 1
0 4 12 4 18 18 1
0 2 25 4 19 12 1
0 2 25 4 19 13 1
0 2 25 4 19 14 1
0 2 25 4 19 15 1
0 2 25 4 19 16 1
0 2 25 4 19 17 1
0 2 25 4 19 18 1
0 7 25 4 20 12 1
0 5 23 4 21 12 1
0 8 3 4 2 9 1
0 8 3 4 2 9 2
0 8 1 4 2 10 1
0 8 3 4 2 10 2
0 9 3 4 3 9 1
0 9 3 4 3 9 2
0 9 25 4 3 10 1
0 9 3 4 4 8 1
0 9 4 4 4 8 2
0 9 3 4 4 9 1
0 9 3 4 4 9 2
0 9 12 4 4 10 1
0 5 0 4 6 4 1
0 5 3 4 6 4 2
0 5 25 4 6 5 1
0 5 24 4 6 6 1
0 5 24 4 6 7 1
0 5 24 4 6 8 1
0 5 24 4 6 9 1
0 7 3 4 7 4 1
0 7 4 4 7 4 2
0 7 2 4 7 5 1
0 7 4 4 7 5 2
0 7 14 4 7 6 1
0 7 13 4 7 7 1
0 7 12 4 7 8 1
0 7 12 4 7 9 1
0 7 21 4 7 10 1
0 5 0 4 8 3 1
0 5 2 4 8 3 2
0 5 24 4 8 4 1
0 5 24 4 8 5 1
0 5 24 4 8 6 1
0 5 24 4 8 7 1
0 5 24 4 8 8 1
0 5 23 4 8 9 1
0 5 13 4 9 2 1
0 5 24 4 9 3 1
0 5 12 4 9 4 1
0 5 12 4 9 5 1
0 5 23 4 9 6 1
0 5 23 4 9 7 1
0 5 23 4 9 8 1
0 3 3 4 10 0 1
0 3 4 4 10 0 2
0 3 2 4 10 1 1
0 3 4 4 10 1 2
0 3 26 4 10 2 1
0 3 26 4 10 3 1
0 3 26 4 10 4 1
0 3 25 4 10 5 1
0 3 25 4 10 6 1
0 3 25 4 10 7 1
0 3 25 4 10 8 1
0 3 25 4 10 9 1
0 4 4 4 12 2 1
0 4 4 4 12 2 2
0 4 4 4 12 3 1
0 4 4 4 12 3 2
0 4 4 4 12 4 1
0 4 4 4 12 4 2
0 4 3 4 12 5 1
0 4 4 4 12 5 2
0 4 3 4 12 6 1
0 4 4 4 12 6 2
0 4 15 4 12 7 1
0 4 14 4 12 8 1
0 4 14 4 12 9 1
0 4 25 4 12 10 1
0 5 2 4 13 3 1
0 3 3 4 13 3 2
0 4 2 4 13 4 1
0 3 3 4 13 4 2
0 3 26 4 13 5 1
0 3 25 4 13 6 1
0 3 24 4 13 7 1
0 3 24 4 13 8 1
0 3 21 4 13 9 1
0 2 1 4 14 4 1
0 2 4 4 14 4 2
0 2 0 4 14 5 1
0 2 4 4 14 5 2
0 2 15 4 14 6 1
0 2 26 4 14 7 1
0 2 25 4 14 8 1
0 2 13 4 14 9 1
0 2 1 4 15 4 1
0 2 3 4 15 4 2
0 2 24 4 15 5 1
0 2 24 4 15 6 1
0 2 23 4 15 7 1
0 2 23 4 15 8 1
0 2 23 4 15 9 1
0 2 26 4 16 6 1
0 2 26 4 16 7 1
0 2 26 4 16 8 1
0 2 26 4 16 9 1
0 2 4 4 17 8 1
0 2 4 4 17 8 2
0 2 3 4 17 9 1
0 2 4 4 17 9 2
0 2 12 4 17 10 1
0 4 4 4 18 9 1
0 6 4 4 18 9 2
0 6 0 4 18 10 1
0 6 3 4 18 10 2
0 3 26 4 19 9 1
0 5 15 4 19 10 1
0 2 25 5 0 12 1
0 2 25 5 0 13 1
0 2 25 5 0 14 1
0 2 25 5 0 15 1
0 2 25 5 0 16 1
0 2 25 5 0 17 1
0 2 24 5 0 18 1
0 2 11 5 0 19 1
0 2 0 5 1 12 1
0 2 3 5 1 12 2
0 2 0 5 1 13 1
0 2 3 5 1 13 2
0 2 13 5 1 14 1
0 2 24 5 1 15 1
0 2 23 5 1 16 1
0 2 11 5 1 17 1
0 2 10 5 1 18 1
0 2 10 5 1 19 1
0 5 29 5 2 12 1
0 5 29 5 2 13 1
0 5 12 5 2 14 1
0 5 23 5 2 15 1
0 5 23 5 2 16 1
0 5 11 5 2 17 1
0 5 11 5 2 18 1
0 5 21 5 2 19 1
0 4 4 5 3 12 1
0 4 4 5 3 12 2
0 4 4 5 3 13 1
0 4 4 5 3 13 2
0 4 3 5 3 14 1
0 4 3 5 3 14 2
0 4 25 5 3 15 1
0 4 25 5 3 16 1
0 4 25 5 3 17 1
0 4 25 5 3 18 1
0 4 23 5 3 19 1
0 2 25 5 4 12 1
0 2 25 5 4 13 1
0 2 25 5 4 14 1
0 2 25 5 4 15 1
0 2 22 5 4 16 1
0 7 22 5 4 17 1
0 4 4 5 5 12 1
0 4 4 5 5 12 2
0 4 3 5 5 13 1
0 4 4 5 5 13 2
0 4 3 5 5 14 1
0 4 2 5 5 14 2
0 4 25 5 5 15 1
0 4 25 5 5 16 1
0 4 25 5 5 17 1
0 4 25 5 5 18 1
0 4 25 5 5 19 1
0 5 13 5 6 12 1
0 5 2 5 9 12 1
0 4 8 5 9 12 2
0 4 7 5 9 13 1
0 4 3 5 9 13 2
0 4 2 5 9 14 1
0 4 2 5 9 14 2
0 2 3 5 11 12 1
0 2 3 5 11 12 2
0 2 3 5 11 13 1
0 2 3 5 11 13 2
0 2 3 5 11 14 1
0 2 3 5 11 14 2
0 2 25 5 11 15 1
0 2 23 5 11 16 1
0 2 23 5 11 17 1
0 2 11 5 11 18 1
0 2 22 5 11 19 1
0 2 0 5 14 12 1
0 2 3 5 14 12 2
0 2 0 5 14 13 1
0 2 3 5 14 13 2
0 2 0 5 14 14 1
0 2 3 5 14 14 2
0 2 14 5 14 15 1
0 2 14 5 14 16 1
0 2 14 5 14 17 1
0 2 14 5 14 18 1
0 2 13 5 14 19 1
0 2 3 5 15 12 1
0 2 4 5 15 12 2
0 2 3 5 15 13 1
0 2 8 5 15 13 2
0 2 1 5 15 14 1
0 2 3 5 15 14 2
0 2 14 5 15 15 1
0 2 14 5 15 16 1
0 2 25 5 15 17 1
0 2 23 5 15 18 1
0 2 11 5 15 19 1
0 7 0 5 1 8 1
0 7 3 5 1 8 2
0 7 0 5 1 9 1
0 7 3 5 1 9 2
0 7 0 5 1 10 1
0 7 1 5 1 10 2
0 5 30 5 2 7 1
0 5 14 5 2 8 1
0 5 25 5 2 9 1
0 5 14 5 3 6 1
0 5 14 5 3 7 1
0 5 14 5 3 8 1
0 5 14 5 3 9 1
0 5 22 5 3 10 1
0 5 1 5 4 5 1
0 5 3 5 4 5 2
0 5 1 5 4 6 1
0 5 2 5 4 6 2
0 5 29 5 4 7 1
0 5 23 5 4 8 1
0 5 10 5 4 9 1
0 5 2 5 5 4 1
0 5 4 5 5 4 2
0 5 1 5 5 5 1
0 5 3 5 5 5 2
0 5 14 5 5 6 1
0 5 14 5 5 7 1
0 5 14 5 5 8 1
0 5 22 5 5 9 1
0 5 10 5 5 10 1
0 5 29 5 6 2 1
0 5 13 5 6 3 1
0 5 24 5 6 4 1
0 5 28 5 6 5 1
0 5 23 5 6 6 1
0 5 23 5 6 7 1
0 5 22 5 6 8 1
0 5 10 5 6 9 1
0 9 3 5 7 1 1
0 9 3 5 7 1 2
0 9 24 5 7 2 1
0 9 23 5 7 3 1
0 9 23 5 7 4 1
0 9 23 5 7 5 1
0 9 23 5 7 6 1
0 9 10 5 7 7 1
0 9 10 5 7 8 1
0 9 10 5 7 9 1
0 5 29 5 8 1 1
0 5 24 5 8 2 1
0 5 24 5 8 3 1
0 5 24 5 8 4 1
0 5 22 5 8 5 1
0 5 21 5 8 6 1
0 2 27 5 8 7 1
0 5 21 5 8 8 1
0 5 24 5 9 1 1
0 5 24 5 9 2 1
0 5 12 5 9 3 1
0 5 12 5 9 4 1
0 5 23 5 9 5 1
0 5 23 5 9 6 1
0 5 11 5 9 7 1
0 5 22 5 9 8 1
0 5 21 5 9 9 1
0 11 3 5 10 1 1
0 11 4 5 10 1 2
0 11 3 5 10 2 1
0 11 3 5 10 2 2
0 11 2 5 10 3 1
0 11 3 5 10 3 2
0 11 0 5 10 4 1
0 11 3 5 10 4 2
0 11 23 5 10 5 1
0 11 23 5 10 6 1
0 11 23 5 10 7 1
0 11 22 5 10 8 1
0 11 22 5 10 9 1
0 3 7 5 11 1 1
0 4 4 5 11 1 2
0 3 31 5 11 2 1
0 3 31 5 11 3 1
0 3 31 5 11 4 1
0 3 31 5 11 5 1
0 3 31 5 11 6 1
0 3 31 5 11 7 1
0 3 31 5 11 8 1
0 3 26 5 11 9 1
0 5 0 5 12 1 1
0 5 1 5 12 1 2
0 5 23 5 12 2 1
0 5 23 5 12 3 1
0 5 11 5 12 4 1
0 5 11 5 12 5 1
0 5 22 5 12 6 1
0 5 22 5 12 7 1
0 5 22 5 12 8 1
0 4 22 5 12 9 1
0 5 2 5 13 1 1
0 5 3 5 13 1 2
0 5 24 5 13 2 1
0 3 29 5 13 3 1
0 3 13 5 13 4 1
0 3 11 5 13 5 1
0 3 31 5 14 1 1
0 3 31 5 14 2 1
0 3 31 5 14 3 1
0 3 30 5 14 4 1
0 3 25 5 14 5 1
0 3 25 5 14 6 1
0 3 25 5 14 7 1
0 3 25 5 14 8 1
0 3 25 5 14 9 1
0 5 2 5 15 2 1
0 5 3 5 15 2 2
0 5 1 5 15 3 1
0 5 2 5 15 3 2
0 5 30 5 15 4 1
0 5 28 5 15 5 1
0 5 23 5 15 6 1
0 5 23 5 15 7 1
0 8 23 5 15 8 1
0 8 11 5 15 9 1
0 9 3 5 16 4 1
0 9 3 5 16 4 2
0 9 1 5 16 5 1
0 9 3 5 16 5 2
0 9 24 5 16 6 1
0 9 24 5 16 7 1
0 9 24 5 16 8 1
0 9 10 5 16 9 1
0 5 2 5 19 7 1
0 5 3 5 19 7 2
0 5 13 5 19 8 1
0 5 23 5 19 9 1
0 5 11 5 19 10 1
0 2 26 6 0 12 1
0 2 24 6 0 13 1
0 2 24 6 0 14 1
0 2 23 6 0 15 1
0 2 23 6 0 16 1
0 2 23 6 0 17 1
0 2 11 6 0 18 1
0 2 22 6 0 19 1
0 5 3 6 1 12 1
0 5 4 6 1 12 2
0 5 14 6 1 13 1
0 5 25 6 1 14 1
0 5 13 6 1 15 1
0 5 24 6 1 16 1
0 5 24 6 1 17 1
0 5 24 6 1 18 1
0 5 24 6 1 19 1
0 2 3 6 2 12 1
0 2 3 6 2 12 2
0 2 2 6 2 13 1
0 2 3 6 2 13 2
0 2 25 6 2 14 1
0 2 25 6 2 15 1
0 2 24 6 2 16 1
0 2 24 6 2 17 1
0 2 23 6 2 18 1
0 2 21 6 2 19 1
0 4 14 6 3 12 1
0 2 26 6 4 12 1
0 2 25 6 4 13 1
0 2 25 6 4 14 1
0 2 25 6 4 15 1
0 2 25 6 4 16 1
0 2 25 6 4 17 1
0 2 25 6 4 18 1
0 4 25 6 5 12 1
0 3 14 6 5 13 1
0 2 2 6 7 12 1
0 2 3 6 7 12 2
0 2 2 6 7 13 1
0 2 2 6 7 13 2
0 2 2 6 7 14 1
0 2 2 6 7 14 2
0 2 25 6 7 15 1
0 2 25 6 7 16 1
0 2 24 6 7 17 1
0 2 23 6 7 18 1
0 2 22 6 7 19 1
0 2 3 6 9 12 1
0 2 3 6 9 12 2
0 2 12 6 9 13 1
0 2 11 6 9 14 1
0 2 22 6 9 15 1
0 2 22 6 9 16 1
0 2 22 6 9 17 1
0 2 21 6 9 18 1
0 2 21 6 9 19 1
0 2 3 6 10 12 1
0 2 3 6 10 12 2
0 2 3 6 10 13 1
0 2 3 6 10 13 2
0 2 3 6 10 14 1
0 2 3 6 10 14 2
0 2 25 6 10 15 1
0 2 13 6 10 16 1
0 2 24 6 10 17 1
0 2 23 6 10 18 1
0 2 23 6 10 19 1
0 2 1 6 18 12 1
0 2 2 6 18 12 2
0 2 25 6 18 13 1
0 2 25 6 18 14 1
0 2 25 6 18 15 1
0 2 24 6 18 16 1
0 2 24 6 18 17 1
0 2 23 6 18 18 1
0 2 22 6 18 19 1
0 6 0 6 19 12 1
0 3 4 6 19 12 2
0 3 26 6 19 13 1
0 2 26 6 19 14 1
0 2 25 6 19 15 1
0 2 24 6 19 16 1
0 2 23 6 19 17 1
0 2 23 6 19 18 1
0 2 23 6 19 19 1
0 5 0 6 20 12 1
0 5 3 6 20 12 2
0 5 0 6 20 13 1
0 5 3 6 20 13 2
0 5 25 6 20 14 1
0 5 24 6 20 15 1
0 5 24 6 20 16 1
0 5 24 6 20 17 1
0 5 11 6 20 18 1
0 5 10 6 20 19 1
0 4 26 6 21 12 1
0 2 26 6 21 13 1
0 2 26 6 21 14 1
0 2 14 6 21 15 1
0 2 14 6 21 16 1
0 2 24 6 21 17 1
0 2 24 6 21 18 1
0 2 22 6 21 19 1
0 2 4 6 1 8 1
0 2 4 6 1 8 2
0 2 3 6 1 9 1
0 2 4 6 1 9 2
0 2 3 6 1 10 1
0 2 2 6 1 10 2
0 2 4 6 2 7 1
0 2 4 6 2 7 2
0 2 4 6 2 8 1
0 2 4 6 2 8 2
0 2 25 6 2 9 1
0 2 10 6 2 10 1
0 2 4 6 3 6 1
0 2 4 6 3 6 2
0 2 3 6 3 7 1
0 2 4 6 3 7 2
0 2 14 6 3 8 1
0 2 25 6 3 9 1
0 2 14 6 3 10 1
0 5 2 6 4 5 1
0 5 3 6 4 5 2
0 5 14 6 4 6 1
0 5 12 6 4 7 1
0 5 12 6 4 8 1
0 5 23 6 4 9 1
0 5 11 6 4 10 1
0 2 3 6 5 4 1
0 2 3 6 5 4 2
0 2 3 6 5 5 1
0 2 3 6 5 5 2
0 2 25 6 5 6 1
0 2 24 6 5 7 1
0 2 22 6 5 8 1
0 2 21 6 5 9 1
0 2 3 6 6 2 1
0 2 4 6 6 2 2
0 2 3 6 6 3 1
0 2 3 6 6 3 2
0 2 25 6 6 4 1
0 2 25 6 6 5 1
0 2 25 6 6 6 1
0 2 25 6 6 7 1
0 2 11 6 6 8 1
0 2 11 6 6 9 1
0 8 14 6 7 1 1
0 8 14 6 7 2 1
0 8 25 6 7 3 1
0 8 25 6 7 4 1
0 8 25 6 7 5 1
0 8 25 6 7 6 1
0 8 25 6 7 7 1
0 8 25 6 7 8 1
0 8 25 6 7 9 1
0 2 3 6 8 1 1
0 2 4 6 8 1 2
0 2 3 6 8 2 1
0 2 4 6 8 2 2
0 2 2 6 8 3 1
0 2 4 6 8 3 2
0 2 0 6 8 4 1
0 2 4 6 8 4 2
0 2 14 6 8 5 1
0 2 13 6 8 6 1
0 2 13 6 8 7 1
0 2 13 6 8 8 1
0 2 12 6 8 9 1
0 2 21 6 8 10 1
0 4 4 6 9 1 1
0 4 4 6 9 1 2
0 4 4 6 9 2 1
0 4 4 6 9 2 2
0 4 4 6 9 3 1
0 4 4 6 9 3 2
0 4 26 6 9 4 1
0 4 26 6 9 5 1
0 4 26 6 9 6 1
0 4 25 6 9 7 1
0 4 25 6 9 8 1
0 4 25 6 9 9 1
0 5 14 6 10 1 1
0 5 24 6 10 2 1
0 5 24 6 10 3 1
0 5 23 6 10 4 1
0 5 23 6 10 5 1
0 5 23 6 10 6 1
0 5 23 6 10 7 1
0 3 22 6 10 8 1
0 2 11 6 10 9 1
0 2 3 6 11 1 1
0 2 4 6 11 1 2
0 2 3 6 11 2 1
0 2 4 6 11 2 2
0 2 0 6 11 3 1
0 2 4 6 11 3 2
0 2 15 6 11 4 1
0 2 25 6 11 5 1
0 2 13 6 11 6 1
0 2 11 6 11 7 1
0 2 11 6 11 8 1
0 2 11 6 11 9 1
0 2 11 6 11 10 1
0 5 0 6 13 1 1
0 5 3 6 13 1 2
0 5 0 6 13 2 1
0 5 3 6 13 2 2
0 5 23 6 13 3 1
0 5 23 6 13 4 1
0 5 23 6 13 5 1
0 5 23 6 13 6 1
0 5 22 6 13 7 1
0 5 21 6 13 8 1
0 5 21 6 13 9 1
0 8 4 6 14 1 1
0 8 4 6 14 1 2
0 8 26 6 14 2 1
0 8 26 6 14 3 1
0 8 26 6 14 4 1
0 8 26 6 14 5 1
0 8 14 6 14 6 1
0 8 25 6 14 7 1
0 8 25 6 14 8 1
0 8 25 6 14 9 1
0 5 13 6 15 2 1
0 5 13 6 15 3 1
0 5 12 6 15 4 1
0 5 12 6 15 5 1
0 5 12 6 15 6 1
0 5 12 6 15 7 1
0 5 11 6 15 8 1
0 5 22 6 15 9 1
0 5 10 6 15 10 1
0 5 15 6 16 4 1
0 5 15 6 16 5 1
0 5 15 6 16 6 1
0 2 26 6 16 7 1
0 2 14 6 16 8 1
0 3 14 6 16 9 1
0 3 14 6 16 10 1
0 6 4 6 17 5 1
0 6 4 6 17 5 2
0 6 4 6 17 6 1
0 6 4 6 17 6 2
0 6 3 6 17 7 1
0 6 4 6 17 7 2
0 6 2 6 17 8 1
0 6 4 6 17 8 2
0 6 0 6 17 9 1
0 6 4 6 17 9 2
0 7 22 6 17 10 1
0 2 4 6 18 6 1
0 2 4 6 18 6 2
0 2 4 6 18 7 1
0 2 4 6 18 7 2
0 2 4 6 18 8 1
0 2 4 6 18 8 2
0 2 3 6 18 9 1
0 2 4 6 18 9 2
0 2 25 6 18 10 1
0 3 26 6 19 7 1
0 2 14 6 19 8 1
0 2 14 6 19 9 1
0 2 11 6 19 10 1
0 7 3 6 20 8 1
0 7 4 6 20 8 2
0 7 3 6 20 9 1
0 7 4 6 20 9 2
0 7 23 6 20 10 1
0 11 22 7 0 12 1
0 2 8 7 2 12 1
0 2 3 7 2 12 2
0 2 0 7 2 13 1
0 2 3 7 2 13 2
0 2 29 7 2 14 1
0 2 24 7 2 15 1
0 2 24 7 2 16 1
0 2 12 7 2 17 1
0 2 12 7 2 18 1
0 2 22 7 2 19 1
0 2 10 7 3 12 1
0 2 5 7 5 12 1
0 2 3 7 5 12 2
0 2 0 7 5 13 1
0 2 3 7 5 13 2
0 2 29 7 5 14 1
0 2 24 7 5 15 1
0 2 24 7 5 16 1
0 2 23 7 5 17 1
0 2 10 7 5 18 1
0 2 10 7 5 19 1
0 3 4 7 12 12 1
0 3 4 7 12 12 2
0 3 3 7 12 13 1
0 3 4 7 12 13 2
0 3 2 7 12 14 1
0 3 3 7 12 14 2
0 3 26 7 12 15 1
0 3 14 7 12 16 1
0 3 25 7 12 17 1
0 3 23 7 12 18 1
0 3 23 7 12 19 1
0 8 4 7 13 12 1
0 8 4 7 13 12 2
0 8 4 7 13 13 1
0 8 4 7 13 13 2
0 8 3 7 13 14 1
0 8 3 7 13 14 2
0 8 26 7 13 15 1
0 8 25 7 13 16 1
0 8 25 7 13 17 1
0 8 25 7 13 18 1
0 6 4 7 14 12 1
0 8 4 7 14 12 2
0 6 4 7 14 13 1
0 6 4 7 14 13 2
0 6 3 7 14 14 1
0 6 3 7 14 14 2
0 6 26 7 14 15 1
0 6 25 7 14 16 1
0 6 25 7 14 17 1
0 6 25 7 14 18 1
0 3 3 7 15 12 1
0 3 4 7 15 12 2
0 3 6 7 15 13 1
0 3 3 7 15 13 2
0 3 31 7 15 14 1
0 3 26 7 15 15 1
0 3 26 7 15 16 1
0 3 25 7 15 17 1
0 3 25 7 15 18 1
0 3 24 7 15 19 1
0 2 3 7 1 6 1
0 2 3 7 1 6 2
0 2 3 7 1 7 1
0 2 3 7 1 7 2
0 2 3 7 1 8 1
0 2 3 7 1 8 2
0 2 3 7 1 9 1
0 2 3 7 1 9 2
0 2 21 7 1 10 1
0 6 3 7 2 5 1
0 6 4 7 2 5 2
0 6 3 7 2 6 1
0 6 3 7 2 6 2
0 6 3 7 2 7 1
0 6 3 7 2 7 2
0 6 2 7 2 8 1
0 6 3 7 2 8 2
0 6 0 7 2 9 1
0 6 3 7 2 9 2
0 8 31 7 3 3 1
0 8 29 7 3 4 1
0 8 23 7 3 5 1
0 8 23 7 3 6 1
0 8 22 7 3 7 1
0 8 21 7 3 8 1
0 6 3 7 4 2 1
0 6 4 7 4 2 2
0 6 3 7 4 3 1
0 6 3 7 4 3 2
0 6 3 7 4 4 1
0 6 3 7 4 4 2
0 6 3 7 4 5 1
0 6 3 7 4 5 2
0 6 31 7 4 6 1
0 6 31 7 4 7 1
0 6 26 7 4 8 1
0 6 26 7 4 9 1
0 3 3 7 5 1 1
0 3 4 7 5 1 2
0 3 31 7 5 2 1
0 3 31 7 5 3 1
0 3 30 7 5 4 1
0 3 30 7 5 5 1
0 3 30 7 5 6 1
0 3 29 7 5 7 1
0 3 13 7 5 8 1
0 3 24 7 5 9 1
0 5 1 7 6 0 1
0 5 3 7 6 0 2
0 5 29 7 6 1 1
0 5 12 7 6 2 1
0 5 23 7 6 3 1
0 5 23 7 6 4 1
0 5 23 7 6 5 1
0 5 23 7 6 6 1
0 5 11 7 6 7 1
0 5 11 7 6 8 1
0 5 21 7 6 9 1
0 8 3 7 8 0 1
0 8 4 7 8 0 2
0 8 1 7 8 1 1
0 8 4 7 8 1 2
0 8 0 7 8 2 1
0 8 4 7 8 2 2
0 8 30 7 8 3 1
0 8 30 7 8 4 1
0 8 30 7 8 5 1
0 8 23 7 8 6 1
0 8 23 7 8 7 1
0 8 10 7 8 8 1
0 8 21 7 8 9 1
0 2 15 7 9 0 1
0 2 26 7 9 1 1
0 2 25 7 9 2 1
0 2 25 7 9 3 1
0 2 13 7 9 4 1
0 2 24 7 9 5 1
0 2 24 7 9 6 1
0 2 24 7 9 7 1
0 2 24 7 9 8 1
0 2 23 7 9 9 1
0 8 3 7 10 0 1
0 8 4 7 10 0 2
0 8 2 7 10 1 1
0 8 4 7 10 1 2
0 8 1 7 10 2 1
0 8 4 7 10 2 2
0 8 1 7 10 3 1
0 8 4 7 10 3 2
0 8 0 7 10 4 1
0 8 3 7 10 4 2
0 8 0 7 10 5 1
0 8 3 7 10 5 2
0 8 14 7 10 6 1
0 8 12 7 10 7 1
0 8 12 7 10 8 1
0 8 12 7 10 9 1
0 8 23 7 10 10 1
0 5 12 7 11 0 1
0 5 12 7 11 1 1
0 5 12 7 11 2 1
0 5 23 7 11 3 1
0 5 11 7 11 4 1
0 5 11 7 11 5 1
0 5 11 7 11 6 1
0 5 22 7 11 7 1
0 5 22 7 11 8 1
0 5 22 7 11 9 1
0 5 13 7 12 0 1
0 5 24 7 12 1 1
0 5 24 7 12 2 1
0 5 24 7 12 3 1
0 5 24 7 12 4 1
0 5 12 7 12 5 1
0 5 23 7 12 6 1
0 5 23 7 12 7 1
0 5 22 7 12 8 1
0 5 22 7 12 9 1
0 2 4 7 13 0 1
0 2 4 7 13 0 2
0 2 3 7 13 1 1
0 2 4 7 13 1 2
0 2 3 7 13 2 1
0 2 4 7 13 2 2
0 2 3 7 13 3 1
0 2 4 7 13 3 2
0 2 2 7 13 4 1
0 2 4 7 13 4 2
0 2 31 7 13 5 1
0 2 31 7 13 6 1
0 2 31 7 13 7 1
0 2 26 7 13 8 1
0 2 26 7 13 9 1
0 4 4 7 14 0 1
0 4 4 7 14 0 2
0 4 4 7 14 1 1
0 4 4 7 14 1 2
0 4 4 7 14 2 1
0 4 4 7 14 2 2
0 4 6 7 14 3 1
0 4 4 7 14 3 2
0 4 15 7 14 4 1
0 4 15 7 14 5 1
0 4 26 7 14 6 1
0 4 26 7 14 7 1
0 4 26 7 14 8 1
0 4 26 7 14 9 1
0 5 24 7 15 0 1
0 5 24 7 15 1 1
0 5 24 7 15 2 1
0 5 24 7 15 3 1
0 5 24 7 15 4 1
0 5 24 7 15 5 1
0 5 23 7 15 6 1
0 5 23 7 15 7 1
0 5 23 7 15 8 1
0 5 23 7 15 9 1
0 8 4 7 16 1 1
0 8 4 7 16 1 2
0 8 13 7 16 2 1
0 8 13 7 16 3 1
0 8 12 7 16 4 1
0 8 11 7 16 5 1
0 8 11 7 16 6 1
0 8 11 7 16 7 1
0 8 10 7 16 8 1
0 8 10 7 16 9 1
0 8 21 7 16 10 1
0 1 4 7 17 2 1
0 1 4 7 17 2 2
0 1 4 7 17 3 1
0 1 4 7 17 3 2
0 1 4 7 17 4 1
0 1 4 7 17 4 2
0 1 4 7 17 5 1
0 1 4 7 17 5 2
0 1 3 7 17 6 1
0 1 4 7 17 6 2
0 1 3 7 17 7 1
0 1 4 7 17 7 2
0 1 3 7 17 8 1
0 1 4 7 17 8 2
0 1 3 7 17 9 1
0 1 3 7 17 9 2
0 1 0 7 17 10 1
0 1 0 7 17 10 2
0 8 4 7 18 3 1
0 8 4 7 18 3 2
0 8 2 7 18 4 1
0 8 4 7 18 4 2
0 8 2 7 18 5 1
0 8 4 7 18 5 2
0 8 22 7 18 6 1
0 8 22 7 18 7 1
0 8 21 7 18 8 1
0 8 21 7 18 9 1
0 6 4 7 19 5 1
0 6 4 7 19 5 2
0 6 4 7 19 6 1
0 6 4 7 19 6 2
0 6 4 7 19 7 1
0 6 4 7 19 7 2
0 6 4 7 19 8 1
0 6 4 7 19 8 2
0 6 3 7 19 9 1
0 6 4 7 19 9 2
0 2 12 8 0 12 1
0 2 23 8 0 13 1
0 2 23 8 0 14 1
0 2 11 8 0 15 1
0 2 10 8 0 16 1
0 2 10 8 0 17 1
0 2 3 8 2 12 1
0 2 3 8 2 12 2
0 2 0 8 2 13 1
0 2 3 8 2 13 2
0 2 13 8 2 14 1
0 2 12 8 2 15 1
0 2 23 8 2 16 1
0 2 23 8 2 17 1
0 2 22 8 2 18 1
0 2 21 8 2 19 1
0 8 25 8 3 12 1
0 2 2 8 4 12 1
0 2 3 8 4 12 2
0 2 2 8 4 13 1
0 2 3 8 4 13 2
0 2 14 8 4 14 1
0 2 14 8 4 15 1
0 2 25 8 4 16 1
0 2 24 8 4 17 1
0 2 12 8 4 18 1
0 2 21 8 4 19 1
0 2 2 8 5 12 1
0 2 3 8 5 12 2
0 2 2 8 5 13 1
0 2 2 8 5 13 2
0 2 24 8 5 14 1
0 2 22 8 5 15 1
0 2 22 8 5 16 1
0 2 10 8 5 17 1
0 3 14 8 6 12 1
0 3 14 8 6 13 1
0 3 14 8 6 14 1
0 3 14 8 6 15 1
0 3 14 8 6 16 1
0 3 25 8 6 17 1
0 3 24 8 6 18 1
0 3 10 8 6 19 1
0 3 1 8 7 12 1
0 3 4 8 7 12 2
0 3 1 8 7 13 1
0 3 2 8 7 13 2
0 3 25 8 7 14 1
0 3 25 8 7 15 1
0 3 24 8 7 16 1
0 3 24 8 7 17 1
0 3 22 8 7 18 1
0 3 21 8 7 19 1
0 3 25 8 8 12 1
0 3 25 8 8 13 1
0 3 25 8 8 14 1
0 3 25 8 8 15 1
0 3 24 8 8 16 1
0 3 24 8 8 17 1
0 3 23 8 8 18 1
0 3 21 8 8 19 1
0 3 15 8 9 12 1
0 3 26 8 9 13 1
0 3 14 8 9 14 1
0 3 14 8 9 15 1
0 3 14 8 9 16 1
0 3 25 8 9 17 1
0 3 13 8 9 18 1
0 3 23 8 9 19 1
0 5 1 8 16 12 1
0 5 4 8 16 12 2
0 5 1 8 16 13 1
0 5 3 8 16 13 2
0 5 15 8 16 14 1
0 5 15 8 16 15 1
0 5 26 8 16 16 1
0 5 14 8 16 17 1
0 5 14 8 16 18 1
0 5 14 8 16 19 1
0 1 4 8 17 12 1
0 1 4 8 17 12 2
0 1 4 8 17 13 1
0 1 4 8 17 13 2
0 1 1 8 17 14 1
0 1 3 8 17 14 2
0 1 0 8 17 15 1
0 1 3 8 17 15 2
0 1 24 8 17 16 1
0 1 24 8 17 17 1
0 1 24 8 17 18 1
0 1 12 8 17 19 1
0 5 14 8 18 12 1
0 1 3 8 19 12 1
0 1 4 8 19 12 2
0 1 3 8 19 13 1
0 1 4 8 19 13 2
0 1 3 8 19 14 1
0 1 3 8 19 14 2
0 1 3 8 19 15 1
0 1 3 8 19 15 2
0 1 2 8 19 16 1
0 1 0 8 19 16 2
0 1 1 8 19 17 1
0 1 0 8 19 17 2
0 1 23 8 19 18 1
0 4 25 8 20 12 1
0 2 4 8 21 12 1
0 2 4 8 21 12 2
0 8 26 8 21 13 1
0 8 25 8 21 14 1
0 9 3 8 1 6 1
0 9 3 8 1 6 2
0 9 24 8 1 7 1
0 9 24 8 1 8 1
0 9 23 8 1 9 1
0 6 4 8 2 5 1
0 6 4 8 2 5 2
0 6 4 8 2 6 1
0 6 4 8 2 6 2
0 6 4 8 2 7 1
0 6 4 8 2 7 2
0 6 3 8 2 8 1
0 6 4 8 2 8 2
0 6 2 8 2 9 1
0 6 3 8 2 9 2
0 6 25 8 2 10 1
0 2 4 8 3 3 1
0 2 4 8 3 3 2
0 2 1 8 3 4 1
0 2 4 8 3 4 2
0 2 25 8 3 5 1
0 2 25 8 3 6 1
0 2 25 8 3 7 1
0 2 24 8 3 8 1
0 2 24 8 3 9 1
0 6 4 8 4 2 1
0 6 4 8 4 2 2
0 6 4 8 4 3 1
0 6 4 8 4 3 2
0 6 4 8 4 4 1
0 6 4 8 4 4 2
0 6 3 8 4 5 1
0 6 4 8 4 5 2
0 6 3 8 4 6 1
0 6 4 8 4 6 2
0 6 3 8 4 7 1
0 6 3 8 4 7 2
0 6 3 8 4 8 1
0 6 3 8 4 8 2
0 6 3 8 4 9 1
0 6 3 8 4 9 2
0 6 26 8 4 10 1
0 8 3 8 5 1 1
0 8 4 8 5 1 2
0 8 13 8 5 2 1
0 8 12 8 5 3 1
0 8 23 8 5 4 1
0 8 23 8 5 5 1
0 8 23 8 5 6 1
0 8 23 8 5 7 1
0 8 23 8 5 8 1
0 8 23 8 5 9 1
0 5 24 8 6 0 1
0 5 24 8 6 1 1
0 5 12 8 6 2 1
0 5 12 8 6 3 1
0 5 12 8 6 4 1
0 5 12 8 6 5 1
0 5 12 8 6 6 1
0 5 23 8 6 7 1
0 5 23 8 6 8 1
0 3 23 8 6 9 1
0 5 0 8 7 0 1
0 5 0 8 7 0 2
0 5 0 8 7 1 1
0 5 0 8 7 1 2
0 5 22 8 7 2 1
0 5 22 8 7 3 1
0 5 22 8 7 4 1
0 5 10 8 7 5 1
0 5 10 8 7 6 1
0 5 10 8 7 7 1
0 5 10 8 7 8 1
0 5 21 8 7 9 1
0 5 22 8 8 0 1
0 5 22 8 8 1 1
0 5 22 8 8 2 1
0 5 22 8 8 3 1
0 5 22 8 8 4 1
0 5 22 8 8 5 1
0 5 22 8 8 6 1
0 5 22 8 8 7 1
0 5 22 8 8 8 1
0 5 21 8 8 9 1
0 4 0 8 9 0 1
0 4 3 8 9 0 2
0 4 24 8 9 1 1
0 4 24 8 9 2 1
0 4 24 8 9 3 1
0 4 24 8 9 4 1
0 4 24 8 9 5 1
0 4 24 8 9 6 1
0 4 24 8 9 7 1
0 4 24 8 9 8 1
0 4 10 8 9 9 1
0 8 3 8 10 0 1
0 8 4 8 10 0 2
0 8 3 8 10 1 1
0 8 4 8 10 1 2
0 8 3 8 10 2 1
0 8 4 8 10 2 2
0 8 3 8 10 3 1
0 8 4 8 10 3 2
0 8 23 8 10 4 1
0 8 23 8 10 5 1
0 8 23 8 10 6 1
0 8 23 8 10 7 1
0 8 23 8 10 8 1
0 8 23 8 10 9 1
0 4 4 8 11 0 1
0 4 4 8 11 0 2
0 4 4 8 11 1 1
0 4 4 8 11 1 2
0 4 3 8 11 2 1
0 4 4 8 11 2 2
0 4 3 8 11 3 1
0 4 4 8 11 3 2
0 4 3 8 11 4 1
0 4 4 8 11 4 2
0 4 15 8 11 5 1
0 4 15 8 11 6 1
0 4 26 8 11 7 1
0 4 26 8 11 8 1
0 4 26 8 11 9 1
0 5 13 8 12 0 1
0 5 13 8 12 1 1
0 5 24 8 12 2 1
0 5 24 8 12 3 1
0 5 24 8 12 4 1
0 5 24 8 12 5 1
0 5 24 8 12 6 1
0 5 23 8 12 7 1
0 5 11 8 12 8 1
0 5 22 8 12 9 1
0 2 4 8 13 0 1
0 2 4 8 13 0 2
0 2 3 8 13 1 1
0 2 4 8 13 1 2
0 2 26 8 13 2 1
0 2 25 8 13 3 1
0 2 25 8 13 4 1
0 2 25 8 13 5 1
0 2 25 8 13 6 1
0 2 25 8 13 7 1
0 2 25 8 13 8 1
0 2 25 8 13 9 1
0 2 3 8 14 0 1
0 2 4 8 14 0 2
0 2 2 8 14 1 1
0 2 4 8 14 1 2
0 2 2 8 14 2 1
0 2 4 8 14 2 2
0 2 0 8 14 3 1
0 2 4 8 14 3 2
0 2 23 8 14 4 1
0 2 23 8 14 5 1
0 2 11 8 14 6 1
0 2 22 8 14 7 1
0 2 22 8 14 8 1
0 2 22 8 14 9 1
0 5 23 8 15 0 1
0 5 23 8 15 1 1
0 5 23 8 15 2 1
0 5 23 8 15 3 1
0 5 23 8 15 4 1
0 5 23 8 15 5 1
0 5 22 8 15 6 1
0 5 22 8 15 7 1
0 5 22 8 15 8 1
0 5 25 8 16 1 1
0 5 13 8 16 2 1
0 5 13 8 16 3 1
0 5 24 8 16 4 1
0 5 24 8 16 5 1
0 5 24 8 16 6 1
0 5 12 8 16 7 1
0 5 22 8 16 8 1
0 5 22 8 16 9 1
0 5 25 8 17 2 1
0 5 25 8 17 3 1
0 5 24 8 17 4 1
0 5 12 8 17 5 1
0 5 12 8 17 6 1
0 5 11 8 17 7 1
0 5 22 8 17 8 1
0 5 22 8 17 9 1
0 1 1 8 18 3 1
0 1 1 8 18 3 2
0 1 24 8 18 4 1
0 1 24 8 18 5 1
0 1 24 8 18 6 1
0 1 24 8 18 7 1
0 1 22 8 18 8 1
0 11 22 8 18 9 1
0 5 3 8 19 5 1
0 5 3 8 19 5 2
0 5 15 8 19 6 1
0 5 26 8 19 7 1
0 5 26 8 19 8 1
0 5 25 8 19 9 1
0 2 3 8 20 6 1
0 2 4 8 20 6 2
0 2 3 8 20 7 1
0 2 3 8 20 7 2
0 2 3 8 20 8 1
0 2 3 8 20 8 2
0 2 14 8 20 9 1
0 2 25 8 20 10 1
0 5 2 9 0 12 1
0 5 3 9 0 12 2
0 5 13 9 0 13 1
0 5 13 9 0 14 1
0 5 24 9 0 15 1
0 5 24 9 0 16 1
0 5 12 9 0 17 1
0 5 22 9 0 18 1
0 5 10 9 0 19 1
0 5 3 9 1 12 1
0 5 4 9 1 12 2
0 5 14 9 1 13 1
0 5 25 9 1 14 1
0 5 25 9 1 15 1
0 5 24 9 1 16 1
0 5 23 9 1 17 1
0 5 23 9 1 18 1
0 5 23 9 1 19 1
0 5 2 9 2 12 1
0 5 2 9 2 12 2
0 5 14 9 2 13 1
0 5 25 9 2 14 1
0 5 13 9 2 15 1
0 5 24 9 2 16 1
0 5 24 9 2 17 1
0 5 24 9 2 18 1
0 5 23 9 2 19 1
0 5 1 9 3 12 1
0 5 3 9 3 12 2
0 5 0 9 3 13 1
0 5 3 9 3 13 2
0 5 25 9 3 14 1
0 5 25 9 3 15 1
0 5 25 9 3 16 1
0 5 24 9 3 17 1
0 5 10 9 3 18 1
0 5 21 9 3 19 1
0 4 4 9 4 12 1
0 4 4 9 4 12 2
0 4 3 9 4 13 1
0 4 4 9 4 13 2
0 4 3 9 4 14 1
0 4 4 9 4 14 2
0 4 25 9 4 15 1
0 4 12 9 4 16 1
0 4 11 9 4 17 1
0 4 22 9 4 18 1
0 4 22 9 4 19 1
0 1 4 9 6 12 1
0 1 4 9 6 12 2
0 1 4 9 6 13 1
0 1 4 9 6 13 2
0 1 3 9 6 14 1
0 1 4 9 6 14 2
0 1 3 9 6 15 1
0 1 3 9 6 15 2
0 1 13 9 6 16 1
0 1 12 9 6 17 1
0 1 23 9 6 18 1
0 1 22 9 6 19 1
0 4 3 9 7 12 1
0 4 4 9 7 12 2
0 4 6 9 7 13 1
0 4 3 9 7 13 2
0 4 31 9 7 14 1
0 4 15 9 7 15 1
0 4 26 9 7 16 1
0 4 26 9 7 17 1
0 4 26 9 7 18 1
0 4 11 9 7 19 1
0 8 30 9 8 12 1
0 6 30 9 10 12 1
0 6 30 9 10 13 1
0 3 3 9 11 12 1
0 3 4 9 11 12 2
0 3 31 9 11 13 1
0 3 31 9 11 14 1
0 3 15 9 11 15 1
0 3 25 9 11 16 1
0 3 25 9 11 17 1
0 3 24 9 11 18 1
0 3 10 9 11 19 1
0 3 6 9 12 12 1
0 3 4 9 12 12 2
0 3 30 9 12 13 1
0 3 30 9 12 14 1
0 3 25 9 12 15 1
0 3 25 9 12 16 1
0 3 24 9 12 17 1
0 3 24 9 12 18 1
0 3 23 9 12 19 1
0 5 2 9 14 12 1
0 5 3 9 14 12 2
0 5 26 9 14 13 1
0 5 14 9 14 14 1
0 5 14 9 14 15 1
0 5 14 9 14 16 1
0 5 14 9 14 17 1
0 5 14 9 14 18 1
0 5 25 9 14 19 1
0 5 2 9 15 12 1
0 5 2 9 15 12 2
0 5 23 9 15 13 1
0 5 23 9 15 14 1
0 5 23 9 15 15 1
0 5 11 9 15 16 1
0 5 11 9 15 17 1
0 5 10 9 15 18 1
0 5 10 9 15 19 1
0 5 11 9 16 12 1
0 5 22 9 16 13 1
0 5 22 9 16 14 1
0 2 3 9 17 12 1
0 2 4 9 17 12 2
0 2 3 9 17 13 1
0 2 4 9 17 13 2
0 2 30 9 17 14 1
0 2 25 9 17 15 1
0 2 25 9 17 16 1
0 2 25 9 17 17 1
0 2 13 9 17 18 1
0 2 24 9 17 19 1
0 2 3 9 18 12 1
0 2 3 9 18 12 2
0 2 28 9 18 13 1
0 2 12 9 18 14 1
0 2 23 9 18 15 1
0 2 23 9 18 16 1
0 2 23 9 18 17 1
0 2 11 9 18 18 1
0 2 11 9 18 19 1
0 1 3 9 19 12 1
0 1 4 9 19 12 2
0 1 3 9 19 13 1
0 1 4 9 19 13 2
0 1 6 9 19 14 1
0 1 3 9 19 14 2
0 1 0 9 19 15 1
0 1 3 9 19 15 2
0 1 13 9 19 16 1
0 1 24 9 19 17 1
0 1 12 9 19 18 1
0 1 23 9 19 19 1
0 2 4 9 20 12 1
0 2 4 9 20 12 2
0 2 3 9 20 13 1
0 2 3 9 20 13 2
0 2 3 9 20 14 1
0 2 3 9 20 14 2
0 2 3 9 20 15 1
0 2 3 9 20 15 2
0 2 26 9 20 16 1
0 2 25 9 20 17 1
0 2 23 9 20 18 1
0 2 22 9 20 19 1
0 2 4 9 21 12 1
0 2 4 9 21 12 2
0 2 3 9 21 13 1
0 2 4 9 21 13 2
0 2 3 9 21 14 1
0 2 4 9 21 14 2
0 2 3 9 21 15 1
0 2 3 9 21 15 2
0 1 3 9 21 16 1
0 1 0 9 21 16 2
0 1 22 9 21 17 1
0 1 22 9 21 18 1
0 10 3 9 1 3 1
0 10 4 9 1 3 2
0 10 3 9 1 4 1
0 10 3 9 1 4 2
0 10 3 9 1 5 1
0 10 3 9 1 5 2
0 10 3 9 1 6 1
0 10 3 9 1 6 2
0 10 22 9 1 7 1
0 10 22 9 1 8 1
0 10 21 9 1 9 1
0 5 0 9 2 2 1
0 5 2 9 2 2 2
0 5 24 9 2 3 1
0 5 24 9 2 4 1
0 5 23 9 2 5 1
0 5 23 9 2 6 1
0 5 22 9 2 7 1
0 5 22 9 2 8 1
0 5 10 9 2 9 1
0 7 2 9 3 2 1
0 7 4 9 3 2 2
0 7 1 9 3 3 1
0 7 3 9 3 3 2
0 7 25 9 3 4 1
0 7 25 9 3 5 1
0 7 25 9 3 6 1
0 7 25 9 3 7 1
0 7 25 9 3 8 1
0 7 22 9 3 9 1
0 5 1 9 4 1 1
0 5 1 9 4 1 2
0 5 24 9 4 2 1
0 5 12 9 4 3 1
0 5 23 9 4 4 1
0 5 23 9 4 5 1
0 5 23 9 4 6 1
0 5 23 9 4 7 1
0 5 22 9 4 8 1
0 5 22 9 4 9 1
0 9 4 9 5 1 1
0 9 4 9 5 1 2
0 9 3 9 5 2 1
0 9 4 9 5 2 2
0 9 3 9 5 3 1
0 9 4 9 5 3 2
0 9 3 9 5 4 1
0 9 4 9 5 4 2
0 9 3 9 5 5 1
0 9 4 9 5 5 2
0 9 3 9 5 6 1
0 9 4 9 5 6 2
0 9 3 9 5 7 1
0 9 4 9 5 7 2
0 9 3 9 5 8 1
0 9 4 9 5 8 2
0 9 14 9 5 9 1
0 9 25 9 5 10 1
0 6 4 9 6 0 1
0 6 4 9 6 0 2
0 6 4 9 6 1 1
0 6 4 9 6 1 2
0 6 4 9 6 2 1
0 6 4 9 6 2 2
0 6 30 9 6 3 1
0 6 30 9 6 4 1
0 6 30 9 6 5 1
0 6 30 9 6 6 1
0 6 25 9 6 7 1
0 6 25 9 6 8 1
0 6 23 9 6 9 1
0 2 0 9 7 0 1
0 2 4 9 7 0 2
0 2 0 9 7 1 1
0 2 3 9 7 1 2
0 2 11 9 7 2 1
0 2 11 9 7 3 1
0 2 22 9 7 4 1
0 2 22 9 7 5 1
0 2 22 9 7 6 1
0 2 27 9 7 7 1
0 2 10 9 7 8 1
0 2 21 9 7 9 1
0 5 1 9 8 0 1
0 5 4 9 8 0 2
0 5 0 9 8 1 1
0 5 3 9 8 1 2
0 5 14 9 8 2 1
0 5 29 9 8 3 1
0 5 13 9 8 4 1
0 5 11 9 8 5 1
0 5 11 9 8 6 1
0 5 11 9 8 7 1
0 5 11 9 8 8 1
0 5 11 9 8 9 1
0 5 11 9 8 10 1
0 8 3 9 9 0 1
0 8 3 9 9 0 2
0 8 2 9 9 1 1
0 8 3 9 9 1 2
0 8 14 9 9 2 1
0 8 14 9 9 3 1
0 8 13 9 9 4 1
0 8 13 9 9 5 1
0 8 24 9 9 6 1
0 8 12 9 9 7 1
0 8 11 9 9 8 1
0 8 11 9 9 9 1
0 8 11 9 9 10 1
0 5 1 9 10 0 1
0 5 3 9 10 0 2
0 5 30 9 10 1 1
0 5 13 9 10 2 1
0 5 24 9 10 3 1
0 5 28 9 10 4 1
0 5 12 9 10 5 1
0 5 23 9 10 6 1
0 5 23 9 10 7 1
0 5 23 9 10 8 1
0 5 23 9 10 9 1
0 5 30 9 11 0 1
0 5 13 9 11 1 1
0 5 24 9 11 2 1
0 5 24 9 11 3 1
0 5 24 9 11 4 1
0 5 24 9 11 5 1
0 5 23 9 11 6 1
0 5 11 9 11 7 1
0 5 10 9 11 8 1
0 5 10 9 11 9 1
0 5 1 9 13 0 1
0 5 3 9 13 0 2
0 5 0 9 13 1 1
0 5 3 9 13 1 2
0 5 14 9 13 2 1
0 5 14 9 13 3 1
0 5 14 9 13 4 1
0 5 14 9 13 5 1
0 5 14 9 13 6 1
0 5 13 9 13 7 1
0 5 13 9 13 8 1
0 5 12 9 13 9 1
0 5 22 9 13 10 1
0 5 2 9 14 0 1
0 5 4 9 14 0 2
0 5 2 9 14 1 1
0 5 3 9 14 1 2
0 5 1 9 14 2 1
0 5 3 9 14 2 2
0 5 0 9 14 3 1
0 5 2 9 14 3 2
0 5 12 9 14 4 1
0 5 12 9 14 5 1
0 5 12 9 14 6 1
0 5 23 9 14 7 1
0 5 23 9 14 8 1
0 5 11 9 14 9 1
0 5 0 9 15 0 1
0 5 3 9 15 0 2
0 5 23 9 15 1 1
0 5 23 9 15 2 1
0 5 23 9 15 3 1
0 5 23 9 15 4 1
0 5 11 9 15 5 1
0 5 11 9 15 6 1
0 5 10 9 15 7 1
0 5 21 9 15 8 1
0 5 21 9 15 9 1
0 5 0 9 16 1 1
0 5 3 9 16 1 2
0 5 13 9 16 2 1
0 5 12 9 16 3 1
0 5 12 9 16 4 1
0 5 12 9 16 5 1
0 5 11 9 16 6 1
0 5 11 9 16 7 1
0 5 11 9 16 8 1
0 5 11 9 16 9 1
0 5 21 9 16 10 1
0 2 7 9 17 1 1
0 2 4 9 17 1 2
0 2 2 9 17 2 1
0 2 3 9 17 2 2
0 2 31 9 17 3 1
0 2 31 9 17 4 1
0 2 30 9 17 5 1
0 2 14 9 17 6 1
0 2 13 9 17 7 1
0 2 23 9 17 8 1
0 2 23 9 17 9 1
0 5 3 9 18 2 1
0 5 3 9 18 2 2
0 5 2 9 18 3 1
0 5 3 9 18 3 2
0 5 14 9 18 4 1
0 5 14 9 18 5 1
0 5 14 9 18 6 1
0 5 13 9 18 7 1
0 5 11 9 18 8 1
0 5 22 9 18 9 1
0 5 10 9 18 10 1
0 3 6 9 19 2 1
0 3 3 9 19 2 2
0 3 30 9 19 3 1
0 3 30 9 19 4 1
0 3 30 9 19 5 1
0 3 29 9 19 6 1
0 3 29 9 19 7 1
0 3 23 9 19 8 1
0 3 22 9 19 9 1
0 2 3 9 20 3 1
0 2 4 9 20 3 2
0 2 3 9 20 4 1
0 2 4 9 20 4 2
0 2 2 9 20 5 1
0 2 4 9 20 5 2
0 2 2 9 20 6 1
0 2 3 9 20 6 2
0 2 24 9 20 7 1
0 2 12 9 20 8 1
0 2 22 9 20 9 1
0 5 0 10 0 12 1
0 5 4 10 0 12 2
0 5 14 10 0 13 1
0 5 25 10 0 14 1
0 5 25 10 0 15 1
0 5 13 10 0 16 1
0 5 24 10 0 17 1
0 5 24 10 0 18 1
0 1 24 10 0 19 1
0 2 0 10 1 12 1
0 2 3 10 1 12 2
0 2 0 10 1 13 1
0 2 3 10 1 13 2
0 2 13 10 1 14 1
0 2 13 10 1 15 1
0 2 24 10 1 16 1
0 2 24 10 1 17 1
0 2 24 10 1 18 1
0 2 24 10 1 19 1
0 5 0 10 2 12 1
0 5 3 10 2 12 2
0 5 0 10 2 13 1
0 5 3 10 2 13 2
0 5 24 10 2 14 1
0 5 12 10 2 15 1
0 5 23 10 2 16 1
0 5 23 10 2 17 1
0 5 23 10 2 18 1
0 5 10 10 2 19 1
0 4 4 10 3 12 1
0 4 4 10 3 12 2
0 4 3 10 3 13 1
0 4 4 10 3 13 2
0 4 3 10 3 14 1
0 4 4 10 3 14 2
0 4 3 10 3 15 1
0 4 3 10 3 15 2
0 4 25 10 3 16 1
0 4 23 10 3 17 1
0 4 21 10 3 18 1
0 4 21 10 3 19 1
0 4 3 10 4 12 1
0 4 4 10 4 12 2
0 4 0 10 4 13 1
0 4 4 10 4 13 2
0 4 25 10 4 14 1
0 4 25 10 4 15 1
0 4 25 10 4 16 1
0 4 25 10 4 17 1
0 4 25 10 4 18 1
0 4 24 10 4 19 1
0 2 0 10 5 12 1
0 2 3 10 5 12 2
0 2 25 10 5 13 1
0 2 25 10 5 14 1
0 2 25 10 5 15 1
0 2 25 10 5 16 1
0 2 24 10 5 17 1
0 2 23 10 5 18 1
0 2 22 10 5 19 1
0 2 3 10 7 12 1
0 2 3 10 7 12 2
0 2 2 10 7 13 1
0 2 3 10 7 13 2
0 2 24 10 7 14 1
0 2 24 10 7 15 1
0 2 24 10 7 16 1
0 2 12 10 7 17 1
0 2 23 10 7 18 1
0 2 11 10 7 19 1
0 2 0 10 8 12 1
0 2 3 10 8 12 2
0 2 0 10 8 13 1
0 2 3 10 8 13 2
0 2 25 10 8 14 1
0 2 24 10 8 15 1
0 2 23 10 8 16 1
0 2 11 10 8 17 1
0 2 22 10 8 18 1
0 2 10 10 8 19 1
0 2 13 10 9 12 1
0 2 13 10 9 13 1
0 2 24 10 9 14 1
0 2 12 10 9 15 1
0 2 11 10 9 16 1
0 2 22 10 9 17 1
0 2 21 10 9 18 1
0 2 21 10 9 19 1
0 2 3 10 10 12 1
0 2 4 10 10 12 2
0 2 24 10 10 13 1
0 2 24 10 10 14 1
0 2 24 10 10 15 1
0 2 24 10 10 16 1
0 2 11 10 10 17 1
0 2 22 10 10 18 1
0 2 21 10 10 19 1
0 4 4 10 16 12 1
0 4 4 10 16 12 2
0 4 4 10 16 13 1
0 4 4 10 16 13 2
0 4 3 10 16 14 1
0 4 4 10 16 14 2
0 4 25 10 16 15 1
0 4 25 10 16 16 1
0 4 23 10 16 17 1
0 4 23 10 16 18 1
0 4 22 10 16 19 1
0 2 3 10 17 12 1
0 2 4 10 17 12 2
0 2 3 10 17 13 1
0 2 3 10 17 13 2
0 2 24 10 17 14 1
0 2 24 10 17 15 1
0 2 24 10 17 16 1
0 2 24 10 17 17 1
0 2 23 10 17 18 1
0 2 11 10 17 19 1
0 4 4 10 18 12 1
0 4 4 10 18 12 2
0 4 3 10 18 13 1
0 4 4 10 18 13 2
0 4 3 10 18 14 1
0 4 4 10 18 14 2
0 4 25 10 18 15 1
0 4 25 10 18 16 1
0 4 25 10 18 17 1
0 4 23 10 18 18 1
0 4 11 10 18 19 1
0 4 3 10 19 12 1
0 4 4 10 19 12 2
0 4 14 10 19 13 1
0 4 25 10 19 14 1
0 4 25 10 19 15 1
0 4 25 10 19 16 1
0 4 13 10 19 17 1
0 4 22 10 19 18 1
0 5 11 10 19 19 1
0 7 4 10 20 12 1
0 7 4 10 20 12 2
0 7 4 10 20 13 1
0 7 4 10 20 13 2
0 7 3 10 20 14 1
0 7 3 10 20 14 2
0 7 3 10 20 15 1
0 7 3 10 20 15 2
0 7 25 10 20 16 1
0 7 23 10 20 17 1
0 7 23 10 20 18 1
0 7 22 10 20 19 1
0 2 13 10 21 12 1
0 2 24 10 21 13 1
0 2 24 10 21 14 1
0 2 23 10 21 15 1
0 2 23 10 21 16 1
0 2 22 10 21 17 1
0 2 21 10 21 18 1
0 2 21 10 21 19 1
0 6 3 10 1 3 1
0 6 4 10 1 3 2
0 6 3 10 1 4 1
0 6 4 10 1 4 2
0 6 3 10 1 5 1
0 6 4 10 1 5 2
0 6 3 10 1 6 1
0 6 4 10 1 6 2
0 6 0 10 1 7 1
0 6 3 10 1 7 2
0 6 0 10 1 8 1
0 6 3 10 1 8 2
0 6 14 10 1 9 1
0 6 25 10 1 10 1
0 6 4 10 2 2 1
0 6 4 10 2 2 2
0 6 4 10 2 3 1
0 6 4 10 2 3 2
0 6 4 10 2 4 1
0 6 4 10 2 4 2
0 6 4 10 2 5 1
0 6 4 10 2 5 2
0 6 3 10 2 6 1
0 6 4 10 2 6 2
0 6 3 10 2 7 1
0 6 3 10 2 7 2
0 6 3 10 2 8 1
0 6 3 10 2 8 2
0 6 3 10 2 9 1
0 6 3 10 2 9 2
0 6 26 10 2 10 1
0 7 3 10 3 2 1
0 7 4 10 3 2 2
0 7 26 10 3 3 1
0 7 26 10 3 4 1
0 7 26 10 3 5 1
0 7 26 10 3 6 1
0 7 26 10 3 7 1
0 7 26 10 3 8 1
0 7 26 10 3 9 1
0 8 4 10 4 1 1
0 8 4 10 4 1 2
0 8 3 10 4 2 1
0 8 4 10 4 2 2
0 8 3 10 4 3 1
0 8 4 10 4 3 2
0 8 2 10 4 4 1
0 8 4 10 4 4 2
0 8 23 10 4 5 1
0 8 23 10 4 6 1
0 8 22 10 4 7 1
0 8 22 10 4 8 1
0 8 22 10 4 9 1
0 5 4 10 5 1 1
0 5 4 10 5 1 2
0 5 3 10 5 2 1
0 5 4 10 5 2 2
0 5 3 10 5 3 1
0 5 4 10 5 3 2
0 5 14 10 5 4 1
0 5 14 10 5 5 1
0 5 14 10 5 6 1
0 5 14 10 5 7 1
0 5 13 10 5 8 1
0 5 13 10 5 9 1
0 5 23 10 5 10 1
0 5 11 10 6 0 1
0 5 11 10 6 1 1
0 5 11 10 6 2 1
0 5 11 10 6 3 1
0 5 22 10 6 4 1
0 5 22 10 6 5 1
0 5 22 10 6 6 1
0 5 22 10 6 7 1
0 5 22 10 6 8 1
0 5 22 10 6 9 1
0 4 3 10 7 0 1
0 4 4 10 7 0 2
0 4 3 10 7 1 1
0 4 4 10 7 1 2
0 4 25 10 7 2 1
0 4 25 10 7 3 1
0 4 25 10 7 4 1
0 4 25 10 7 5 1
0 4 25 10 7 6 1
0 4 25 10 7 7 1
0 4 25 10 7 8 1
0 4 24 10 7 9 1
0 4 4 10 8 0 1
0 4 4 10 8 0 2
0 4 4 10 8 1 1
0 4 4 10 8 1 2
0 4 3 10 8 2 1
0 4 4 10 8 2 2
0 4 25 10 8 3 1
0 4 25 10 8 4 1
0 4 25 10 8 5 1
0 4 25 10 8 6 1
0 4 24 10 8 7 1
0 4 24 10 8 8 1
0 4 23 10 8 9 1
0 5 24 10 9 0 1
0 5 24 10 9 1 1
0 5 23 10 9 2 1
0 5 23 10 9 3 1
0 5 23 10 9 4 1
0 5 23 10 9 5 1
0 5 22 10 9 6 1
0 5 22 10 9 7 1
0 5 22 10 9 8 1
0 5 22 10 9 9 1
0 2 3 10 10 0 1
0 2 4 10 10 0 2
0 2 1 10 10 1 1
0 2 3 10 10 1 2
0 2 23 10 10 2 1
0 2 23 10 10 3 1
0 2 23 10 10 4 1
0 2 23 10 10 5 1
0 2 23 10 10 6 1
0 2 23 10 10 7 1
0 2 23 10 10 8 1
0 2 10 10 10 9 1
0 5 0 10 11 0 1
0 5 3 10 11 0 2
0 5 12 10 11 1 1
0 5 12 10 11 2 1
0 5 11 10 11 3 1
0 5 11 10 11 4 1
0 5 11 10 11 5 1
0 5 11 10 11 6 1
0 5 10 10 11 7 1
0 5 10 10 11 8 1
0 5 10 10 11 9 1
0 5 21 10 11 10 1
0 1 3 10 13 0 1
0 1 4 10 13 0 2
0 1 3 10 13 1 1
0 1 4 10 13 1 2
0 1 3 10 13 2 1
0 1 4 10 13 2 2
0 1 2 10 13 3 1
0 1 4 10 13 3 2
0 1 2 10 13 4 1
0 1 3 10 13 4 2
0 1 14 10 13 5 1
0 1 14 10 13 6 1
0 1 14 10 13 7 1
0 1 14 10 13 8 1
0 1 13 10 13 9 1
0 1 23 10 13 10 1
0 7 4 10 14 0 1
0 7 4 10 14 0 2
0 7 4 10 14 1 1
0 7 4 10 14 1 2
0 7 4 10 14 2 1
0 7 4 10 14 2 2
0 7 4 10 14 3 1
0 7 4 10 14 3 2
0 7 3 10 14 4 1
0 7 4 10 14 4 2
0 7 3 10 14 5 1
0 7 4 10 14 5 2
0 7 2 10 14 6 1
0 7 4 10 14 6 2
0 7 15 10 14 7 1
0 7 15 10 14 8 1
0 7 15 10 14 9 1
0 7 23 10 14 10 1
0 5 12 10 15 0 1
0 5 12 10 15 1 1
0 5 11 10 15 2 1
0 5 11 10 15 3 1
0 5 11 10 15 4 1
0 5 11 10 15 5 1
0 5 10 10 15 6 1
0 5 10 10 15 7 1
0 5 10 10 15 8 1
0 5 10 10 15 9 1
0 5 21 10 15 10 1
0 8 4 10 16 1 1
0 8 4 10 16 1 2
0 8 3 10 16 2 1
0 8 4 10 16 2 2
0 8 1 10 16 3 1
0 8 3 10 16 3 2
0 8 26 10 16 4 1
0 8 26 10 16 5 1
0 8 14 10 16 6 1
0 8 25 10 16 7 1
0 7 24 10 16 8 1
0 7 10 10 16 9 1
0 8 3 10 17 1 1
0 8 4 10 17 1 2
0 8 3 10 17 2 1
0 8 4 10 17 2 2
0 8 0 10 17 3 1
0 8 4 10 17 3 2
0 8 23 10 17 4 1
0 8 23 10 17 5 1
0 8 23 10 17 6 1
0 8 23 10 17 7 1
0 8 23 10 17 8 1
0 8 23 10 17 9 1
0 7 4 10 18 2 1
0 7 4 10 18 2 2
0 7 4 10 18 3 1
0 7 4 10 18 3 2
0 7 4 10 18 4 1
0 7 4 10 18 4 2
0 7 4 10 18 5 1
0 7 4 10 18 5 2
0 7 4 10 18 6 1
0 7 4 10 18 6 2
0 7 25 10 18 7 1
0 7 24 10 18 8 1
0 7 22 10 18 9 1
0 8 3 10 19 2 1
0 8 4 10 19 2 2
0 8 3 10 19 3 1
0 8 4 10 19 3 2
0 8 2 10 19 4 1
0 8 3 10 19 4 2
0 8 12 10 19 5 1
0 8 12 10 19 6 1
0 8 12 10 19 7 1
0 8 11 10 19 8 1
0 8 11 10 19 9 1
0 8 22 10 19 10 1
0 8 3 10 20 3 1
0 8 3 10 20 3 2
0 8 2 10 20 4 1
0 8 3 10 20 4 2
0 8 23 10 20 5 1
0 8 23 10 20 6 1
0 8 23 10 20 7 1
0 8 23 10 20 8 1
0 8 22 10 20 9 1
0 5 14 11 0 12 1
0 5 14 11 0 13 1
0 5 13 11 0 14 1
0 5 13 11 0 15 1
0 5 13 11 0 16 1
0 5 24 11 0 17 1
0 5 24 11 0 18 1
0 5 23 11 0 19 1
0 8 3 11 1 12 1
0 8 4 11 1 12 2
0 8 3 11 1 13 1
0 8 3 11 1 13 2
0 8 31 11 1 14 1
0 8 15 11 1 15 1
0 8 25 11 1 16 1
0 8 23 11 1 17 1
0 8 23 11 1 18 1
0 8 23 11 1 19 1
0 5 25 11 3 12 1
0 8 25 11 4 12 1
0 2 3 11 11 12 1
0 2 3 11 11 12 2
0 2 30 11 11 13 1
0 2 24 11 11 14 1
0 2 11 11 11 15 1
0 2 22 11 11 16 1
0 2 10 11 11 17 1
0 2 10 11 11 18 1
0 2 21 11 11 19 1
0 2 2 11 12 12 1
0 2 4 11 12 12 2
0 2 2 11 12 13 1
0 2 3 11 12 13 2
0 2 2 11 12 14 1
0 2 3 11 12 14 2
0 2 23 11 12 15 1
0 2 23 11 12 16 1
0 2 23 11 12 17 1
0 2 22 11 12 18 1
0 2 22 11 12 19 1
0 2 8 11 13 12 1
0 2 3 11 13 12 2
0 2 12 11 13 13 1
0 2 12 11 13 14 1
0 2 12 11 13 15 1
0 2 11 11 13 16 1
0 2 22 11 13 17 1
0 2 10 11 13 18 1
0 2 10 11 13 19 1
0 2 3 11 14 12 1
0 2 3 11 14 12 2
0 2 2 11 14 13 1
0 2 3 11 14 13 2
0 2 30 11 14 14 1
0 2 13 11 14 15 1
0 2 13 11 14 16 1
0 2 11 11 14 17 1
0 2 10 11 14 18 1
0 2 10 11 14 19 1
0 2 3 11 15 12 1
0 2 4 11 15 12 2
0 2 0 11 15 13 1
0 2 4 11 15 13 2
0 2 23 11 15 14 1
0 2 23 11 15 15 1
0 2 11 11 15 16 1
0 2 11 11 15 17 1
0 2 22 11 15 18 1
0 2 10 11 15 19 1
0 2 3 11 16 12 1
0 2 4 11 16 12 2
0 2 3 11 16 13 1
0 2 3 11 16 13 2
0 2 3 11 16 14 1
0 2 3 11 16 14 2
0 2 25 11 16 15 1
0 2 23 11 16 16 1
0 2 23 11 16 17 1
0 2 22 11 16 18 1
0 2 10 11 16 19 1
0 2 3 11 17 12 1
0 2 3 11 17 12 2
0 2 2 11 17 13 1
0 2 3 11 17 13 2
0 2 30 11 17 14 1
0 2 14 11 17 15 1
0 2 14 11 17 16 1
0 2 14 11 17 17 1
0 2 11 11 17 18 1
0 2 21 11 17 19 1
0 2 8 11 18 12 1
0 2 3 11 18 12 2
0 2 3 11 18 13 1
0 2 3 11 18 13 2
0 2 2 11 18 14 1
0 2 3 11 18 14 2
0 2 13 11 18 15 1
0 2 24 11 18 16 1
0 2 12 11 18 17 1
0 2 22 11 18 18 1
0 2 10 11 18 19 1
0 7 23 11 19 12 1
0 2 3 11 20 12 1
0 2 4 11 20 12 2
0 2 3 11 20 13 1
0 2 3 11 20 13 2
0 2 2 11 20 14 1
0 2 3 11 20 14 2
0 2 25 11 20 15 1
0 2 25 11 20 16 1
0 2 23 11 20 17 1
0 2 10 11 20 18 1
0 2 10 11 20 19 1
0 9 30 11 21 12 1
0 2 4 11 1 2 1
0 2 4 11 1 2 2
0 2 4 11 1 3 1
0 2 4 11 1 3 2
0 2 3 11 1 4 1
0 2 4 11 1 4 2
0 2 3 11 1 5 1
0 2 4 11 1 5 2
0 2 3 11 1 6 1
0 2 4 11 1 6 2
0 2 14 11 1 7 1
0 2 11 11 1 8 1
0 2 11 11 1 9 1
0 2 22 11 1 10 1
0 3 3 11 2 1 1
0 3 4 11 2 1 2
0 3 3 11 2 2 1
0 3 3 11 2 2 2
0 3 31 11 2 3 1
0 3 31 11 2 4 1
0 3 31 11 2 5 1
0 3 31 11 2 6 1
0 3 31 11 2 7 1
0 3 15 11 2 8 1
0 3 25 11 2 9 1
0 2 26 11 3 0 1
0 2 26 11 3 1 1
0 2 26 11 3 2 1
0 2 24 11 3 3 1
0 2 24 11 3 4 1
0 2 28 11 3 5 1
0 2 27 11 3 6 1
0 2 27 11 3 7 1
0 2 10 11 3 8 1
0 2 10 11 3 9 1
0 2 31 11 4 0 1
0 8 26 11 4 1 1
0 8 30 11 4 2 1
0 8 30 11 4 3 1
0 8 30 11 4 4 1
0 8 30 11 4 5 1
0 8 14 11 4 6 1
0 8 25 11 4 7 1
0 8 25 11 4 8 1
0 8 25 11 4 9 1
0 8 2 11 5 0 1
0 8 4 11 5 0 2
0 8 2 11 5 1 1
0 8 4 11 5 1 2
0 8 0 11 5 2 1
0 8 3 11 5 2 2
0 8 12 11 5 3 1
0 8 11 11 5 4 1
0 8 11 11 5 5 1
0 8 10 11 5 6 1
0 8 10 11 5 7 1
0 8 10 11 5 8 1
0 8 10 11 5 9 1
0 8 21 11 5 10 1
0 2 4 11 6 0 1
0 2 4 11 6 0 2
0 2 1 11 6 1 1
0 2 4 11 6 1 2
0 2 26 11 6 2 1
0 2 25 11 6 3 1
0 2 29 11 6 4 1
0 2 13 11 6 5 1
0 2 24 11 6 6 1
0 2 24 11 6 7 1
0 2 22 11 6 8 1
0 2 21 11 6 9 1
0 7 3 11 9 0 1
0 7 4 11 9 0 2
0 7 1 11 9 1 1
0 7 3 11 9 1 2
0 7 24 11 9 2 1
0 7 23 11 9 3 1
0 7 23 11 9 4 1
0 7 23 11 9 5 1
0 7 23 11 9 6 1
0 7 23 11 9 7 1
0 7 11 11 9 8 1
0 7 22 11 9 9 1
0 2 0 11 10 0 1
0 2 3 11 10 0 2
0 2 0 11 10 1 1
0 2 2 11 10 1 2
0 2 24 11 10 2 1
0 2 23 11 10 3 1
0 2 23 11 10 4 1
0 2 23 11 10 5 1
0 2 11 11 10 6 1
0 2 11 11 10 7 1
0 2 11 11 10 8 1
0 2 22 11 10 9 1
0 2 7 11 11 0 1
0 2 3 11 11 0 2
0 2 2 11 11 1 1
0 2 2 11 11 1 2
0 2 22 11 11 2 1
0 2 22 11 11 3 1
0 2 22 11 11 4 1
0 2 22 11 11 5 1
0 2 10 11 11 6 1
0 2 10 11 11 7 1
0 2 10 11 11 8 1
0 2 21 11 11 9 1
0 3 3 11 12 0 1
0 3 3 11 12 0 2
0 3 29 11 12 1 1
0 3 29 11 12 2 1
0 3 29 11 12 3 1
0 3 29 11 12 4 1
0 3 23 11 12 5 1
0 3 11 11 12 6 1
0 3 22 11 12 7 1
0 3 22 11 12 8 1
0 3 21 11 12 9 1
0 2 2 11 14 0 1
0 2 4 11 14 0 2
0 2 1 11 14 1 1
0 2 4 11 14 1 2
0 2 0 11 14 2 1
0 2 4 11 14 2 2
0 2 0 11 14 3 1
0 2 2 11 14 3 2
0 2 22 11 14 4 1
0 2 22 11 14 5 1
0 2 22 11 14 6 1
0 2 22 11 14 7 1
0 2 10 11 14 8 1
0 2 21 11 14 9 1
0 2 4 11 15 0 1
0 2 4 11 15 0 2
0 2 4 11 15 1 1
0 2 4 11 15 1 2
0 2 12 11 15 2 1
0 2 23 11 15 3 1
0 2 23 11 15 4 1
0 2 23 11 15 5 1
0 2 23 11 15 6 1
0 2 23 11 15 7 1
0 2 11 11 15 8 1
0 2 22 11 15 9 1
0 5 2 11 16 0 1
0 5 3 11 16 0 2
0 5 12 11 16 1 1
0 5 12 11 16 2 1
0 5 12 11 16 3 1
0 5 12 11 16 4 1
0 5 12 11 16 5 1
0 5 11 11 16 6 1
0 5 11 11 16 7 1
0 5 11 11 16 8 1
0 5 10 11 16 9 1
0 5 21 11 16 10 1
0 2 3 11 17 0 1
0 2 4 11 17 0 2
0 2 3 11 17 1 1
0 2 4 11 17 1 2
0 2 3 11 17 2 1
0 2 4 11 17 2 2
0 2 3 11 17 3 1
0 2 3 11 17 3 2
0 2 3 11 17 4 1
0 2 3 11 17 4 2
0 2 3 11 17 5 1
0 2 3 11 17 5 2
0 2 3 11 17 6 1
0 2 3 11 17 6 2
0 2 12 11 17 7 1
0 2 22 11 17 8 1
0 2 22 11 17 9 1
0 2 3 11 18 0 1
0 2 3 11 18 0 2
0 2 3 11 18 1 1
0 2 3 11 18 1 2
0 2 13 11 18 2 1
0 2 24 11 18 3 1
0 2 24 11 18 4 1
0 2 12 11 18 5 1
0 2 23 11 18 6 1
0 2 23 11 18 7 1
0 2 22 11 18 8 1
0 2 10 11 18 9 1
0 8 2 11 19 1 1
0 8 3 11 19 1 2
0 8 30 11 19 2 1
0 8 30 11 19 3 1
0 8 25 11 19 4 1
0 8 25 11 19 5 1
0 8 29 11 19 6 1
0 8 23 11 19 7 1
0 8 11 11 19 8 1
0 8 22 11 19 9 1
0 5 14 11 20 2 1
0 5 13 11 20 3 1
0 5 13 11 20 4 1
0 5 13 11 20 5 1
0 5 12 11 20 6 1
0 5 10 11 20 7 1
0 5 10 11 20 8 1
0 5 10 11 20 9 1
0 5 21 11 20 10 1
0 8 4 12 0 12 1
0 8 4 12 0 12 2
0 8 3 12 0 13 1
0 8 3 12 0 13 2
0 8 3 12 0 14 1
0 8 3 12 0 14 2
0 8 26 12 0 15 1
0 8 26 12 0 16 1
0 8 26 12 0 17 1
0 8 25 12 0 18 1
0 8 21 12 0 19 1
0 3 3 12 1 12 1
0 3 4 12 1 12 2
0 3 3 12 1 13 1
0 3 4 12 1 13 2
0 3 3 12 1 14 1
0 3 3 12 1 14 2
0 3 25 12 1 15 1
0 3 23 12 1 16 1
0 3 11 12 1 17 1
0 3 22 12 1 18 1
0 3 22 12 1 19 1
0 7 4 12 2 12 1
0 7 4 12 2 12 2
0 7 3 12 2 13 1
0 7 4 12 2 13 2
0 7 26 12 2 14 1
0 7 26 12 2 15 1
0 7 26 12 2 16 1
0 7 26 12 2 17 1
0 7 14 12 2 18 1
0 4 4 12 3 12 1
0 4 4 12 3 12 2
0 4 3 12 3 13 1
0 7 3 12 3 13 2
0 4 3 12 3 14 1
0 4 3 12 3 14 2
0 4 15 12 3 15 1
0 4 26 12 3 16 1
0 4 26 12 3 17 1
0 4 14 12 3 18 1
0 3 3 12 4 12 1
0 3 4 12 4 12 2
0 3 3 12 4 13 1
0 3 4 12 4 13 2
0 3 3 12 4 14 1
0 3 2 12 4 14 2
0 3 2 12 4 15 1
0 3 2 12 4 15 2
0 3 25 12 4 16 1
0 3 25 12 4 17 1
0 3 25 12 4 18 1
0 3 13 12 4 19 1
0 3 25 12 5 12 1
0 3 25 12 5 13 1
0 3 25 12 5 14 1
0 3 13 12 5 15 1
0 3 13 12 5 16 1
0 3 24 12 5 17 1
0 3 12 12 5 18 1
0 3 23 12 5 19 1
0 6 26 12 11 12 1
0 2 4 12 12 12 1
0 2 4 12 12 12 2
0 2 25 12 12 13 1
0 2 25 12 12 14 1
0 2 25 12 12 15 1
0 2 25 12 12 16 1
0 2 25 12 12 17 1
0 2 24 12 12 18 1
0 2 24 12 12 19 1
0 2 3 12 13 12 1
0 2 4 12 13 12 2
0 2 3 12 13 13 1
0 2 3 12 13 13 2
0 2 0 12 13 14 1
0 2 3 12 13 14 2
0 2 25 12 13 15 1
0 2 12 12 13 16 1
0 2 12 12 13 17 1
0 2 22 12 13 18 1
0 2 22 12 13 19 1
0 4 26 12 14 12 1
0 6 15 12 14 13 1
0 6 26 12 14 14 1
0 6 26 12 14 15 1
0 6 25 12 14 16 1
0 6 25 12 14 17 1
0 5 26 12 15 12 1
0 1 3 12 16 12 1
0 6 3 12 16 12 2
0 1 3 12 16 13 1
0 1 3 12 16 13 2
0 1 3 12 16 14 1
0 1 3 12 16 14 2
0 1 15 12 16 15 1
0 1 26 12 16 16 1
0 1 25 12 16 17 1
0 1 25 12 16 18 1
0 1 25 12 16 19 1
0 4 3 12 17 12 1
0 4 4 12 17 12 2
0 4 15 12 17 13 1
0 4 15 12 17 14 1
0 4 26 12 17 15 1
0 4 26 12 17 16 1
0 4 25 12 17 17 1
0 4 24 12 17 18 1
0 4 24 12 17 19 1
0 3 3 12 18 12 1
0 3 4 12 18 12 2
0 3 3 12 18 13 1
0 3 4 12 18 13 2
0 3 25 12 18 14 1
0 3 25 12 18 15 1
0 3 25 12 18 16 1
0 3 25 12 18 17 1
0 3 13 12 18 18 1
0 3 23 12 18 19 1
0 4 26 12 19 12 1
0 4 26 12 19 13 1
0 4 26 12 19 14 1
0 4 26 12 19 15 1
0 4 14 12 19 16 1
0 4 25 12 19 17 1
0 4 24 12 19 18 1
0 4 4 12 20 12 1
0 4 4 12 20 12 2
0 4 4 12 20 13 1
0 4 4 12 20 13 2
0 4 25 12 20 14 1
0 4 24 12 20 15 1
0 4 24 12 20 16 1
0 4 24 12 20 17 1
0 4 24 12 20 18 1
0 4 11 12 20 19 1
0 4 3 12 21 12 1
0 4 4 12 21 12 2
0 4 26 12 21 13 1
0 4 26 12 21 14 1
0 4 26 12 21 15 1
0 4 26 12 21 16 1
0 4 14 12 21 17 1
0 4 25 12 21 18 1
0 4 11 12 21 19 1
0 7 3 12 1 2 1
0 7 4 12 1 2 2
0 7 15 12 1 3 1
0 7 26 12 1 4 1
0 7 26 12 1 5 1
0 7 26 12 1 6 1
0 7 26 12 1 7 1
0 7 26 12 1 8 1
0 7 25 12 1 9 1
0 6 3 12 2 1 1
0 6 4 12 2 1 2
0 6 26 12 2 2 1
0 6 26 12 2 3 1
0 6 25 12 2 4 1
0 6 25 12 2 5 1
0 6 25 12 2 6 1
0 6 24 12 2 7 1
0 8 23 12 2 8 1
0 8 11 12 2 9 1
0 8 1 12 3 0 1
0 8 4 12 3 0 2
0 8 0 12 3 1 1
0 8 4 12 3 1 2
0 8 26 12 3 2 1
0 8 14 12 3 3 1
0 8 14 12 3 4 1
0 8 14 12 3 5 1
0 8 25 12 3 6 1
0 8 25 12 3 7 1
0 8 12 12 3 8 1
0 8 22 12 3 9 1
0 7 3 12 4 0 1
0 7 4 12 4 0 2
0 7 3 12 4 1 1
0 7 4 12 4 1 2
0 7 15 12 4 2 1
0 7 26 12 4 3 1
0 7 14 12 4 4 1
0 7 14 12 4 5 1
0 7 13 12 4 6 1
0 7 12 12 4 7 1
0 7 12 12 4 8 1
0 7 10 12 4 9 1
0 7 10 12 4 10 1
0 5 24 12 5 0 1
0 5 24 12 5 1 1
0 5 24 12 5 2 1
0 5 12 12 5 3 1
0 5 23 12 5 4 1
0 5 23 12 5 5 1
0 5 11 12 5 6 1
0 5 22 12 5 7 1
0 8 21 12 5 8 1
0 5 10 12 5 9 1
0 5 23 12 6 0 1
0 5 23 12 6 1 1
0 5 23 12 6 2 1
0 5 23 12 6 3 1
0 5 23 12 6 4 1
0 5 22 12 6 5 1
0 5 22 12 6 6 1
0 5 22 12 6 7 1
0 5 10 12 6 8 1
0 5 10 12 6 9 1
0 5 0 12 7 0 1
0 5 3 12 7 0 2
0 5 13 12 7 1 1
0 5 13 12 7 2 1
0 5 12 12 7 3 1
0 5 12 12 7 4 1
0 5 12 12 7 5 1
0 5 12 12 7 6 1
0 5 11 12 7 7 1
0 5 10 12 7 8 1
0 5 10 12 7 9 1
0 5 21 12 7 10 1
0 2 3 12 9 0 1
0 2 4 12 9 0 2
0 2 0 12 9 1 1
0 2 4 12 9 1 2
0 2 24 12 9 2 1
0 2 12 12 9 3 1
0 2 12 12 9 4 1
0 2 23 12 9 5 1
0 2 11 12 9 6 1
0 5 22 12 9 7 1
0 5 22 12 9 8 1
0 5 13 12 10 0 1
0 5 13 12 10 1 1
0 5 13 12 10 2 1
0 5 13 12 10 3 1
0 5 13 12 10 4 1
0 5 12 12 10 5 1
0 5 12 12 10 6 1
0 5 11 12 10 7 1
0 5 11 12 10 8 1
0 5 11 12 10 9 1
0 5 22 12 10 10 1
0 4 4 12 11 0 1
0 4 4 12 11 0 2
0 4 4 12 11 1 1
0 4 4 12 11 1 2
0 4 4 12 11 2 1
0 4 4 12 11 2 2
0 4 4 12 11 3 1
0 4 4 12 11 3 2
0 4 3 12 11 4 1
0 4 4 12 11 4 2
0 4 3 12 11 5 1
0 4 4 12 11 5 2
0 4 11 12 11 6 1
0 4 11 12 11 7 1
0 4 21 12 11 8 1
0 4 21 12 11 9 1
0 2 3 12 12 0 1
0 2 4 12 12 0 2
0 2 2 12 12 1 1
0 2 4 12 12 1 2
0 2 24 12 12 2 1
0 2 24 12 12 3 1
0 2 24 12 12 4 1
0 2 24 12 12 5 1
0 2 23 12 12 6 1
0 2 23 12 12 7 1
0 2 11 12 12 8 1
0 2 10 12 12 9 1
0 4 3 12 13 0 1
0 4 4 12 13 0 2
0 4 3 12 13 1 1
0 4 4 12 13 1 2
0 4 3 12 13 2 1
0 4 4 12 13 2 2
0 4 3 12 13 3 1
0 4 4 12 13 3 2
0 4 25 12 13 4 1
0 4 25 12 13 5 1
0 4 25 12 13 6 1
0 4 24 12 13 7 1
0 4 12 12 13 8 1
0 4 23 12 13 9 1
0 8 0 12 14 0 1
0 8 3 12 14 0 2
0 8 0 12 14 1 1
0 8 3 12 14 1 2
0 8 0 12 14 2 1
0 8 2 12 14 2 2
0 8 22 12 14 3 1
0 8 22 12 14 4 1
0 8 22 12 14 5 1
0 8 22 12 14 6 1
0 8 22 12 14 7 1
0 8 22 12 14 8 1
0 8 21 12 14 9 1
0 4 2 12 15 0 1
0 4 3 12 15 0 2
0 4 15 12 15 1 1
0 4 15 12 15 2 1
0 4 14 12 15 3 1
0 4 14 12 15 4 1
0 4 13 12 15 5 1
0 4 13 12 15 6 1
0 4 13 12 15 7 1
0 4 12 12 15 8 1
0 4 12 12 15 9 1
0 4 22 12 15 10 1
0 8 24 12 16 0 1
0 8 24 12 16 1 1
0 8 22 12 16 2 1
0 8 10 12 16 3 1
0 5 23 12 17 0 1
0 5 23 12 17 1 1
0 5 23 12 17 2 1
0 5 23 12 17 3 1
0 5 23 12 17 4 1
0 5 23 12 17 5 1
0 5 23 12 17 6 1
0 5 23 12 17 7 1
0 5 23 12 17 8 1
0 5 23 12 17 9 1
0 5 0 12 18 0 1
0 5 4 12 18 0 2
0 5 0 12 18 1 1
0 5 2 12 18 1 2
0 5 0 12 18 2 1
0 5 1 12 18 2 2
0 5 10 12 18 3 1
0 5 10 12 18 4 1
0 5 10 12 18 5 1
0 5 10 12 18 6 1
0 5 10 12 18 7 1
0 5 10 12 18 8 1
0 5 10 12 18 9 1
0 5 21 12 18 10 1
0 5 12 12 19 1 1
0 5 23 12 19 2 1
0 5 23 12 19 3 1
0 5 23 12 19 4 1
0 5 23 12 19 5 1
0 5 23 12 19 6 1
0 5 11 12 19 7 1
0 5 22 12 19 8 1
0 5 21 12 19 9 1
0 5 0 12 20 2 1
0 5 4 12 20 2 2
0 5 24 12 20 3 1
0 5 24 12 20 4 1
0 5 23 12 20 5 1
0 5 23 12 20 6 1
0 5 23 12 20 7 1
0 5 10 12 20 8 1
0 5 21 12 20 9 1
0 2 7 13 0 12 1
0 2 3 13 0 12 2
0 2 2 13 0 13 1
0 2 3 13 0 13 2
0 2 2 13 0 14 1
0 2 2 13 0 14 2
0 2 24 13 0 15 1
0 2 24 13 0 16 1
0 2 24 13 0 17 1
0 2 24 13 0 18 1
0 2 23 13 0 19 1
0 2 2 13 2 12 1
0 2 3 13 2 12 2
0 2 25 13 2 13 1
0 2 25 13 2 14 1
0 2 25 13 2 15 1
0 2 25 13 2 16 1
0 2 10 13 2 17 1
0 2 10 13 2 18 1
0 2 21 13 2 19 1
0 3 29 13 3 12 1
0 3 28 13 3 13 1
0 2 24 13 4 12 1
0 2 23 13 4 13 1
0 2 10 13 4 14 1
0 2 3 13 5 12 1
0 2 4 13 5 12 2
0 2 3 13 5 13 1
0 2 4 13 5 13 2
0 2 3 13 5 14 1
0 2 3 13 5 14 2
0 2 2 13 5 15 1
0 2 3 13 5 15 2
0 2 2 13 5 16 1
0 2 1 13 5 16 2
0 2 23 13 5 17 1
0 2 23 13 5 18 1
0 2 23 13 5 19 1
0 3 30 13 6 12 1
0 3 30 13 6 13 1
0 3 30 13 6 14 1
0 3 25 13 6 15 1
0 3 13 13 6 16 1
0 3 23 13 6 17 1
0 3 22 13 6 18 1
0 3 22 13 6 19 1
0 3 30 13 7 12 1
0 3 14 13 7 13 1
0 3 25 13 7 14 1
0 3 24 13 7 15 1
0 3 22 13 7 16 1
0 3 10 13 7 17 1
0 3 21 13 7 18 1
0 3 2 13 8 12 1
0 3 3 13 8 12 2
0 3 30 13 8 13 1
0 3 24 13 8 14 1
0 5 12 13 8 15 1
0 3 30 13 9 12 1
0 3 27 13 9 13 1
0 2 21 13 9 14 1
0 3 30 13 10 12 1
0 3 30 13 10 13 1
0 3 30 13 10 14 1
0 3 25 13 10 15 1
0 3 25 13 10 16 1
0 3 25 13 10 17 1
0 3 25 13 10 18 1
0 3 25 13 10 19 1
0 8 30 13 11 12 1
0 2 3 13 12 12 1
0 2 3 13 12 12 2
0 2 3 13 12 13 1
0 2 3 13 12 13 2
0 2 7 13 12 14 1
0 2 3 13 12 14 2
0 2 14 13 12 15 1
0 2 25 13 12 16 1
0 2 10 13 12 17 1
0 2 21 13 12 18 1
0 2 2 13 13 12 1
0 2 3 13 13 12 2
0 2 1 13 13 13 1
0 2 3 13 13 13 2
0 2 31 13 13 14 1
0 2 26 13 13 15 1
0 2 25 13 13 16 1
0 2 23 13 13 17 1
0 2 11 13 13 18 1
0 2 11 13 13 19 1
0 2 2 13 14 12 1
0 2 3 13 14 12 2
0 2 0 13 14 13 1
0 2 3 13 14 13 2
0 2 30 13 14 14 1
0 2 23 13 14 15 1
0 2 22 13 14 16 1
0 2 22 13 14 17 1
0 7 24 13 15 12 1
0 5 13 13 16 12 1
0 5 13 13 16 13 1
0 5 13 13 16 14 1
0 5 13 13 16 15 1
0 5 24 13 16 16 1
0 5 24 13 16 17 1
0 5 23 13 16 18 1
0 5 10 13 16 19 1
0 5 3 13 17 12 1
0 5 3 13 17 12 2
0 5 13 13 17 13 1
0 5 13 13 17 14 1
0 5 24 13 17 15 1
0 5 23 13 17 16 1
0 5 23 13 17 17 1
0 5 21 13 17 18 1
0 5 21 13 17 19 1
0 5 2 13 19 12 1
0 5 3 13 19 12 2
0 5 24 13 19 13 1
0 5 24 13 19 14 1
0 5 24 13 19 15 1
0 5 12 13 19 16 1
0 5 23 13 19 17 1
0 5 23 13 19 18 1
0 5 10 13 19 19 1
0 5 25 13 20 12 1
0 5 25 13 20 13 1
0 5 25 13 20 14 1
0 5 25 13 20 15 1
0 5 24 13 20 16 1
0 5 23 13 20 17 1
0 5 11 13 20 18 1
0 5 22 13 20 19 1
0 5 2 13 21 12 1
0 5 2 13 21 12 2
0 5 24 13 21 13 1
0 5 23 13 21 14 1
0 5 23 13 21 15 1
0 5 23 13 21 16 1
0 5 23 13 21 17 1
0 5 10 13 21 18 1
0 5 10 13 21 19 1
0 5 15 13 1 2 1
0 5 25 13 1 3 1
0 5 13 13 1 4 1
0 5 24 13 1 5 1
0 5 24 13 1 6 1
0 5 24 13 1 7 1
0 5 24 13 1 8 1
0 5 12 13 1 9 1
0 7 1 13 2 1 1
0 7 2 13 2 1 2
0 7 24 13 2 2 1
0 7 24 13 2 3 1
0 7 12 13 2 4 1
0 7 23 13 2 5 1
0 7 23 13 2 6 1
0 7 23 13 2 7 1
0 7 23 13 2 8 1
0 7 11 13 2 9 1
0 5 0 13 3 0 1
0 5 1 13 3 0 2
0 5 23 13 3 1 1
0 5 23 13 3 2 1
0 5 23 13 3 3 1
0 5 23 13 3 4 1
0 5 23 13 3 5 1
0 5 23 13 3 6 1
0 5 11 13 3 7 1
0 5 22 13 3 8 1
0 5 22 13 3 9 1
0 5 0 13 4 0 1
0 5 1 13 4 0 2
0 5 23 13 4 1 1
0 5 11 13 4 2 1
0 5 11 13 4 3 1
0 5 22 13 4 4 1
0 5 22 13 4 5 1
0 5 21 13 4 6 1
0 3 27 13 4 7 1
0 4 6 13 6 0 1
0 4 2 13 6 0 2
0 4 30 13 6 1 1
0 4 30 13 6 2 1
0 4 30 13 6 3 1
0 4 30 13 6 4 1
0 4 25 13 6 5 1
0 4 25 13 6 6 1
0 4 24 13 6 7 1
0 4 24 13 6 8 1
0 4 23 13 6 9 1
0 5 31 13 7 0 1
0 5 31 13 7 1 1
0 5 30 13 7 2 1
0 5 30 13 7 3 1
0 5 30 13 7 4 1
0 3 22 13 7 5 1
0 4 22 13 7 6 1
0 5 21 13 7 7 1
0 9 4 13 8 0 1
0 9 4 13 8 0 2
0 3 31 13 8 1 1
0 3 15 13 8 2 1
0 3 26 13 8 3 1
0 3 30 13 8 4 1
0 3 30 13 8 5 1
0 3 30 13 8 6 1
0 3 14 13 8 7 1
0 3 25 13 8 8 1
0 3 25 13 8 9 1
0 3 5 13 9 0 1
0 3 4 13 9 0 2
0 3 30 13 9 1 1
0 3 30 13 9 2 1
0 3 30 13 9 3 1
0 3 29 13 9 4 1
0 5 24 13 9 5 1
0 5 12 13 9 6 1
0 5 23 13 9 7 1
0 5 23 13 9 8 1
0 5 23 13 9 9 1
0 5 30 13 10 0 1
0 5 30 13 10 1 1
0 5 24 13 10 2 1
0 5 24 13 10 3 1
0 5 12 13 10 4 1
0 5 23 13 10 5 1
0 5 11 13 10 6 1
0 5 22 13 10 7 1
0 5 21 13 10 8 1
0 5 21 13 10 9 1
0 9 8 13 11 0 1
0 9 4 13 11 0 2
0 9 3 13 11 1 1
0 9 4 13 11 1 2
0 9 3 13 11 2 1
0 9 4 13 11 2 2
0 9 3 13 11 3 1
0 9 3 13 11 3 2
0 9 24 13 11 4 1
0 9 24 13 11 5 1
0 9 24 13 11 6 1
0 9 24 13 11 7 1
0 9 23 13 11 8 1
0 9 11 13 11 9 1
0 2 3 13 12 0 1
0 2 3 13 12 0 2
0 2 3 13 12 1 1
0 2 3 13 12 1 2
0 2 5 13 12 2 1
0 2 3 13 12 2 2
0 2 12 13 12 3 1
0 2 12 13 12 4 1
0 2 12 13 12 5 1
0 2 23 13 12 6 1
0 2 23 13 12 7 1
0 2 22 13 12 8 1
0 2 22 13 12 9 1
0 11 3 13 13 0 1
0 11 4 13 13 0 2
0 11 3 13 13 1 1
0 11 3 13 13 1 2
0 11 3 13 13 2 1
0 11 3 13 13 2 2
0 11 2 13 13 3 1
0 11 3 13 13 3 2
0 11 22 13 13 4 1
0 11 22 13 13 5 1
0 11 22 13 13 6 1
0 11 22 13 13 7 1
0 11 10 13 13 8 1
0 11 10 13 13 9 1
0 5 0 13 14 0 1
0 5 3 13 14 0 2
0 5 24 13 14 1 1
0 5 24 13 14 2 1
0 5 24 13 14 3 1
0 5 12 13 14 4 1
0 5 23 13 14 5 1
0 5 22 13 14 6 1
0 5 22 13 14 7 1
0 5 22 13 14 8 1
0 5 21 13 14 9 1
0 9 8 13 15 0 1
0 9 3 13 15 0 2
0 9 3 13 15 1 1
0 9 3 13 15 1 2
0 9 30 13 15 2 1
0 9 13 13 15 3 1
0 9 24 13 15 4 1
0 9 24 13 15 5 1
0 9 12 13 15 6 1
0 9 23 13 15 7 1
0 9 23 13 15 8 1
0 9 22 13 15 9 1
0 8 2 13 16 0 1
0 8 3 13 16 0 2
0 8 2 13 16 1 1
0 8 3 13 16 1 2
0 8 23 13 16 2 1
0 8 23 13 16 3 1
0 8 23 13 16 4 1
0 8 11 13 16 5 1
0 8 22 13 16 6 1
0 8 22 13 16 7 1
0 8 22 13 16 8 1
0 8 21 13 16 9 1
0 5 12 13 17 0 1
0 5 12 13 17 1 1
0 5 12 13 17 2 1
0 5 12 13 17 3 1
0 5 12 13 17 4 1
0 5 11 13 17 5 1
0 5 10 13 17 6 1
0 5 10 13 17 7 1
0 5 10 13 17 8 1
0 5 10 13 17 9 1
0 5 21 13 17 10 1
0 5 0 13 18 0 1
0 5 4 13 18 0 2
0 5 30 13 18 1 1
0 5 30 13 18 2 1
0 5 13 13 18 3 1
0 5 24 13 18 4 1
0 5 23 13 18 5 1
0 5 23 13 18 6 1
0 5 23 13 18 7 1
0 5 22 13 18 8 1
0 5 21 13 18 9 1
0 7 2 13 19 1 1
0 7 4 13 19 1 2
0 7 2 13 19 2 1
0 7 4 13 19 2 2
0 7 1 13 19 3 1
0 7 3 13 19 3 2
0 7 30 13 19 4 1
0 7 30 13 19 5 1
0 7 25 13 19 6 1
0 7 25 13 19 7 1
0 7 25 13 19 8 1
0 7 23 13 19 9 1
0 5 2 13 20 2 1
0 5 2 13 20 2 2
0 5 13 13 20 3 1
0 5 13 13 20 4 1
0 5 13 13 20 5 1
0 5 12 13 20 6 1
0 5 12 13 20 7 1
0 5 11 13 20 8 1
0 5 11 13 20 9 1
0 5 21 13 20 10 1
0 2 0 15 6 12 1
0 2 3 15 6 12 2
0 2 0 15 6 13 1
0 2 1 15 6 13 2
0 2 11 15 6 14 1
0 2 22 15 6 15 1
0 2 22 15 6 16 1
0 2 22 15 6 17 1
0 2 21 15 6 18 1
0 2 26 15 7 12 1
0 5 25 15 8 12 1
0 5 25 15 8 13 1
0 5 13 15 8 14 1
0 5 13 15 8 15 1
0 5 24 15 8 16 1
0 5 12 15 8 17 1
0 5 12 15 8 18 1
0 5 11 15 8 19 1
0 2 3 15 9 12 1
0 2 3 15 9 12 2
0 2 2 15 9 13 1
0 2 3 15 9 13 2
0 2 25 15 9 14 1
0 2 25 15 9 15 1
0 2 25 15 9 16 1
0 2 24 15 9 17 1
0 2 24 15 9 18 1
0 2 24 15 9 19 1
0 8 25 15 10 12 1
0 5 3 15 11 12 1
0 5 4 15 11 12 2
0 5 2 15 11 13 1
0 5 3 15 11 13 2
0 5 2 15 11 14 1
0 5 2 15 11 14 2
0 5 15 15 11 15 1
0 5 26 15 11 16 1
0 5 25 15 11 17 1
0 5 25 15 11 18 1
0 5 25 15 11 19 1
0 3 15 15 12 12 1
0 3 15 15 12 13 1
0 4 14 15 13 12 1
0 7 24 15 14 12 1
0 1 3 15 15 12 1
0 1 3 15 15 12 2
0 1 3 15 15 13 1
0 1 3 15 15 13 2
0 1 3 15 15 14 1
0 1 3 15 15 14 2
0 1 3 15 15 15 1
0 1 3 15 15 15 2
0 1 1 15 15 16 1
0 1 3 15 15 16 2
0 1 1 15 15 17 1
0 1 1 15 15 17 2
0 1 23 15 15 18 1
0 1 22 15 15 19 1
0 5 3 15 16 12 1
0 5 4 15 16 12 2
0 5 3 15 16 13 1
0 5 3 15 16 13 2
0 5 2 15 16 14 1
0 5 3 15 16 14 2
0 5 1 15 16 15 1
0 5 3 15 16 15 2
0 5 11 15 16 16 1
0 5 22 15 16 17 1
0 5 10 15 16 18 1
0 5 21 15 16 19 1
0 5 3 15 17 12 1
0 5 3 15 17 12 2
0 5 15 15 17 13 1
0 5 15 15 17 14 1
0 5 26 15 17 15 1
0 5 26 15 17 16 1
0 5 25 15 17 17 1
0 5 24 15 17 18 1
0 5 23 15 17 19 1
0 4 4 15 18 12 1
0 4 4 15 18 12 2
0 4 26 15 18 13 1
0 4 14 15 18 14 1
0 4 14 15 18 15 1
0 4 14 15 18 16 1
0 4 25 15 18 17 1
0 4 24 15 18 18 1
0 4 21 15 18 19 1
0 3 25 15 19 12 1
0 3 22 15 19 13 1
0 4 11 15 19 14 1
0 4 22 15 19 15 1
0 3 23 15 20 12 1
0 3 22 15 20 13 1
0 3 22 15 20 14 1
0 1 3 15 21 12 1
0 3 4 15 21 12 2
0 8 24 15 4 0 1
0 8 24 15 4 1 1
0 8 12 15 4 2 1
0 8 23 15 4 3 1
0 8 23 15 4 4 1
0 8 23 15 4 5 1
0 8 23 15 4 6 1
0 8 23 15 4 7 1
0 8 23 15 4 8 1
0 8 22 15 4 9 1
0 5 12 15 5 0 1
0 5 12 15 5 1 1
0 5 12 15 5 2 1
0 5 23 15 5 3 1
0 5 23 15 5 4 1
0 5 23 15 5 5 1
0 5 23 15 5 6 1
0 5 11 15 5 7 1
0 5 11 15 5 8 1
0 5 10 15 5 9 1
0 7 4 15 6 6 1
0 7 4 15 6 6 2
0 7 4 15 6 7 1
0 7 4 15 6 7 2
0 7 4 15 6 8 1
0 7 4 15 6 8 2
0 7 4 15 6 9 1
0 7 4 15 6 9 2
0 7 23 15 6 10 1
0 3 3 15 7 6 1
0 3 3 15 7 6 2
0 3 24 15 7 7 1
0 3 23 15 7 8 1
0 8 23 15 7 9 1
0 7 25 15 8 6 1
0 7 22 15 8 7 1
0 7 22 15 8 8 1
0 3 10 15 8 9 1
0 7 3 15 9 6 1
0 7 4 15 9 6 2
0 7 3 15 9 7 1
0 7 3 15 9 7 2
0 7 14 15 9 8 1
0 8 13 15 9 9 1
0 7 23 15 9 10 1
0 6 3 15 10 6 1
0 3 4 15 10 6 2
0 3 3 15 10 7 1
0 3 3 15 10 7 2
0 3 15 15 10 8 1
0 3 14 15 10 9 1
0 7 22 15 10 10 1
0 9 3 15 11 6 1
0 9 3 15 11 6 2
0 9 14 15 11 7 1
0 9 14 15 11 8 1
0 9 24 15 11 9 1
0 9 11 15 11 10 1
0 5 1 15 12 6 1
0 5 2 15 12 6 2
0 5 13 15 12 7 1
0 5 12 15 12 8 1
0 5 12 15 12 9 1
0 5 22 15 12 10 1
0 4 4 15 13 6 1
0 4 4 15 13 6 2
0 4 4 15 13 7 1
0 4 4 15 13 7 2
0 4 3 15 13 8 1
0 4 4 15 13 8 2
0 4 15 15 13 9 1
0 4 26 15 13 10 1
0 5 2 15 14 6 1
0 5 2 15 14 6 2
0 5 23 15 14 7 1
0 5 10 15 14 8 1
0 5 21 15 14 9 1
0 9 3 15 15 6 1
0 9 3 15 15 6 2
0 9 14 15 15 7 1
0 9 14 15 15 8 1
0 9 13 15 15 9 1
0 9 23 15 15 10 1
0 6 4 15 16 0 1
0 6 4 15 16 0 2
0 6 4 15 16 1 1
0 6 4 15 16 1 2
0 6 4 15 16 2 1
0 6 4 15 16 2 2
0 6 4 15 16 3 1
0 6 4 15 16 3 2
0 6 4 15 16 4 1
0 6 4 15 16 4 2
0 6 4 15 16 5 1
0 6 4 15 16 5 2
0 6 4 15 16 6 1
0 6 4 15 16 6 2
0 6 4 15 16 7 1
0 6 4 15 16 7 2
0 6 25 15 16 8 1
0 6 25 15 16 9 1
0 5 14 15 17 0 1
0 5 12 15 17 1 1
0 5 12 15 17 2 1
0 5 23 15 17 3 1
0 5 11 15 17 4 1
0 5 11 15 17 5 1
0 5 11 15 17 6 1
0 5 22 15 17 7 1
0 5 21 15 17 8 1
0 5 24 15 18 0 1
0 5 24 15 18 1 1
0 5 24 15 18 2 1
0 5 24 15 18 3 1
0 5 12 15 18 4 1
0 5 12 15 18 5 1
0 5 12 15 18 6 1
0 5 12 15 18 7 1
0 5 23 15 18 8 1
0 5 11 15 18 9 1
0 5 12 15 19 0 1
0 5 23 15 19 1 1
0 5 23 15 19 2 1
0 5 23 15 19 3 1
0 5 23 15 19 4 1
0 5 23 15 19 5 1
0 5 23 15 19 6 1
0 5 23 15 19 7 1
0 5 11 15 19 8 1
0 5 10 15 19 9 1
0 7 3 15 20 2 1
0 7 4 15 20 2 2
0 7 3 15 20 3 1
0 7 4 15 20 3 2
0 7 3 15 20 4 1
0 7 3 15 20 4 2
0 7 25 15 20 5 1
0 7 25 15 20 6 1
0 7 23 15 20 7 1
0 7 22 15 20 8 1
0 7 22 15 20 9 1
0 3 25 16 0 12 1
0 7 24 16 1 12 1
0 3 26 16 2 12 1
0 3 26 16 2 13 1
0 3 26 16 2 14 1
0 3 26 16 2 15 1
0 3 14 16 2 16 1
0 3 25 16 2 17 1
0 3 25 16 2 18 1
0 3 23 16 2 19 1
0 6 4 16 3 12 1
0 6 4 16 3 12 2
0 6 4 16 3 13 1
0 6 4 16 3 13 2
0 6 4 16 3 14 1
0 6 4 16 3 14 2
0 6 26 16 3 15 1
0 6 26 16 3 16 1
0 6 26 16 3 17 1
0 3 26 16 4 12 1
0 3 26 16 4 13 1
0 8 25 16 4 14 1
0 8 26 16 5 12 1
0 4 13 16 6 12 1
0 4 10 16 6 13 1
0 4 21 16 6 14 1
0 4 25 16 7 12 1
0 4 13 16 7 13 1
0 4 25 16 8 12 1
0 4 23 16 8 13 1
0 4 26 16 9 12 1
0 5 25 16 9 13 1
0 5 25 16 9 14 1
0 4 4 16 10 12 1
0 4 4 16 10 12 2
0 4 3 16 10 13 1
0 4 3 16 10 13 2
0 4 3 16 10 14 1
0 4 3 16 10 14 2
0 4 26 16 10 15 1
0 4 25 16 10 16 1
0 4 25 16 10 17 1
0 4 25 16 10 18 1
0 4 24 16 10 19 1
0 8 26 16 16 12 1
0 4 26 16 17 12 1
0 8 25 16 17 13 1
0 8 3 16 18 12 1
0 8 4 16 18 12 2
0 8 3 16 18 13 1
0 8 3 16 18 13 2
0 8 3 16 18 14 1
0 8 3 16 18 14 2
0 8 3 16 18 15 1
0 8 3 16 18 15 2
0 8 3 16 18 16 1
0 8 2 16 18 16 2
0 8 26 16 18 17 1
0 8 11 16 18 18 1
0 3 26 16 19 12 1
0 5 23 16 19 13 1
0 3 3 16 20 12 1
0 3 3 16 20 12 2
0 3 3 16 20 13 1
0 3 3 16 20 13 2
0 3 15 16 20 14 1
0 3 15 16 20 15 1
0 3 26 16 20 16 1
0 3 14 16 20 17 1
0 3 25 16 20 18 1
0 3 13 16 20 19 1
0 4 3 16 21 12 1
0 4 4 16 21 12 2
0 4 15 16 21 13 1
0 4 15 16 21 14 1
0 4 15 16 21 15 1
0 4 26 16 21 16 1
0 4 14 16 21 17 1
0 4 14 16 21 18 1
0 4 22 16 21 19 1
0 5 13 16 1 1 1
0 5 24 16 1 2 1
0 5 24 16 1 3 1
0 5 24 16 1 4 1
0 5 24 16 1 5 1
0 5 24 16 1 6 1
0 5 24 16 1 7 1
0 5 24 16 1 8 1
0 5 22 16 1 9 1
0 3 2 16 2 0 1
0 3 3 16 2 0 2
0 3 0 16 2 1 1
0 3 3 16 2 1 2
0 3 25 16 2 2 1
0 3 24 16 2 3 1
0 3 24 16 2 4 1
0 3 23 16 2 5 1
0 3 23 16 2 6 1
0 3 23 16 2 7 1
0 3 23 16 2 8 1
0 3 10 16 2 9 1
0 5 24 16 3 0 1
0 5 12 16 3 1 1
0 5 12 16 3 2 1
0 5 12 16 3 3 1
0 5 23 16 3 4 1
0 5 23 16 3 5 1
0 5 23 16 3 6 1
0 5 11 16 3 7 1
0 5 11 16 3 8 1
0 5 10 16 3 9 1
0 5 13 16 4 0 1
0 5 13 16 4 1 1
0 5 24 16 4 2 1
0 5 24 16 4 3 1
0 5 24 16 4 4 1
0 5 12 16 4 5 1
0 5 12 16 4 6 1
0 5 12 16 4 7 1
0 5 23 16 4 8 1
0 5 21 16 4 9 1
0 5 25 16 5 0 1
0 5 25 16 5 1 1
0 5 25 16 5 2 1
0 5 24 16 5 3 1
0 5 23 16 5 4 1
0 5 11 16 5 5 1
0 5 11 16 5 6 1
0 5 22 16 5 7 1
0 3 22 16 5 8 1
0 5 11 16 5 9 1
0 5 23 16 6 0 1
0 5 23 16 6 1 1
0 5 11 16 6 2 1
0 5 11 16 6 3 1
0 5 11 16 6 4 1
0 5 11 16 6 5 1
0 5 22 16 6 6 1
0 5 22 16 6 7 1
0 5 22 16 6 8 1
0 5 21 16 6 9 1
0 5 14 16 7 0 1
0 5 14 16 7 1 1
0 5 13 16 7 2 1
0 5 24 16 7 3 1
0 5 24 16 7 4 1
0 5 24 16 7 5 1
0 5 12 16 7 6 1
0 5 12 16 7 7 1
0 5 23 16 7 8 1
0 5 23 16 7 9 1
0 5 25 16 8 0 1
0 5 13 16 8 1 1
0 5 12 16 8 2 1
0 5 12 16 8 3 1
0 5 12 16 8 4 1
0 5 12 16 8 5 1
0 5 12 16 8 6 1
0 5 12 16 8 7 1
0 5 11 16 8 8 1
0 5 11 16 8 9 1
0 5 10 16 8 10 1
0 5 0 16 9 2 1
0 5 0 16 9 2 2
0 5 0 16 9 3 1
0 5 0 16 9 3 2
0 5 0 16 9 4 1
0 5 0 16 9 4 2
0 5 22 16 9 5 1
0 5 22 16 9 6 1
0 5 22 16 9 7 1
0 5 21 16 9 8 1
0 5 21 16 9 9 1
0 5 3 16 10 2 1
0 5 3 16 10 2 2
0 5 3 16 10 3 1
0 5 3 16 10 3 2
0 5 12 16 10 4 1
0 5 12 16 10 5 1
0 5 11 16 10 6 1
0 5 11 16 10 7 1
0 5 22 16 10 8 1
0 5 10 16 10 9 1
0 5 10 16 10 10 1
0 4 25 16 12 2 1
0 4 25 16 12 3 1
0 4 25 16 12 4 1
0 4 25 16 12 5 1
0 4 25 16 12 6 1
0 4 24 16 12 7 1
0 4 24 16 12 8 1
0 4 10 16 12 9 1
0 3 25 16 13 0 1
0 3 25 16 13 1 1
0 3 25 16 13 2 1
0 3 25 16 13 3 1
0 3 25 16 13 4 1
0 3 25 16 13 5 1
0 3 25 16 13 6 1
0 3 25 16 13 7 1
0 3 25 16 13 8 1
0 3 24 16 13 9 1
0 4 4 16 14 0 1
0 4 4 16 14 0 2
0 4 25 16 14 1 1
0 4 25 16 14 2 1
0 4 25 16 14 3 1
0 4 25 16 14 4 1
0 4 25 16 14 5 1
0 4 25 16 14 6 1
0 4 24 16 14 7 1
0 4 23 16 14 8 1
0 4 23 16 14 9 1
0 3 14 16 15 0 1
0 3 25 16 15 1 1
0 3 25 16 15 2 1
0 3 25 16 15 3 1
0 3 25 16 15 4 1
0 3 25 16 15 5 1
0 3 25 16 15 6 1
0 3 25 16 15 7 1
0 3 25 16 15 8 1
0 3 25 16 15 9 1
0 8 3 16 16 0 1
0 8 4 16 16 0 2
0 8 2 16 16 1 1
0 8 3 16 16 1 2
0 8 25 16 16 2 1
0 8 25 16 16 3 1
0 8 13 16 16 4 1
0 8 13 16 16 5 1
0 8 24 16 16 6 1
0 8 24 16 16 7 1
0 8 22 16 16 8 1
0 8 22 16 16 9 1
0 2 4 16 17 0 1
0 2 4 16 17 0 2
0 2 26 16 17 1 1
0 2 23 16 17 2 1
0 8 10 16 17 3 1
0 2 2 16 18 0 1
0 2 3 16 18 0 2
0 2 24 16 18 1 1
0 2 24 16 18 2 1
0 2 24 16 18 3 1
0 2 24 16 18 4 1
0 2 24 16 18 5 1
0 2 12 16 18 6 1
0 2 12 16 18 7 1
0 2 23 16 18 8 1
0 2 23 16 18 9 1
0 8 13 16 19 0 1
0 8 24 16 19 1 1
0 8 22 16 19 2 1
0 7 1 16 20 1 1
0 7 3 16 20 1 2
0 7 14 16 20 2 1
0 7 25 16 20 3 1
0 7 25 16 20 4 1
0 7 25 16 20 5 1
0 7 24 16 20 6 1
0 7 12 16 20 7 1
0 7 23 16 20 8 1
0 7 22 16 20 9 1
0 7 24 17 6 12 1
0 2 25 17 10 12 1
0 3 15 17 11 12 1
0 3 15 17 11 13 1
0 3 14 17 11 14 1
0 3 25 17 11 15 1
0 3 25 17 11 16 1
0 3 13 17 11 17 1
0 3 12 17 11 18 1
0 3 12 17 11 19 1
0 8 15 17 12 12 1
0 8 15 17 12 13 1
0 8 15 17 12 14 1
0 8 26 17 12 15 1
0 8 26 17 12 16 1
0 8 25 17 12 17 1
0 8 25 17 12 18 1
0 8 10 17 12 19 1
0 7 4 17 13 12 1
0 7 4 17 13 12 2
0 7 4 17 13 13 1
0 7 4 17 13 13 2
0 7 4 17 13 14 1
0 7 4 17 13 14 2
0 7 26 17 13 15 1
0 7 26 17 13 16 1
0 7 26 17 13 17 1
0 8 3 17 15 12 1
0 9 4 17 15 12 2
0 8 3 17 15 13 1
0 8 3 17 15 13 2
0 8 26 17 15 14 1
0 8 26 17 15 15 1
0 8 26 17 15 16 1
0 8 26 17 15 17 1
0 8 14 17 15 18 1
0 8 21 17 15 19 1
0 8 26 17 16 12 1
0 4 4 17 17 12 1
0 4 4 17 17 12 2
0 4 4 17 17 13 1
0 4 4 17 17 13 2
0 4 3 17 17 14 1
0 4 4 17 17 14 2
0 4 15 17 17 15 1
0 4 26 17 17 16 1
0 4 26 17 17 17 1
0 8 4 17 18 12 1
0 8 4 17 18 12 2
0 8 3 17 18 13 1
0 8 3 17 18 13 2
0 8 3 17 18 14 1
0 8 3 17 18 14 2
0 8 26 17 18 15 1
0 8 26 17 18 16 1
0 8 26 17 18 17 1
0 8 14 17 18 18 1
0 8 10 17 18 19 1
0 8 25 17 19 12 1
0 3 4 17 20 12 1
0 3 4 17 20 12 2
0 3 3 17 20 13 1
0 3 4 17 20 13 2
0 7 2 17 20 14 1
0 3 3 17 20 14 2
0 3 15 17 20 15 1
0 3 15 17 20 16 1
0 3 26 17 20 17 1
0 3 22 17 20 18 1
0 8 24 17 21 12 1
0 5 11 17 2 0 1
0 5 11 17 2 1 1
0 5 22 17 2 2 1
0 5 22 17 2 3 1
0 5 22 17 2 4 1
0 5 22 17 2 5 1
0 5 22 17 2 6 1
0 5 22 17 2 7 1
0 5 10 17 2 8 1
0 5 10 17 2 9 1
0 5 14 17 3 0 1
0 5 25 17 3 1 1
0 5 24 17 3 2 1
0 5 11 17 3 3 1
0 5 11 17 3 4 1
0 5 11 17 3 5 1
0 5 11 17 3 6 1
0 5 11 17 3 7 1
0 5 22 17 3 8 1
0 5 21 17 3 9 1
0 6 3 17 4 0 1
0 6 4 17 4 0 2
0 6 26 17 4 1 1
0 6 26 17 4 2 1
0 6 25 17 4 3 1
0 6 23 17 4 4 1
0 4 3 17 6 6 1
0 4 4 17 6 6 2
0 4 3 17 6 7 1
0 4 4 17 6 7 2
0 4 2 17 6 8 1
0 4 3 17 6 8 2
0 4 25 17 6 9 1
0 8 12 17 6 10 1
0 4 21 17 7 6 1
0 8 0 17 9 6 1
0 8 2 17 9 6 2
0 8 22 17 9 7 1
0 8 22 17 9 8 1
0 8 21 17 9 9 1
0 7 4 17 11 6 1
0 7 4 17 11 6 2
0 7 4 17 11 7 1
0 7 4 17 11 7 2
0 7 4 17 11 8 1
0 7 4 17 11 8 2
0 7 3 17 11 9 1
0 7 3 17 11 9 2
0 7 26 17 11 10 1
0 4 3 17 12 6 1
0 4 4 17 12 6 2
0 4 15 17 12 7 1
0 4 15 17 12 8 1
0 4 26 17 12 9 1
0 4 14 17 12 10 1
0 7 4 17 13 6 1
0 7 4 17 13 6 2
0 7 4 17 13 7 1
0 7 4 17 13 7 2
0 7 3 17 13 8 1
0 7 4 17 13 8 2
0 7 3 17 13 9 1
0 7 3 17 13 9 2
0 7 26 17 13 10 1
0 1 4 17 14 6 1
0 1 4 17 14 6 2
0 1 4 17 14 7 1
0 1 4 17 14 7 2
0 1 3 17 14 8 1
0 1 4 17 14 8 2
0 1 3 17 14 9 1
0 1 4 17 14 9 2
0 1 22 17 14 10 1
0 8 3 17 15 6 1
0 8 4 17 15 6 2
0 8 15 17 15 7 1
0 8 15 17 15 8 1
0 8 14 17 15 9 1
0 8 23 17 15 10 1
0 5 13 17 16 0 1
0 5 12 17 16 1 1
0 5 12 17 16 2 1
0 5 12 17 16 3 1
0 5 23 17 16 4 1
0 5 23 17 16 5 1
0 5 23 17 16 6 1
0 5 22 17 16 7 1
0 5 21 17 16 8 1
0 5 21 17 16 9 1
0 8 25 17 17 0 1
0 5 25 17 18 0 1
0 5 25 17 18 1 1
0 7 23 17 18 2 1
0 8 23 17 18 3 1
0 8 23 17 18 4 1
0 8 23 17 18 5 1
0 8 11 17 18 6 1
0 8 11 17 18 7 1
0 8 22 17 18 8 1
0 8 22 17 18 9 1
0 2 1 17 19 0 1
0 2 4 17 19 0 2
0 2 0 17 19 1 1
0 2 4 17 19 1 2
0 2 24 17 19 2 1
0 2 24 17 19 3 1
0 2 12 17 19 4 1
0 2 23 17 19 5 1
0 2 11 17 19 6 1
0 2 22 17 19 7 1
0 2 22 17 19 8 1
0 8 22 17 19 9 1
0 5 0 17 20 2 1
0 5 0 17 20 2 2
0 5 0 17 20 3 1
0 5 0 17 20 3 2
0 5 11 17 20 4 1
0 5 11 17 20 5 1
0 5 22 17 20 6 1
0 5 22 17 20 7 1
0 5 10 17 20 8 1
0 5 14 18 0 12 1
0 5 25 18 0 13 1
0 5 13 18 0 14 1
0 5 13 18 0 15 1
0 5 13 18 0 16 1
0 5 24 18 0 17 1
0 5 24 18 0 18 1
0 5 24 18 0 19 1
0 5 2 18 1 12 1
0 5 2 18 1 12 2
0 5 1 18 1 13 1
0 5 2 18 1 13 2
0 5 25 18 1 14 1
0 5 25 18 1 15 1
0 5 25 18 1 16 1
0 5 13 18 1 17 1
0 5 13 18 1 18 1
0 5 23 18 1 19 1
0 5 2 18 3 12 1
0 5 2 18 3 12 2
0 5 13 18 3 13 1
0 5 24 18 3 14 1
0 5 22 18 3 15 1
0 5 25 18 4 12 1
0 5 25 18 4 13 1
0 5 25 18 4 14 1
0 5 12 18 4 15 1
0 5 23 18 4 16 1
0 5 23 18 4 17 1
0 5 23 18 4 18 1
0 5 10 18 4 19 1
0 4 2 18 6 12 1
0 4 3 18 6 12 2
0 4 26 18 6 13 1
0 4 14 18 6 14 1
0 4 12 18 6 15 1
0 4 0 18 7 12 1
0 4 3 18 7 12 2
0 4 14 18 7 13 1
0 4 14 18 7 14 1
0 4 25 18 7 15 1
0 4 25 18 7 16 1
0 4 3 18 9 12 1
0 4 3 18 9 12 2
0 4 26 18 9 13 1
0 5 25 18 9 14 1
0 4 14 18 10 12 1
0 3 3 18 12 12 1
0 3 3 18 12 12 2
0 3 15 18 12 13 1
0 3 14 18 12 14 1
0 3 25 18 12 15 1
0 3 13 18 12 16 1
0 3 23 18 12 17 1
0 3 23 18 12 18 1
0 3 22 18 12 19 1
0 4 26 18 13 12 1
0 4 25 18 13 13 1
0 4 24 18 13 14 1
0 4 23 18 13 15 1
0 4 11 18 13 16 1
0 4 22 18 13 17 1
0 4 10 18 13 18 1
0 4 21 18 13 19 1
0 4 1 18 14 12 1
0 4 2 18 14 12 2
0 4 14 18 14 13 1
0 4 14 18 14 14 1
0 4 14 18 14 15 1
0 4 25 18 14 16 1
0 4 24 18 14 17 1
0 4 23 18 14 18 1
0 4 23 18 14 19 1
0 8 25 18 15 12 1
0 8 0 18 1 2 1
0 8 1 18 1 2 2
0 8 23 18 1 3 1
0 8 23 18 1 4 1
0 8 23 18 1 5 1
0 8 11 18 1 6 1
0 8 10 18 1 7 1
0 8 21 18 1 8 1
0 8 21 18 1 9 1
0 6 3 18 3 1 1
0 6 3 18 3 1 2
0 6 3 18 3 2 1
0 6 3 18 3 2 2
0 6 26 18 3 3 1
0 6 25 18 3 4 1
0 6 25 18 3 5 1
0 6 25 18 3 6 1
0 6 24 18 3 7 1
0 8 1 18 4 1 1
0 8 3 18 4 1 2
0 8 12 18 4 2 1
0 8 12 18 4 3 1
0 8 12 18 4 4 1
0 8 11 18 4 5 1
0 8 11 18 4 6 1
0 8 11 18 4 7 1
0 8 10 18 4 8 1
0 8 10 18 4 9 1
0 8 21 18 4 10 1
0 8 12 18 5 1 1
0 5 24 18 6 1 1
0 5 24 18 6 2 1
0 5 24 18 6 3 1
0 5 24 18 6 4 1
0 5 24 18 6 5 1
0 5 24 18 6 6 1
0 5 24 18 6 7 1
0 5 24 18 6 8 1
0 5 22 18 6 9 1
0 4 2 18 7 1 1
0 4 3 18 7 1 2
0 4 1 18 7 2 1
0 4 3 18 7 2 2
0 4 0 18 7 3 1
0 4 3 18 7 3 2
0 4 14 18 7 4 1
0 4 14 18 7 5 1
0 4 14 18 7 6 1
0 4 14 18 7 7 1
0 4 13 18 7 8 1
0 4 11 18 7 9 1
0 4 22 18 7 10 1
0 5 13 18 8 1 1
0 5 24 18 8 2 1
0 5 12 18 8 3 1
0 5 12 18 8 4 1
0 5 12 18 8 5 1
0 5 23 18 8 6 1
0 5 23 18 8 7 1
0 5 23 18 8 8 1
0 5 22 18 8 9 1
0 5 23 18 9 1 1
0 5 23 18 9 2 1
0 5 23 18 9 3 1
0 5 23 18 9 4 1
0 5 23 18 9 5 1
0 5 11 18 9 6 1
0 5 22 18 9 7 1
0 5 10 18 9 8 1
0 5 10 18 9 9 1
0 9 4 18 10 1 1
0 9 4 18 10 1 2
0 9 4 18 10 2 1
0 9 4 18 10 2 2
0 9 3 18 10 3 1
0 9 4 18 10 3 2
0 9 3 18 10 4 1
0 9 4 18 10 4 2
0 9 3 18 10 5 1
0 9 4 18 10 5 2
0 9 12 18 10 6 1
0 9 12 18 10 7 1
0 9 23 18 10 8 1
0 9 22 18 10 9 1
0 4 3 18 11 1 1
0 4 4 18 11 1 2
0 4 3 18 11 2 1
0 4 4 18 11 2 2
0 4 2 18 11 3 1
0 4 4 18 11 3 2
0 4 26 18 11 4 1
0 4 26 18 11 5 1
0 4 26 18 11 6 1
0 4 26 18 11 7 1
0 4 26 18 11 8 1
0 4 26 18 11 9 1
0 8 2 18 12 1 1
0 8 3 18 12 1 2
0 8 2 18 12 2 1
0 8 3 18 12 2 2
0 8 23 18 12 3 1
0 8 11 18 12 4 1
0 8 22 18 12 5 1
0 8 22 18 12 6 1
0 8 22 18 12 7 1
0 8 22 18 12 8 1
0 8 22 18 12 9 1
0 2 0 18 13 1 1
0 1 3 18 13 1 2
0 1 11 18 13 2 1
0 1 22 18 13 3 1
0 7 11 18 13 4 1
0 5 10 18 13 5 1
0 5 10 18 13 6 1
0 4 3 18 14 1 1
0 4 3 18 14 1 2
0 4 14 18 14 2 1
0 4 25 18 14 3 1
0 4 24 18 14 4 1
0 4 12 18 14 5 1
0 4 11 18 14 6 1
0 4 22 18 14 7 1
0 4 22 18 14 8 1
0 4 10 18 14 9 1
0 8 3 18 15 1 1
0 8 3 18 15 1 2
0 8 25 18 15 2 1
0 8 25 18 15 3 1
0 8 25 18 15 4 1
0 8 25 18 15 5 1
0 8 13 18 15 6 1
0 8 24 18 15 7 1
0 8 24 18 15 8 1
0 8 10 18 15 9 1
0 5 0 18 16 1 1
0 5 0 18 16 1 2
0 5 0 18 16 2 1
0 5 0 18 16 2 2
0 5 11 18 16 3 1
0 5 11 18 16 4 1
0 5 11 18 16 5 1
0 5 11 18 16 6 1
0 5 10 18 16 7 1
0 5 10 18 16 8 1
0 5 10 18 16 9 1
0 5 21 18 16 10 1
0 5 13 18 17 1 1
0 5 13 18 17 2 1
0 5 24 18 20 2 1
0 5 12 18 20 3 1
0 5 23 18 20 4 1
0 5 23 18 20 5 1
0 5 11 18 20 6 1
0 5 22 18 20 7 1
0 5 22 18 20 8 1
0 5 22 18 20 9 1
0 5 24 19 2 12 1
0 5 12 19 2 13 1
0 5 23 19 2 14 1
0 5 23 19 2 15 1
0 5 23 19 2 16 1
0 5 23 19 2 17 1
0 5 23 19 2 18 1
0 5 22 19 2 19 1
0 8 0 19 4 12 1
0 8 2 19 4 12 2
0 8 23 19 4 13 1
0 8 23 19 4 14 1
0 8 23 19 4 15 1
0 8 11 19 4 16 1
0 8 22 19 4 17 1
0 8 10 19 4 18 1
0 8 10 19 4 19 1
0 7 4 19 12 12 1
0 9 4 19 12 12 2
0 7 3 19 12 13 1
0 7 4 19 12 13 2
0 7 26 19 12 14 1
0 7 26 19 12 15 1
0 7 26 19 12 16 1
0 7 25 19 12 17 1
0 7 13 19 12 18 1
0 7 24 19 12 19 1
0 8 26 19 19 12 1
0 8 24 19 19 13 1
0 8 22 19 19 14 1
0 9 0 19 2 2 1
0 9 3 19 2 2 2
0 9 25 19 2 3 1
0 9 25 19 2 4 1
0 9 24 19 2 5 1
0 9 23 19 2 6 1
0 9 22 19 2 7 1
0 10 3 19 5 2 1
0 10 4 19 5 2 2
0 10 3 19 5 3 1
0 10 3 19 5 3 2
0 10 3 19 5 4 1
0 10 3 19 5 4 2
0 10 23 19 5 5 1
0 10 22 19 5 6 1
0 10 22 19 5 7 1
0 10 22 19 5 8 1
0 10 10 19 5 9 1
0 5 0 19 6 2 1
0 5 2 19 6 2 2
0 5 13 19 6 3 1
0 5 24 19 6 4 1
0 5 23 19 6 5 1
0 5 23 19 6 6 1
0 5 22 19 6 7 1
0 3 22 19 6 8 1
0 7 11 19 6 9 1
0 2 26 19 7 2 1
0 2 26 19 7 3 1
0 2 26 19 7 4 1
0 2 26 19 7 5 1
0 2 25 19 7 6 1
0 2 13 19 7 7 1
0 2 13 19 7 8 1
0 2 24 19 7 9 1
0 5 1 19 8 2 1
0 5 3 19 8 2 2
0 5 1 19 8 3 1
0 5 2 19 8 3 2
0 5 24 19 8 4 1
0 5 24 19 8 5 1
0 5 23 19 8 6 1
0 5 11 19 8 7 1
0 5 21 19 8 8 1
0 5 21 19 8 9 1
0 7 24 19 10 2 1
0 5 13 19 11 2 1
0 5 24 19 11 3 1
0 5 24 19 11 4 1
0 2 24 19 11 5 1
0 5 12 19 11 6 1
0 5 23 19 11 7 1
0 5 23 19 11 8 1
0 5 22 19 11 9 1
0 5 25 19 12 2 1
0 5 24 19 12 3 1
0 5 11 19 12 4 1
0 5 11 19 12 5 1
0 5 22 19 12 6 1
0 5 22 19 12 7 1
0 5 22 19 12 8 1
0 5 21 19 12 9 1
0 5 23 19 13 2 1
0 5 22 19 13 3 1
0 5 21 19 13 4 1
0 5 10 19 13 5 1
0 10 15 19 14 2 1
0 10 15 19 14 3 1
0 10 26 19 14 4 1
0 10 24 19 14 5 1
0 10 24 19 14 6 1
0 10 22 19 14 7 1
0 10 22 19 14 8 1
0 10 21 19 14 9 1
0 5 23 19 15 2 1
0 5 23 19 15 3 1
0 5 23 19 15 4 1
0 5 23 19 15 5 1
0 5 23 19 15 6 1
0 5 11 19 15 7 1
0 5 10 19 15 8 1
0 5 0 19 16 2 1
0 5 1 19 16 2 2
0 5 12 19 16 3 1
0 5 12 19 16 4 1
0 5 12 19 16 5 1
0 5 12 19 16 6 1
0 5 12 19 16 7 1
0 5 11 19 16 8 1
0 5 11 19 16 9 1
0 5 21 19 16 10 1
0 5 2 19 17 2 1
0 5 3 19 17 2 2
0 5 23 19 17 3 1
0 5 23 19 17 4 1
0 5 23 19 17 5 1
0 5 23 19 17 6 1
0 5 23 19 17 7 1
0 5 11 19 17 8 1
0 5 10 19 17 9 1
0 5 24 19 18 2 1
0 5 24 19 18 3 1
0 5 24 19 18 4 1
0 5 24 19 18 5 1
0 5 24 19 18 6 1
0 5 12 19 18 7 1
0 5 24 19 19 2 1
0 5 23 19 19 3 1
0 5 23 19 19 4 1
0 5 23 19 19 5 1
0 5 23 19 19 6 1
0 5 23 19 19 7 1
0 5 11 19 19 8 1
0 5 10 19 19 9 1
0 5 13 19 20 3 1
0 5 24 19 20 4 1
0 5 24 19 20 5 1
0 5 24 19 20 6 1
0 5 24 19 20 7 1
0 5 24 19 20 8 1
0 3 22 19 20 9 1
0 3 0 20 11 12 1
0 3 3 20 11 12 2
0 4 25 20 11 13 1
0 4 25 20 11 14 1
0 4 25 20 11 15 1
0 4 13 20 11 16 1
0 4 24 20 11 17 1
0 4 23 20 11 18 1
0 4 21 20 11 19 1
0 5 24 20 12 12 1
0 3 2 20 13 12 1
0 3 4 20 13 12 2
0 3 14 20 13 13 1
0 3 14 20 13 14 1
0 3 14 20 13 15 1
0 3 14 20 13 16 1
0 3 14 20 13 17 1
0 3 24 20 13 18 1
0 3 11 20 13 19 1
0 5 0 20 14 12 1
0 5 1 20 14 12 2
0 5 1 20 15 12 1
0 5 1 20 15 12 2
0 2 25 20 16 12 1
0 9 24 20 18 12 1
0 5 12 20 19 12 1
0 7 11 20 5 3 1
0 7 22 20 5 4 1
0 7 10 20 5 5 1
0 7 21 20 5 6 1
0 7 21 20 5 7 1
0 7 21 20 5 8 1
0 7 21 20 5 9 1
0 5 0 20 6 3 1
0 5 3 20 6 3 2
0 5 25 20 6 4 1
0 5 23 20 6 5 1
0 5 23 20 6 6 1
0 5 21 20 6 7 1
0 3 21 20 6 8 1
0 7 21 20 6 9 1
0 5 2 20 9 2 1
0 5 2 20 9 2 2
0 5 2 20 9 3 1
0 5 2 20 9 3 2
0 5 12 20 9 4 1
0 5 12 20 9 5 1
0 5 12 20 9 6 1
0 5 11 20 9 7 1
0 5 10 20 9 8 1
0 5 10 20 9 9 1
0 5 21 20 9 10 1
0 5 0 20 10 2 1
0 5 0 20 10 2 2
0 5 11 20 10 3 1
0 5 11 20 10 4 1
0 5 11 20 10 5 1
0 5 11 20 10 6 1
0 5 11 20 10 7 1
0 5 22 20 10 8 1
0 5 22 20 10 9 1
0 5 14 20 11 2 1
0 5 25 20 11 3 1
0 5 24 20 11 4 1
0 5 24 20 11 5 1
0 5 12 20 11 6 1
0 5 12 20 11 7 1
0 5 12 20 11 8 1
0 5 22 20 11 9 1
0 5 24 20 12 2 1
0 5 24 20 12 3 1
0 5 24 20 12 4 1
0 5 24 20 12 5 1
0 5 12 20 12 6 1
0 5 23 20 12 7 1
0 5 23 20 12 8 1
0 11 22 20 12 9 1
0 5 25 20 13 2 1
0 5 25 20 13 3 1
0 5 13 20 13 4 1
0 5 12 20 13 5 1
0 5 23 20 13 6 1
0 5 11 20 13 7 1
0 5 10 20 13 8 1
0 5 21 20 13 9 1
0 5 14 20 14 2 1
0 5 25 20 14 3 1
0 5 25 20 14 4 1
0 5 25 20 14 5 1
0 5 25 20 14 6 1
0 5 25 20 14 7 1
0 5 25 20 14 8 1
0 5 13 20 14 9 1
0 5 25 20 15 3 1
0 5 25 20 15 4 1
0 5 12 20 15 5 1
0 5 12 20 15 6 1
0 5 12 20 15 7 1
0 5 12 20 15 8 1
0 5 10 20 15 9 1
0 5 4 20 16 3 1
0 5 4 20 16 3 2
0 5 3 20 16 4 1
0 5 4 20 16 4 2
0 5 2 20 16 5 1
0 5 4 20 16 5 2
0 5 26 20 16 6 1
0 5 14 20 16 7 1
0 5 24 20 16 8 1
0 7 23 20 16 9 1
0 5 0 20 17 3 1
0 5 1 20 17 3 2
0 5 12 20 17 4 1
0 5 12 20 17 5 1
0 5 11 20 17 6 1
0 5 22 20 17 7 1
0 3 22 20 17 8 1
0 3 3 20 18 4 1
0 3 3 20 18 4 2
0 3 24 20 19 4 1
0 8 11 20 19 5 1
0 5 15 20 20 4 1
0 5 15 20 20 5 1
0 5 14 20 20 6 1
0 5 14 20 20 7 1
0 2 25 20 20 8 1
0 5 1 21 0 12 1
0 5 2 21 0 12 2
0 5 23 21 0 13 1
0 5 23 21 0 14 1
0 5 23 21 0 15 1
0 5 23 21 0 16 1
0 5 22 21 0 17 1
0 5 22 21 0 18 1
0 5 21 21 0 19 1
0 5 11 21 1 12 1
0 5 11 21 1 13 1
0 5 22 21 1 14 1
0 5 22 21 1 15 1
0 5 10 21 1 16 1
0 5 10 21 1 17 1
0 5 21 21 1 18 1
0 5 21 21 1 19 1
0 5 22 21 2 12 1
0 5 22 21 2 13 1
0 5 10 21 2 14 1
0 5 10 21 2 15 1
0 5 10 21 2 16 1
0 5 10 21 2 17 1
0 5 21 21 2 18 1
0 5 21 21 2 19 1
0 5 25 21 3 12 1
0 5 25 21 3 13 1
0 5 23 21 3 14 1
0 5 23 21 3 15 1
0 5 22 21 3 16 1
0 4 3 21 4 12 1
0 4 3 21 4 12 2
0 4 2 21 4 13 1
0 4 3 21 4 13 2
0 4 26 21 4 14 1
0 4 23 21 4 15 1
0 5 25 21 5 12 1
0 5 25 21 5 13 1
0 5 25 21 5 14 1
0 5 13 21 5 15 1
0 5 13 21 5 16 1
0 5 24 21 5 17 1
0 5 22 21 5 18 1
0 2 11 21 7 12 1
0 2 22 21 9 12 1
0 5 24 21 11 12 1
0 2 0 21 14 12 1
0 2 2 21 14 12 2
0 3 25 21 18 12 1
0 3 26 21 19 12 1
0 7 14 21 5 3 1
0 7 25 21 5 4 1
0 7 25 21 5 5 1
0 7 22 21 5 6 1
0 7 22 21 5 7 1
0 7 21 21 5 8 1
0 5 1 21 6 3 1
0 5 3 21 6 3 2
0 5 24 21 6 4 1
0 5 12 21 6 5 1
0 5 12 21 6 6 1
0 5 22 21 6 7 1
0 5 10 21 6 8 1
0 5 0 21 7 3 1
0 5 4 21 7 3 2
0 5 13 21 7 4 1
0 5 13 21 7 5 1
0 5 24 21 7 6 1
0 5 12 21 7 7 1
0 5 11 21 7 8 1
0 5 11 21 7 9 1
0 5 11 21 7 10 1
0 5 1 21 9 3 1
0 5 2 21 9 3 2
0 5 0 21 9 4 1
0 5 2 21 9 4 2
0 5 11 21 9 5 1
0 5 22 21 9 6 1
0 5 21 21 9 7 1
0 5 21 21 9 8 1
0 3 23 21 10 3 1
0 11 2 21 11 3 1
0 11 3 21 11 3 2
0 11 0 21 11 4 1
0 11 3 21 11 4 2
0 11 24 21 11 5 1
0 11 23 21 11 6 1
0 11 23 21 11 7 1
0 11 22 21 11 8 1
0 11 22 21 11 9 1
0 2 26 21 12 3 1
0 1 10 21 12 4 1
0 8 10 21 12 5 1
0 2 25 21 13 3 1
0 2 25 21 13 4 1
0 2 25 21 13 5 1
0 2 24 21 13 6 1
0 5 12 21 13 7 1
0 5 23 21 13 8 1
0 5 23 21 13 9 1
0 7 0 21 15 3 1
0 7 3 21 15 3 2
0 7 11 21 15 4 1
0 7 22 21 15 5 1
0 7 22 21 15 6 1
0 7 22 21 15 7 1
0 7 10 21 15 8 1
0 7 21 21 15 9 1
0 3 25 21 16 3 1
0 4 14 21 16 4 1
0 4 14 21 16 5 1
0 4 24 21 16 6 1
0 4 24 21 16 7 1
0 9 23 21 16 8 1
0 9 10 21 16 9 1
0 4 2 21 17 4 1
0 4 2 21 17 4 2
0 3 23 21 17 5 1
0 3 26 21 18 4 1
0 4 3 21 19 4 1
0 3 4 21 19 4 2
0 9 3 21 19 5 1
0 9 3 21 19 5 2
0 9 3 21 19 6 1
0 9 3 21 19 6 2
0 9 25 21 19 7 1
0 9 25 21 19 8 1
0 9 23 21 19 9 1
0 4 3 21 20 5 1
0 4 3 21 20 5 2
0 9 12 21 20 6 1
0 3 26 22 0 12 1
0 3 25 22 1 12 1
0 5 23 22 1 13 1
0 4 4 22 2 12 1
0 4 4 22 2 12 2
0 4 3 22 2 13 1
0 4 4 22 2 13 2
0 4 3 22 2 14 1
0 4 4 22 2 14 2
0 4 2 22 2 15 1
0 4 3 22 2 15 2
0 4 25 22 2 16 1
0 4 12 22 2 17 1
0 4 21 22 2 18 1
0 3 0 22 3 12 1
0 3 4 22 3 12 2
0 3 22 22 3 13 1
0 3 22 22 4 12 1
0 5 22 22 4 13 1
0 5 22 22 11 12 1
0 5 22 22 11 13 1
0 5 22 22 11 14 1
0 5 21 22 11 15 1
0 5 21 22 11 16 1
0 5 21 22 11 17 1
0 5 21 22 11 18 1
0 5 21 22 11 19 1
0 5 25 22 13 12 1
0 5 25 22 13 13 1
0 5 25 22 13 14 1
0 5 25 22 13 15 1
0 5 13 22 13 16 1
0 5 24 22 13 17 1
0 5 12 22 13 18 1
0 5 11 22 13 19 1
0 5 0 22 14 12 1
0 5 3 22 14 12 2
0 2 25 22 14 13 1
0 2 25 22 14 14 1
0 2 25 22 14 15 1
0 5 12 22 15 12 1
0 10 23 22 17 12 1
0 1 3 22 18 12 1
0 1 4 22 18 12 2
0 1 24 22 18 13 1
0 5 1 22 19 12 1
0 5 4 22 19 12 2
0 5 25 22 19 13 1
0 5 24 22 19 14 1
0 5 24 22 19 15 1
0 5 24 22 19 16 1
0 5 23 22 19 17 1
0 5 23 22 19 18 1
0 5 23 22 19 19 1
0 3 14 22 20 12 1
0 3 12 22 20 13 1
0 5 11 22 21 12 1
0 8 21 22 1 6 1
0 8 10 22 1 7 1
0 8 3 22 2 5 1
0 8 3 22 2 5 2
0 8 25 22 2 6 1
0 8 11 22 2 7 1
0 8 22 22 2 8 1
0 8 22 22 2 9 1
0 8 3 22 3 5 1
0 8 3 22 3 5 2
0 8 3 22 3 6 1
0 8 3 22 3 6 2
0 8 3 22 3 7 1
0 8 3 22 3 7 2
0 8 3 22 3 8 1
0 8 3 22 3 8 2
0 8 25 22 3 9 1
0 5 26 22 4 5 1
0 5 22 22 4 6 1
0 5 10 22 4 7 1
0 5 10 22 4 8 1
0 8 21 22 4 9 1
0 8 1 22 6 4 1
0 8 2 22 6 4 2
0 8 21 22 6 5 1
0 7 1 22 7 4 1
0 7 3 22 7 4 2
0 7 25 22 7 5 1
0 7 25 22 7 6 1
0 7 23 22 7 7 1
0 10 0 22 9 4 1
0 10 2 22 9 4 2
0 10 24 22 9 5 1
0 10 23 22 9 6 1
0 10 23 22 9 7 1
0 10 23 22 9 8 1
0 10 21 22 9 9 1
0 8 12 22 10 4 1
0 5 21 22 11 4 1
0 5 23 22 12 4 1
0 11 22 22 12 5 1
0 8 13 22 13 4 1
0 8 13 22 13 5 1
0 8 12 22 13 6 1
0 8 12 22 13 7 1
0 8 11 22 13 8 1
0 8 10 22 13 9 1
0 8 21 22 13 10 1
0 8 11 22 14 4 1
0 3 25 22 16 5 1
0 5 14 22 16 6 1
0 5 2 22 17 5 1
0 5 4 22 17 5 2
0 5 0 22 17 6 1
0 5 3 22 17 6 2
0 5 14 22 17 7 1
0 5 25 22 17 8 1
0 5 21 22 17 9 1
0 3 3 22 18 5 1
0 3 4 22 18 5 2
0 3 25 22 18 6 1
0 4 12 22 18 7 1
0 8 11 22 18 8 1
0 4 25 22 19 5 1
0 4 23 22 19 6 1
0 4 22 22 19 7 1
0 11 22 22 19 8 1
0 11 22 22 19 9 1
0 3 24 22 20 6 1
0 5 23 22 20 7 1
0 7 23 23 0 12 1
0 7 4 23 3 12 1
0 7 4 23 3 12 2
0 7 4 23 3 13 1
0 7 4 23 3 13 2
0 7 3 23 3 14 1
0 7 4 23 3 14 2
0 7 26 23 3 15 1
0 7 26 23 3 16 1
0 7 26 23 3 17 1
0 3 0 23 6 12 1
0 3 3 23 6 12 2
0 3 14 23 6 13 1
0 3 14 23 6 14 1
0 3 25 23 6 15 1
0 3 25 23 6 16 1
0 3 22 23 6 17 1
0 3 22 23 6 18 1
0 3 15 23 7 12 1
0 3 15 23 7 13 1
0 5 2 23 16 12 1
0 5 4 23 16 12 2
0 5 2 23 16 13 1
0 5 3 23 16 13 2
0 5 0 23 16 14 1
0 5 3 23 16 14 2
0 5 14 23 16 15 1
0 5 25 23 16 16 1
0 5 25 23 16 17 1
0 5 25 23 16 18 1
0 5 13 23 16 19 1
0 5 25 23 17 12 1
0 5 24 23 17 13 1
0 6 23 23 17 14 1
0 5 23 23 17 15 1
0 2 4 23 18 12 1
0 2 4 23 18 12 2
0 2 4 23 18 13 1
0 2 4 23 18 13 2
0 2 4 23 18 14 1
0 2 4 23 18 14 2
0 2 4 23 18 15 1
0 2 4 23 18 15 2
0 2 25 23 18 16 1
0 2 21 23 18 17 1
0 3 14 23 19 12 1
0 4 11 23 19 13 1
0 3 25 23 20 12 1
0 3 3 23 21 12 1
0 6 4 23 21 12 2
0 3 13 23 21 13 1
0 5 13 23 21 14 1
0 5 24 23 21 15 1
0 5 23 23 21 16 1
0 3 0 23 1 7 1
0 3 4 23 1 7 2
0 6 3 23 2 7 1
0 6 4 23 2 7 2
0 6 3 23 2 8 1
0 6 4 23 2 8 2
0 6 0 23 2 9 1
0 6 3 23 2 9 2
0 6 25 23 2 10 1
0 3 3 23 3 6 1
0 3 3 23 3 6 2
0 8 12 23 3 7 1
0 4 23 23 4 6 1
0 4 22 23 4 7 1
0 4 22 23 4 8 1
0 4 0 23 5 6 1
0 4 3 23 5 6 2
0 4 0 23 5 7 1
0 4 3 23 5 7 2
0 4 14 23 5 8 1
0 4 14 23 5 9 1
0 3 12 23 5 10 1
0 8 0 23 6 5 1
0 8 3 23 6 5 2
0 5 23 23 6 6 1
0 5 11 23 6 7 1
0 5 21 23 6 8 1
0 5 2 23 7 5 1
0 5 2 23 7 5 2
0 5 15 23 7 6 1
0 5 15 23 7 7 1
0 5 14 23 7 8 1
0 5 14 23 7 9 1
0 5 12 23 7 10 1
0 3 26 23 8 5 1
0 3 14 23 8 6 1
0 5 14 23 8 7 1
0 5 13 23 8 8 1
0 5 13 23 8 9 1
0 5 12 23 8 10 1
0 5 12 23 9 5 1
0 5 23 23 9 6 1
0 5 23 23 9 7 1
0 5 23 23 9 8 1
0 5 21 23 9 9 1
0 5 2 23 10 5 1
0 5 4 23 10 5 2
0 5 0 23 10 6 1
0 5 4 23 10 6 2
0 5 15 23 10 7 1
0 5 13 23 10 8 1
0 5 11 23 10 9 1
0 5 21 23 10 10 1
0 5 14 23 11 5 1
0 5 14 23 11 6 1
0 5 13 23 11 7 1
0 8 12 23 12 5 1
0 5 25 23 13 5 1
0 5 24 23 13 6 1
0 5 24 23 13 7 1
0 5 24 23 14 5 1
0 5 24 23 14 6 1
0 5 12 23 14 7 1
0 7 12 23 16 6 1
0 8 12 23 16 7 1
0 8 11 23 16 8 1
0 8 22 23 16 9 1
0 8 10 23 16 10 1
0 7 23 23 17 6 1
0 6 26 23 19 7 1
0 6 26 23 19 8 1
0 8 22 23 19 9 1
0 8 3 23 20 7 1
0 8 3 23 20 7 2
0 8 14 23 20 8 1
0 7 14 23 20 9 1
0 7 25 23 20 10 1
0 8 24
0 8 25
0 8 25
0 8 25
0 8 25
0 8 25
0 8 1
0 8 25
0 8 1
0 8 24
0 8 25
0 8 25
0 8 25
0 8 25
0 8 25
0 8 25
0 8 3
0 8 25
0 8 25
0 8 25
0 8 25
0 8 25
0 8 24
0 10 23
0 10 3
0 10 3
0 10 3
0 10 3
0 10 23
0 10 2
0 10 3
0 10 3
0 10 3
0 10 3
0 10 3
0 10 3
0 10 23
0 10 3
0 10 2
0 10 4
0 10 3
0 10 3
0 10 3
0 10 3
0 10 23
0 10 3
0 10 3
0 10 11
0 10 10
0 10 3
0 10 3
0 10 3
0 10 3
0 10 1
0 10 3
0 10 3
0 10 23
0 10 10
0 10 3
0 10 3
0 10 3
0 10 3
0 10 3
0 10 3
0 10 3
0 10 3
0 10 3
0 10 3
0 10 3
0 10 11
0 10 25
0 10 3
0 10 3
0 10 3
0 10 3
0 10 25
0 10 3
0 10 3
0 10 3
0 10 4
0 10 3
0 10 3
0 10 23
0 10 3
0 10 3
0 10 23
0 10 3
0 10 3
0 10 3
0 10 3
0 10 3
0 10 24
0 10 3
0 10 23
0 10 11
0 10 3
0 10 4
0 10 3
0 10 3
0 10 10
0 10 3
0 10 25
0 10 3
0 10 3
0 10 3
0 10 23
0 10 3
0 10 3
0 10 3
0 10 0
0 10 3
0 10 3
0 10 3
0 10 3
0 10 23
0 10 23
0 10 3
0 10 25
0 10 3
0 10 3
0 10 3
0 11 25
0 11 3
0 11 3
0 11 4
0 11 0
0 11 24
0 11 4
0 11 23
0 11 25
0 11 25
0 11 2
0 11 10
0 11 3
0 11 4
0 11 30
0 11 3
0 11 3
0 11 25
0 11 3
0 11 0
0 11 31
0 11 25
0 11 4
0 11 3
0 11 3
0 11 3
0 11 2
0 11 10
0 11 25
0 11 25
0 11 10
0 11 4
0 11 4
0 11 3
0 11 4
0 11 4
0 11 23
0 11 3
0 11 25
0 11 4
0 11 4
0 11 4
0 11 4
0 11 4
0 11 4
0 11 4
0 11 4
0 11 2
0 11 3
0 11 23
0 11 24
0 11 30
0 11 30
0 11 4
0 11 23
0 11 4
0 11 3
0 11 4
0 11 4
0 11 0
0 11 21
0 11 30
0 11 30
0 11 25
0 11 4
0 11 0
0 11 23
0 11 4
0 11 25
0 11 23
0 11 25
0 11 0
0 11 2
0 11 6
0 11 24
0 11 0
0 11 4
0 11 4
0 11 3
0 11 4
0 11 23
0 11 3
0 11 4
0 11 3
0 11 2
0 11 25
0 11 0
0 11 3
0 11 3
0 11 4
0 11 4
0 11 3
0 11 25
0 11 4
0 11 4
0 11 31
0 11 0
0 11 0
0 11 4
0 11 24
0 11 4
0 11 3
0 5 2
0 5 14
0 5 0
0 5 24
0 5 22
0 5 3
0 5 3
0 5 23
0 5 21
0 5 4
0 5 14
0 5 2
0 5 12
0 5 1
0 5 4
0 5 14
0 5 22
0 5 24
0 5 0
0 5 21
0 5 3
0 5 21
0 5 21
0 5 14
0 5 0
0 5 2
0 5 14
0 5 3
0 5 2
0 5 1
0 5 1
0 5 14
0 5 24
0 5 14
0 5 0
0 5 15
0 5 0
0 5 11
0 5 0
0 5 26
0 5 3
0 5 15
0 5 1
0 5 24
0 5 3
0 5 0
0 5 1
0 5 13
0 6 26
0 6 25
0 6 25
0 6 4
0 6 4
0 4 25
0 8 26
0 4 26
0 4 25
0 8 25
0 8 22
0 4 26
0 2 23
0 2 12
0 2 24
0 2 14
0 4 25
0 2 10
0 2 22
0 2 23
0 2 23
0 2 2
0 2 3
0 2 3
0 2 0
0 2 0
0 2 1
0 4 26
0 4 26
0 4 4
0 4 4
0 4 4
0 4 4
0 4 4
0 4 4
0 11 22
0 11 11
0 3 25
0 4 25
0 4 26
0 4 26
0 4 26
0 4 3
0 4 1
0 8 12
0 8 24
0 8 25
0 8 25
0 8 2
0 8 3
0 8 4
0 8 4
0 8 2
0 8 3
0 8 4
0 8 4
0 8 25
0 8 25
0 8 25
0 8 25
0 8 26
0 8 26
0 8 2
0 8 3
0 8 4
0 8 3
0 8 3
0 8 3
0 3 24
0 3 25
0 3 25
0 3 14
0 3 26
0 3 26
0 3 3
0 3 4
0 3 3
0 3 3
0 9 25
0 8 30
0 8 24
0 8 24
0 8 25
0 8 26
0 8 26
0 8 15
0 8 4
0 8 4
0 8 3
0 8 4
0 8 25
0 4 24
0 8 25
0 4 13
0 2 25
0 2 25
0 2 26
0 2 26
0 2 26
0 4 3
0 8 4
0 4 1
0 4 2
0 7 25
0 7 26
0 7 26
0 7 26
0 7 26
0 7 4
0 7 4
0 7 3
0 7 4
0 8 26
0 7 23
0 7 24
0 7 24
0 8 23
0 8 30
0 11 30
0 9 23
0 5 25
0 8 25
0 5 10
0 5 23
0 5 23
0 5 23
0 5 24
0 5 2
0 5 3
0 5 3
0 5 1
0 5 2
0 5 2
0 5 14
0 8 24
0 8 24
0 8 25
0 8 26
0 8 15
0 8 15
0 8 15
0 8 4
0 8 3
0 5 23
0 5 23
0 5 14
0 5 14
0 5 15
0 5 15
0 5 4
0 9 4
0 5 3
0 9 3
0 9 22
0 9 25
0 9 25
0 9 26
0 9 26
0 9 26
0 5 26
0 3 10
0 3 15
0 3 15
0 3 15
0 3 15
0 3 15
0 3 3
0 3 3
0 3 3
0 3 3
0 3 23
0 3 24
0 3 24
0 3 13
0 3 25
0 3 25
0 3 14
0 4 4
0 3 2
0 8 22
0 3 26
0 7 25
0 7 25
0 7 25
0 7 25
0 7 25
0 7 25
0 7 14
0 3 26
0 8 25
0 2 25
0 8 25
0 8 25
0 8 25
0 8 25
0 8 25
0 8 26
0 8 26
0 8 3
0 8 2
0 5 25
0 7 25
0 7 26
0 7 23
0 7 25
0 7 25
0 7 25
0 7 26
0 7 26
0 7 4
0 7 4
0 7 4
0 7 4
0 9 25
0 4 26
0 8 25
0 10 23
0 10 25
0 10 26
0 10 26
0 10 26
0 10 26
0 10 3
0 10 3
0 10 3
0 10 3
0 5 25
0 4 25
0 4 21
0 4 25
0 4 25
0 4 25
0 4 26
0 4 3
0 4 4
0 4 4
0 4 3
0 4 4
0 4 4
0 5 25
0 4 26
0 4 26
0 5 23
0 5 12
0 4 12
0 4 25
0 7 25
0 4 26
0 4 4
0 4 3
0 4 14
0 2 23
0 2 23
0 5 12
0 5 26
0 5 26
0 5 3
0 5 3
0 8 21
0 8 23
0 8 13
0 8 13
0 8 13
0 8 25
0 4 4
0 4 3
0 8 25
0 8 14
0 5 13
0 8 25
0 7 23
0 4 13
0 8 22
0 8 22
0 8 22
0 8 11
0 8 14
0 8 26
0 8 15
0 8 15
0 5 23
0 5 23
0 5 23
0 5 24
0 5 25
0 5 25
0 5 14
0 5 2
0 5 1
0 5 24
0 5 24
0 5 25
0 5 14
0 5 14
0 5 14
0 5 14
0 5 3
0 5 0
0 8 25
0 5 25
0 5 24
0 9 25
0 7 25
0 2 23
0 5 25
0 4 25
0 4 14
0 4 3
0 4 3
0 2 11
0 2 12
0 2 14
0 2 26
0 2 15
0 2 3
0 2 3
0 2 3
0 2 2
0 2 2
0 2 3
0 8 22
0 8 22
0 8 26
0 8 26
0 8 26
0 8 26
0 8 4
0 8 4
0 8 3
0 8 3
0 11 24
0 5 10
0 5 22
0 5 22
0 3 24
0 3 21
0 5 23
0 5 12
0 5 24
0 11 21
0 7 3
0 7 23
0 5 10
0 3 11
0 3 13
0 3 14
0 7 23
0 7 24
0 7 24
0 7 24
0 7 25
