# Parameters: nPorts nContainers
13 5427
# Transport type: id length=(20,40) weight type=(DC,RC,HC,HR)
0 20 3 DC
1 20 9 DC
2 20 14 DC
3 20 21 DC
4 20 27 DC
5 20 3 RC
6 20 9 RC
7 20 14 RC
8 20 21 RC
9 20 27 RC
10 40 3 DC
11 40 6 DC
12 40 9 DC
13 40 14 DC
14 40 21 DC
15 40 27 DC
16 40 3 RC
17 40 9 RC
18 40 14 RC
19 40 21 RC
20 40 27 RC
21 40 3 HC
22 40 6 HC
23 40 9 HC
24 40 14 HC
25 40 21 HC
26 40 27 HC
27 40 3 HR
28 40 9 HR
29 40 14 HR
30 40 21 HR
31 40 27 HR
32 40 3 HC
33 40 6 HC
34 40 9 HC
35 40 14 HC
36 40 21 HC
37 40 27 HC
# Container: startPort endPort typeId [bay stack tier slot]
0 2 14 1 4 10 1
0 2 25 1 4 11 1
0 2 25 1 4 12 1
0 2 25 1 4 13 1
0 2 13 1 4 14 1
0 2 24 1 4 15 1
0 3 3 1 5 10 1
0 3 3 1 5 10 2
0 3 25 1 5 11 1
0 3 25 1 5 12 1
0 3 25 1 5 13 1
0 3 13 1 5 14 1
0 3 24 1 5 15 1
0 6 3 1 11 10 1
0 6 3 1 11 10 2
0 6 3 1 11 11 1
0 6 3 1 11 11 2
0 6 3 1 11 12 1
0 6 3 1 11 12 2
0 6 3 1 11 13 1
0 6 3 1 11 13 2
0 6 13 1 11 14 1
0 6 22 1 11 15 1
0 1 3 1 12 10 1
0 1 4 1 12 10 2
0 1 26 1 12 11 1
0 1 26 1 12 12 1
0 1 26 1 12 13 1
0 1 26 1 12 14 1
0 1 23 1 12 15 1
0 6 3 1 8 3 1
0 6 4 1 8 3 2
0 6 15 1 8 4 1
0 6 26 1 8 5 1
0 6 25 1 8 6 1
0 6 22 1 8 7 1
0 1 4 2 2 10 1
0 1 4 2 2 10 2
0 1 3 2 2 11 1
0 1 3 2 2 11 2
0 1 3 2 2 12 1
0 1 3 2 2 12 2
0 1 25 2 2 13 1
0 1 25 2 2 14 1
0 1 22 2 2 15 1
0 2 26 2 4 10 1
0 2 26 2 4 11 1
0 2 26 2 4 12 1
0 2 26 2 4 13 1
0 2 14 2 4 14 1
0 2 26 2 5 10 1
0 2 26 2 5 11 1
0 2 26 2 5 12 1
0 2 26 2 5 13 1
0 2 25 2 5 14 1
0 2 23 2 5 15 1
0 5 3 2 6 10 1
0 5 3 2 6 10 2
0 5 26 2 6 11 1
0 5 26 2 6 12 1
0 5 14 2 6 13 1
0 5 14 2 6 14 1
0 1 26 2 8 10 1
0 1 26 2 8 11 1
0 1 26 2 8 12 1
0 1 26 2 8 13 1
0 1 26 2 8 14 1
0 2 26 2 9 10 1
0 2 26 2 9 11 1
0 2 26 2 9 12 1
0 2 26 2 9 13 1
0 2 25 2 9 14 1
0 2 22 2 9 15 1
0 2 3 2 10 10 1
0 2 3 2 10 10 2
0 2 26 2 10 11 1
0 2 25 2 10 12 1
0 2 12 2 10 13 1
0 2 23 2 10 14 1
0 2 21 2 10 15 1
0 11 15 2 12 10 1
0 11 26 2 12 11 1
0 11 26 2 12 12 1
0 11 26 2 12 13 1
0 11 26 2 12 14 1
0 11 11 2 12 15 1
0 2 26 2 15 10 1
0 2 26 2 15 11 1
0 2 26 2 15 12 1
0 2 26 2 15 13 1
0 2 25 2 15 14 1
0 2 22 2 15 15 1
0 2 0 2 3 7 1
0 2 3 2 3 7 2
0 2 0 2 3 8 1
0 2 3 2 3 8 2
0 2 11 2 4 7 1
0 2 10 2 4 8 1
0 6 3 2 7 3 1
0 6 4 2 7 3 2
0 6 3 2 7 4 1
0 6 4 2 7 4 2
0 6 3 2 7 5 1
0 6 3 2 7 5 2
0 6 2 2 7 6 1
0 6 3 2 7 6 2
0 6 2 2 7 7 1
0 6 3 2 7 7 2
0 6 26 2 7 8 1
0 5 23 2 10 5 1
0 5 23 2 10 6 1
0 5 23 2 10 7 1
0 1 3 2 11 6 1
0 1 4 2 11 6 2
0 1 25 2 11 7 1
0 1 11 2 11 8 1
0 2 22 2 13 7 1
0 1 4 3 0 10 1
0 1 4 3 0 10 2
0 1 26 3 0 11 1
0 1 14 3 0 12 1
0 1 14 3 0 13 1
0 1 25 3 0 14 1
0 1 25 3 0 15 1
0 4 2 3 2 10 1
0 4 3 3 2 10 2
0 4 2 3 2 11 1
0 4 3 3 2 11 2
0 4 1 3 2 12 1
0 4 2 3 2 12 2
0 4 23 3 2 13 1
0 4 23 3 2 14 1
0 4 21 3 2 15 1
0 3 3 3 3 10 1
0 3 4 3 3 10 2
0 3 3 3 3 11 1
0 3 2 3 3 11 2
0 3 26 3 3 12 1
0 3 26 3 3 13 1
0 3 14 3 3 14 1
0 3 25 3 3 15 1
0 2 13 3 11 10 1
0 2 24 3 11 11 1
0 2 24 3 11 12 1
0 2 23 3 11 13 1
0 2 23 3 11 14 1
0 2 23 3 11 15 1
0 2 23 3 11 16 1
0 2 3 3 12 10 1
0 2 3 3 12 10 2
0 2 0 3 12 11 1
0 2 3 3 12 11 2
0 2 14 3 12 12 1
0 2 25 3 12 13 1
0 2 24 3 12 14 1
0 2 11 3 12 15 1
0 2 4 3 13 10 1
0 2 4 3 13 10 2
0 2 2 3 13 11 1
0 2 3 3 13 11 2
0 2 26 3 13 12 1
0 2 26 3 13 13 1
0 2 26 3 13 14 1
0 2 12 3 13 15 1
0 6 0 3 14 10 1
0 6 3 3 14 10 2
0 6 14 3 14 11 1
0 6 14 3 14 12 1
0 6 14 3 14 13 1
0 6 25 3 14 14 1
0 6 21 3 14 15 1
0 2 3 3 15 10 1
0 2 4 3 15 10 2
0 2 25 3 15 11 1
0 2 25 3 15 12 1
0 2 25 3 15 13 1
0 2 24 3 15 14 1
0 2 22 3 15 15 1
0 2 3 3 16 10 1
0 2 4 3 16 10 2
0 2 2 3 16 11 1
0 2 3 3 16 11 2
0 2 26 3 16 12 1
0 2 26 3 16 13 1
0 2 24 3 16 14 1
0 2 10 3 16 15 1
0 8 4 3 6 3 1
0 8 4 3 6 3 2
0 8 4 3 6 4 1
0 8 4 3 6 4 2
0 8 4 3 6 5 1
0 8 4 3 6 5 2
0 8 4 3 6 6 1
0 8 4 3 6 6 2
0 8 3 3 6 7 1
0 8 3 3 6 7 2
0 8 26 3 6 8 1
0 7 3 3 7 1 1
0 7 4 3 7 1 2
0 7 3 3 7 2 1
0 7 4 3 7 2 2
0 7 3 3 7 3 1
0 7 4 3 7 3 2
0 7 3 3 7 4 1
0 7 4 3 7 4 2
0 7 3 3 7 5 1
0 7 3 3 7 5 2
0 7 26 3 7 6 1
0 7 13 3 7 7 1
0 7 12 3 7 8 1
0 11 15 3 8 0 1
0 11 15 3 8 1 1
0 11 15 3 8 2 1
0 11 26 3 8 3 1
0 11 26 3 8 4 1
0 11 26 3 8 5 1
0 11 25 3 8 6 1
0 11 25 3 8 7 1
0 2 4 3 9 1 1
0 2 4 3 9 1 2
0 2 26 3 9 2 1
0 2 14 3 9 3 1
0 2 25 3 9 4 1
0 2 25 3 9 5 1
0 2 24 3 9 6 1
0 2 24 3 9 7 1
0 8 4 3 11 4 1
0 8 4 3 11 4 2
0 8 3 3 11 5 1
0 8 4 3 11 5 2
0 8 3 3 11 6 1
0 8 4 3 11 6 2
0 8 3 3 11 7 1
0 8 4 3 11 7 2
0 8 3 3 11 8 1
0 8 0 3 11 8 2
0 2 14 3 12 5 1
0 2 14 3 12 6 1
0 2 12 3 12 7 1
0 2 23 3 12 8 1
0 11 15 4 0 10 1
0 11 15 4 0 11 1
0 11 15 4 0 12 1
0 11 26 4 0 13 1
0 11 24 4 0 14 1
0 11 21 4 0 15 1
0 1 26 4 2 10 1
0 1 26 4 2 11 1
0 1 26 4 2 12 1
0 1 26 4 2 13 1
0 1 26 4 2 14 1
0 1 1 4 4 10 1
0 1 3 4 4 10 2
0 1 26 4 4 11 1
0 1 25 4 4 12 1
0 1 25 4 4 13 1
0 1 12 4 4 14 1
0 1 21 4 4 15 1
0 1 3 4 7 10 1
0 1 4 4 7 10 2
0 1 2 4 7 11 1
0 1 4 4 7 11 2
0 1 25 4 7 12 1
0 1 25 4 7 13 1
0 1 25 4 7 14 1
0 1 13 4 7 15 1
0 4 2 4 11 10 1
0 4 4 4 11 10 2
0 4 25 4 11 11 1
0 4 25 4 11 12 1
0 4 24 4 11 13 1
0 4 12 4 11 14 1
0 4 23 4 11 15 1
0 9 26 4 12 10 1
0 9 26 4 12 11 1
0 9 25 4 12 12 1
0 9 25 4 12 13 1
0 9 25 4 12 14 1
0 2 15 4 14 10 1
0 2 15 4 14 11 1
0 2 15 4 14 12 1
0 2 15 4 14 13 1
0 2 15 4 14 14 1
0 2 21 4 14 15 1
0 1 3 4 5 3 1
0 1 4 4 5 3 2
0 1 3 4 5 4 1
0 1 4 4 5 4 2
0 1 3 4 5 5 1
0 1 3 4 5 5 2
0 1 3 4 5 6 1
0 1 3 4 5 6 2
0 1 26 4 5 7 1
0 1 14 4 5 8 1
0 4 3 4 6 1 1
0 4 3 4 6 1 2
0 4 24 4 6 2 1
0 4 24 4 6 3 1
0 4 24 4 6 4 1
0 4 24 4 6 5 1
0 4 23 4 6 6 1
0 4 23 4 6 7 1
0 5 3 4 7 0 1
0 5 4 4 7 0 2
0 5 3 4 7 1 1
0 5 4 4 7 1 2
0 5 3 4 7 2 1
0 5 4 4 7 2 2
0 5 25 4 7 3 1
0 5 25 4 7 4 1
0 5 13 4 7 5 1
0 5 24 4 7 6 1
0 5 24 4 7 7 1
0 11 0 4 8 0 1
0 11 4 4 8 0 2
0 11 15 4 8 1 1
0 11 26 4 8 2 1
0 11 25 4 8 3 1
0 11 25 4 8 4 1
0 11 25 4 8 5 1
0 11 25 4 8 6 1
0 11 25 4 8 7 1
0 2 3 4 10 1 1
0 2 4 4 10 1 2
0 2 3 4 10 2 1
0 2 4 4 10 2 2
0 2 2 4 10 3 1
0 2 4 4 10 3 2
0 2 25 4 10 4 1
0 2 13 4 10 5 1
0 2 13 4 10 6 1
0 2 13 4 10 7 1
0 2 12 4 10 8 1
0 2 3 4 11 3 1
0 2 4 4 11 3 2
0 2 0 4 11 4 1
0 2 3 4 11 4 2
0 2 14 4 11 5 1
0 2 14 4 11 6 1
0 2 25 4 11 7 1
0 2 12 4 11 8 1
0 2 0 4 13 5 1
0 2 2 4 13 5 2
0 2 22 4 13 6 1
0 2 10 4 13 7 1
0 4 15 4 15 7 1
0 4 26 4 15 8 1
0 1 3 5 0 10 1
0 1 4 5 0 10 2
0 1 26 5 0 11 1
0 1 25 5 0 12 1
0 1 25 5 0 13 1
0 1 25 5 0 14 1
0 1 23 5 0 15 1
0 2 3 5 1 10 1
0 2 3 5 1 10 2
0 2 25 5 1 11 1
0 2 25 5 1 12 1
0 2 25 5 1 13 1
0 2 24 5 1 14 1
0 2 23 5 1 15 1
0 2 3 5 2 10 1
0 2 3 5 2 10 2
0 2 13 5 2 11 1
0 2 24 5 2 12 1
0 2 12 5 2 13 1
0 2 22 5 2 14 1
0 2 22 5 2 15 1
0 10 15 5 3 10 1
0 10 26 5 3 11 1
0 10 26 5 3 12 1
0 10 26 5 3 13 1
0 10 26 5 3 14 1
0 1 2 5 4 10 1
0 1 3 5 4 10 2
0 1 1 5 4 11 1
0 1 3 5 4 11 2
0 1 26 5 4 12 1
0 1 26 5 4 13 1
0 1 14 5 4 14 1
0 1 25 5 4 15 1
0 2 3 5 5 10 1
0 2 4 5 5 10 2
0 2 3 5 5 11 1
0 2 3 5 5 11 2
0 2 12 5 5 12 1
0 2 11 5 5 13 1
0 2 10 5 5 14 1
0 2 21 5 5 15 1
0 2 26 5 11 10 1
0 2 26 5 11 11 1
0 2 26 5 11 12 1
0 2 26 5 11 13 1
0 2 26 5 11 14 1
0 6 26 5 13 10 1
0 6 14 5 13 11 1
0 6 14 5 13 12 1
0 6 24 5 13 13 1
0 6 24 5 13 14 1
0 6 23 5 13 15 1
0 2 2 5 14 10 1
0 2 3 5 14 10 2
0 2 1 5 14 11 1
0 2 3 5 14 11 2
0 2 25 5 14 12 1
0 2 25 5 14 13 1
0 2 12 5 14 14 1
0 2 22 5 14 15 1
0 2 3 5 1 6 1
0 3 4 5 1 6 2
0 2 4 5 2 5 1
0 2 4 5 2 5 2
0 2 4 5 2 6 1
0 2 4 5 2 6 2
0 2 3 5 2 7 1
0 2 3 5 2 7 2
0 2 3 5 2 8 1
0 2 3 5 2 8 2
0 3 31 5 3 4 1
0 3 31 5 3 5 1
0 3 31 5 3 6 1
0 3 15 5 3 7 1
0 4 3 5 4 2 1
0 4 3 5 4 2 2
0 4 3 5 4 3 1
0 4 3 5 4 3 2
0 4 2 5 4 4 1
0 4 3 5 4 4 2
0 4 14 5 4 5 1
0 4 14 5 4 6 1
0 4 10 5 4 7 1
0 4 21 5 4 8 1
0 11 7 5 5 1 1
0 11 3 5 5 1 2
0 11 0 5 5 2 1
0 11 3 5 5 2 2
0 11 30 5 5 3 1
0 11 14 5 5 4 1
0 11 14 5 5 5 1
0 11 14 5 5 6 1
0 11 14 5 5 7 1
0 11 13 5 5 8 1
0 5 30 5 6 1 1
0 2 30 5 6 2 1
0 2 25 5 6 3 1
0 2 25 5 6 4 1
0 2 25 5 6 5 1
0 2 25 5 6 6 1
0 10 8 5 7 0 1
0 10 3 5 7 0 2
0 10 3 5 7 1 1
0 10 3 5 7 1 2
0 10 3 5 7 2 1
0 10 3 5 7 2 2
0 10 0 5 7 3 1
0 10 3 5 7 3 2
0 10 14 5 7 4 1
0 10 14 5 7 5 1
0 10 14 5 7 6 1
0 10 25 5 7 7 1
0 10 13 5 7 8 1
0 11 31 5 9 0 1
0 11 31 5 9 1 1
0 11 31 5 9 2 1
0 11 31 5 9 3 1
0 11 31 5 9 4 1
0 11 15 5 9 5 1
0 11 15 5 9 6 1
0 11 25 5 9 7 1
0 4 3 5 10 1 1
0 4 4 5 10 1 2
0 4 3 5 10 2 1
0 4 4 5 10 2 2
0 4 3 5 10 3 1
0 4 3 5 10 3 2
0 4 3 5 10 4 1
0 4 3 5 10 4 2
0 4 2 5 10 5 1
0 4 3 5 10 5 2
0 4 1 5 10 6 1
0 4 3 5 10 6 2
0 4 25 5 10 7 1
0 4 13 5 10 8 1
0 11 2 5 11 1 1
0 11 3 5 11 1 2
0 11 31 5 11 2 1
0 11 15 5 11 3 1
0 11 14 5 11 4 1
0 11 12 5 11 5 1
0 11 11 5 11 6 1
0 11 10 5 11 7 1
0 11 10 5 11 8 1
0 5 2 5 13 4 1
0 5 4 5 13 4 2
0 5 0 5 13 5 1
0 5 3 5 13 5 2
0 5 30 5 13 6 1
0 5 14 5 13 7 1
0 5 14 5 13 8 1
0 7 25 6 0 10 1
0 7 25 6 0 11 1
0 7 25 6 0 12 1
0 7 25 6 0 13 1
0 7 13 6 0 14 1
0 7 13 6 0 15 1
0 7 22 6 0 16 1
0 2 14 6 1 10 1
0 2 14 6 1 11 1
0 2 25 6 1 12 1
0 2 25 6 1 13 1
0 2 12 6 1 14 1
0 2 22 6 1 15 1
0 2 21 6 1 16 1
0 7 3 6 2 10 1
0 7 3 6 2 10 2
0 7 25 6 2 11 1
0 7 25 6 2 12 1
0 7 25 6 2 13 1
0 7 25 6 2 14 1
0 7 24 6 2 15 1
0 7 11 6 2 16 1
0 7 3 6 3 10 1
0 7 4 6 3 10 2
0 7 3 6 3 11 1
0 7 4 6 3 11 2
0 7 14 6 3 12 1
0 7 25 6 3 13 1
0 7 13 6 3 14 1
0 7 24 6 3 15 1
0 7 24 6 3 16 1
0 11 26 6 4 10 1
0 11 26 6 4 11 1
0 11 26 6 4 12 1
0 11 25 6 4 13 1
0 11 13 6 4 14 1
0 11 22 6 4 15 1
0 11 21 6 4 16 1
0 6 26 6 5 10 1
0 6 26 6 5 11 1
0 6 26 6 5 12 1
0 6 26 6 5 13 1
0 6 26 6 5 14 1
0 6 25 6 5 15 1
0 6 21 6 5 16 1
0 5 3 6 7 10 1
0 5 4 6 7 10 2
0 5 0 6 7 11 1
0 5 3 6 7 11 2
0 5 25 6 7 12 1
0 5 25 6 7 13 1
0 5 25 6 7 14 1
0 5 13 6 7 15 1
0 5 12 6 7 16 1
0 7 0 6 8 10 1
0 7 4 6 8 10 2
0 7 26 6 8 11 1
0 7 26 6 8 12 1
0 7 26 6 8 13 1
0 7 14 6 8 14 1
0 7 11 6 8 15 1
0 7 11 6 8 16 1
0 6 2 6 9 10 1
0 6 3 6 9 10 2
0 6 2 6 9 11 1
0 6 3 6 9 11 2
0 6 26 6 9 12 1
0 6 25 6 9 13 1
0 6 24 6 9 14 1
0 6 24 6 9 15 1
0 6 22 6 9 16 1
0 9 25 6 10 10 1
0 9 25 6 10 11 1
0 9 25 6 10 12 1
0 9 25 6 10 13 1
0 9 25 6 10 14 1
0 9 25 6 10 15 1
0 9 22 6 10 16 1
0 2 26 6 11 10 1
0 2 14 6 11 11 1
0 2 25 6 11 12 1
0 2 25 6 11 13 1
0 2 23 6 11 14 1
0 2 11 6 11 15 1
0 2 22 6 11 16 1
0 5 3 6 12 10 1
0 5 4 6 12 10 2
0 5 14 6 12 11 1
0 5 14 6 12 12 1
0 5 25 6 12 13 1
0 5 25 6 12 14 1
0 5 25 6 12 15 1
0 5 13 6 12 16 1
0 2 3 6 13 10 1
0 2 3 6 13 10 2
0 2 26 6 13 11 1
0 2 14 6 13 12 1
0 2 25 6 13 13 1
0 2 13 6 13 14 1
0 2 22 6 13 15 1
0 2 22 6 13 16 1
0 2 3 6 15 10 1
0 2 3 6 15 10 2
0 2 26 6 15 11 1
0 2 26 6 15 12 1
0 2 14 6 15 13 1
0 2 25 6 15 14 1
0 2 25 6 15 15 1
0 2 25 6 15 16 1
0 11 26 6 16 10 1
0 11 25 6 16 11 1
0 11 25 6 16 12 1
0 11 25 6 16 13 1
0 11 25 6 16 14 1
0 11 25 6 16 15 1
0 11 23 6 16 16 1
0 7 14 6 3 2 1
0 7 14 6 3 3 1
0 7 14 6 3 4 1
0 7 14 6 3 5 1
0 7 14 6 3 6 1
0 7 13 6 3 7 1
0 7 24 6 3 8 1
0 11 26 6 4 1 1
0 11 14 6 4 2 1
0 11 25 6 4 3 1
0 11 25 6 4 4 1
0 11 25 6 4 5 1
0 11 25 6 4 6 1
0 11 10 6 4 7 1
0 7 3 6 5 1 1
0 7 4 6 5 1 2
0 7 3 6 5 2 1
0 7 4 6 5 2 2
0 7 3 6 5 3 1
0 7 4 6 5 3 2
0 7 2 6 5 4 1
0 7 4 6 5 4 2
0 7 1 6 5 5 1
0 7 3 6 5 5 2
0 7 26 6 5 6 1
0 7 14 6 5 7 1
0 7 14 6 5 8 1
0 11 3 6 7 0 1
0 11 3 6 7 0 2
0 11 15 6 7 1 1
0 11 26 6 7 2 1
0 11 14 6 7 3 1
0 11 25 6 7 4 1
0 11 25 6 7 5 1
0 11 25 6 7 6 1
0 11 24 6 7 7 1
0 10 0 6 8 0 1
0 10 4 6 8 0 2
0 10 15 6 8 1 1
0 10 15 6 8 2 1
0 10 15 6 8 3 1
0 10 26 6 8 4 1
0 10 14 6 8 5 1
0 10 14 6 8 6 1
0 10 14 6 8 7 1
0 10 11 6 8 8 1
0 2 3 6 11 1 1
0 2 4 6 11 1 2
0 2 2 6 11 2 1
0 2 3 6 11 2 2
0 2 15 6 11 3 1
0 2 15 6 11 4 1
0 2 14 6 11 5 1
0 2 14 6 11 6 1
0 2 12 6 11 7 1
0 2 21 6 11 8 1
0 11 3 6 12 1 1
0 11 3 6 12 1 2
0 11 25 6 12 2 1
0 11 25 6 12 3 1
0 11 24 6 12 4 1
0 11 24 6 12 5 1
0 11 24 6 12 6 1
0 11 24 6 12 7 1
0 2 3 6 14 4 1
0 2 4 6 14 4 2
0 2 15 6 14 5 1
0 2 15 6 14 6 1
0 2 15 6 14 7 1
0 2 25 6 14 8 1
0 7 31 7 13 10 1
0 7 31 7 13 11 1
0 7 31 7 13 12 1
0 7 14 7 13 13 1
0 7 25 7 13 14 1
0 7 13 7 13 15 1
0 7 13 7 13 16 1
0 2 1 7 15 10 1
0 2 3 7 15 10 2
0 2 14 7 15 11 1
0 2 25 7 15 12 1
0 2 25 7 15 13 1
0 2 25 7 15 14 1
0 2 13 7 15 15 1
0 2 13 7 15 16 1
0 1 4 7 16 10 1
0 1 4 7 16 10 2
0 1 4 7 16 11 1
0 1 4 7 16 11 2
0 1 25 7 16 12 1
0 1 25 7 16 13 1
0 1 25 7 16 14 1
0 1 12 7 16 15 1
0 1 22 7 16 16 1
0 3 15 7 3 4 1
0 3 15 7 3 5 1
0 3 15 7 3 6 1
0 3 15 7 3 7 1
0 3 15 7 3 8 1
0 1 3 7 7 4 1
0 1 4 7 7 4 2
0 1 0 7 7 5 1
0 1 4 7 7 5 2
0 1 15 7 7 6 1
0 1 15 7 7 7 1
0 1 26 7 7 8 1
0 1 3 7 9 4 1
0 1 4 7 9 4 2
0 1 3 7 9 5 1
0 1 4 7 9 5 2
0 1 3 7 9 6 1
0 1 4 7 9 6 2
0 1 3 7 9 7 1
0 1 3 7 9 7 2
0 1 24 7 9 8 1
0 6 3 7 10 4 1
0 6 4 7 10 4 2
0 6 3 7 10 5 1
0 6 4 7 10 5 2
0 6 3 7 10 6 1
0 6 4 7 10 6 2
0 6 3 7 10 7 1
0 6 3 7 10 7 2
0 6 25 7 10 8 1
0 5 15 7 13 4 1
0 5 15 7 13 5 1
0 5 15 7 13 6 1
0 5 15 7 13 7 1
0 5 25 7 13 8 1
0 3 4 7 15 4 1
0 3 4 7 15 4 2
0 3 14 7 15 5 1
0 3 14 7 15 6 1
0 3 14 7 15 7 1
0 3 25 7 15 8 1
0 11 31 8 0 10 1
0 11 31 8 0 11 1
0 11 25 8 0 12 1
0 11 24 8 0 13 1
0 11 23 8 0 14 1
0 11 23 8 0 15 1
0 11 22 8 0 16 1
0 11 22 8 0 17 1
0 10 0 8 2 10 1
0 10 4 8 2 10 2
0 10 25 8 2 11 1
0 10 25 8 2 12 1
0 10 25 8 2 13 1
0 10 23 8 2 14 1
0 10 11 8 2 15 1
0 10 22 8 2 16 1
0 10 21 8 2 17 1
0 10 0 8 5 10 1
0 10 3 8 5 10 2
0 10 0 8 5 11 1
0 10 3 8 5 11 2
0 10 30 8 5 12 1
0 10 14 8 5 13 1
0 10 25 8 5 14 1
0 10 25 8 5 15 1
0 10 25 8 5 16 1
0 10 25 8 5 17 1
0 11 6 8 6 10 1
0 11 3 8 6 10 2
0 11 31 8 6 11 1
0 11 31 8 6 12 1
0 11 26 8 6 13 1
0 11 25 8 6 14 1
0 11 25 8 6 15 1
0 11 25 8 6 16 1
0 11 25 8 6 17 1
0 3 3 8 7 10 1
0 3 3 8 7 10 2
0 3 30 8 7 11 1
0 3 30 8 7 12 1
0 3 24 8 7 13 1
0 3 24 8 7 14 1
0 3 24 8 7 15 1
0 3 24 8 7 16 1
0 3 23 8 7 17 1
0 9 3 8 9 10 1
0 9 4 8 9 10 2
0 9 31 8 9 11 1
0 9 26 8 9 12 1
0 9 26 8 9 13 1
0 9 26 8 9 14 1
0 9 25 8 9 15 1
0 9 24 8 9 16 1
0 9 24 8 9 17 1
0 11 0 8 12 10 1
0 11 3 8 12 10 2
0 11 14 8 12 11 1
0 11 14 8 12 12 1
0 11 25 8 12 13 1
0 11 25 8 12 14 1
0 11 25 8 12 15 1
0 11 25 8 12 16 1
0 11 25 8 12 17 1
0 11 3 8 13 10 1
0 11 3 8 13 10 2
0 11 31 8 13 11 1
0 11 31 8 13 12 1
0 11 15 8 13 13 1
0 11 14 8 13 14 1
0 11 25 8 13 15 1
0 11 25 8 13 16 1
0 11 24 8 13 17 1
0 11 30 8 14 10 1
0 11 25 8 14 11 1
0 11 24 8 14 12 1
0 11 23 8 14 13 1
0 11 22 8 14 14 1
0 11 22 8 14 15 1
0 11 21 8 14 16 1
0 11 21 8 14 17 1
0 1 25 8 15 10 1
0 1 25 8 15 11 1
0 1 25 8 15 12 1
0 1 25 8 15 13 1
0 1 24 8 15 14 1
0 1 23 8 15 15 1
0 1 10 8 15 16 1
0 1 21 8 15 17 1
0 6 3 8 16 10 1
0 6 3 8 16 10 2
0 6 0 8 16 11 1
0 6 3 8 16 11 2
0 6 25 8 16 12 1
0 6 25 8 16 13 1
0 6 25 8 16 14 1
0 6 25 8 16 15 1
0 6 25 8 16 16 1
0 6 10 8 16 17 1
0 2 2 8 1 1 1
0 2 3 8 1 1 2
0 2 15 8 1 2 1
0 2 26 8 1 3 1
0 2 14 8 1 4 1
0 2 12 8 1 5 1
0 2 11 8 1 6 1
0 2 11 8 1 7 1
0 2 10 8 1 8 1
0 2 3 8 2 0 1
0 2 4 8 2 0 2
0 2 2 8 2 1 1
0 2 4 8 2 1 2
0 2 2 8 2 2 1
0 2 4 8 2 2 2
0 2 0 8 2 3 1
0 2 3 8 2 3 2
0 2 0 8 2 4 1
0 2 3 8 2 4 2
0 2 25 8 2 5 1
0 2 12 8 2 6 1
0 2 12 8 2 7 1
0 2 10 8 2 8 1
0 11 2 8 3 0 1
0 11 4 8 3 0 2
0 11 2 8 3 1 1
0 11 3 8 3 1 2
0 11 15 8 3 2 1
0 11 26 8 3 3 1
0 11 14 8 3 4 1
0 11 14 8 3 5 1
0 11 14 8 3 6 1
0 11 14 8 3 7 1
0 11 11 8 3 8 1
0 5 3 8 4 0 1
0 5 4 8 4 0 2
0 5 3 8 4 1 1
0 5 4 8 4 1 2
0 5 3 8 4 2 1
0 5 4 8 4 2 2
0 5 3 8 4 3 1
0 5 4 8 4 3 2
0 5 2 8 4 4 1
0 5 4 8 4 4 2
0 5 25 8 4 5 1
0 5 25 8 4 6 1
0 5 24 8 4 7 1
0 10 15 8 5 0 1
0 10 15 8 5 1 1
0 10 26 8 5 2 1
0 10 14 8 5 3 1
0 10 14 8 5 4 1
0 10 25 8 5 5 1
0 10 25 8 5 6 1
0 10 25 8 5 7 1
0 11 15 8 6 0 1
0 11 15 8 6 1 1
0 11 26 8 6 2 1
0 11 25 8 6 3 1
0 11 25 8 6 4 1
0 11 25 8 6 5 1
0 11 25 8 6 6 1
0 11 25 8 6 7 1
0 2 3 8 7 0 1
0 2 4 8 7 0 2
0 2 3 8 7 1 1
0 2 4 8 7 1 2
0 2 2 8 7 2 1
0 2 3 8 7 2 2
0 2 2 8 7 3 1
0 2 3 8 7 3 2
0 2 15 8 7 4 1
0 2 26 8 7 5 1
0 2 13 8 7 6 1
0 2 11 8 7 7 1
0 2 10 8 7 8 1
0 8 3 8 8 0 1
0 8 4 8 8 0 2
0 8 3 8 8 1 1
0 8 3 8 8 1 2
0 8 1 8 8 2 1
0 8 3 8 8 2 2
0 8 26 8 8 3 1
0 8 14 8 8 4 1
0 8 14 8 8 5 1
0 8 12 8 8 6 1
0 8 12 8 8 7 1
0 8 10 8 8 8 1
0 2 3 8 9 0 1
0 2 3 8 9 0 2
0 2 3 8 9 1 1
0 2 3 8 9 1 2
0 2 15 8 9 2 1
0 2 26 8 9 3 1
0 2 24 8 9 4 1
0 2 23 8 9 5 1
0 2 22 8 9 6 1
0 7 3 8 10 0 1
0 7 4 8 10 0 2
0 7 3 8 10 1 1
0 7 4 8 10 1 2
0 7 2 8 10 2 1
0 7 4 8 10 2 2
0 7 2 8 10 3 1
0 7 4 8 10 3 2
0 7 2 8 10 4 1
0 7 4 8 10 4 2
0 7 1 8 10 5 1
0 7 3 8 10 5 2
0 7 0 8 10 6 1
0 7 3 8 10 6 2
0 7 25 8 10 7 1
0 8 3 8 11 0 1
0 8 4 8 11 0 2
0 8 2 8 11 1 1
0 8 3 8 11 1 2
0 8 1 8 11 2 1
0 8 3 8 11 2 2
0 8 26 8 11 3 1
0 8 26 8 11 4 1
0 8 26 8 11 5 1
0 8 26 8 11 6 1
0 8 26 8 11 7 1
0 11 0 8 12 0 1
0 11 2 8 12 0 2
0 11 24 8 12 1 1
0 11 24 8 12 2 1
0 11 24 8 12 3 1
0 11 23 8 12 4 1
0 11 23 8 12 5 1
0 11 11 8 12 6 1
0 11 21 8 12 7 1
0 10 4 8 13 0 1
0 10 4 8 13 0 2
0 10 26 8 13 1 1
0 10 25 8 13 2 1
0 10 25 8 13 3 1
0 10 25 8 13 4 1
0 10 25 8 13 5 1
0 10 23 8 13 6 1
0 10 23 8 13 7 1
0 11 26 8 14 0 1
0 11 25 8 14 1 1
0 11 25 8 14 2 1
0 11 25 8 14 3 1
0 11 25 8 14 4 1
0 11 25 8 14 5 1
0 11 25 8 14 6 1
0 11 24 8 14 7 1
0 10 26 8 15 1 1
0 10 26 8 15 2 1
0 10 26 8 15 3 1
0 10 26 8 15 4 1
0 10 26 8 15 5 1
0 10 26 8 15 6 1
0 10 26 8 15 7 1
0 11 3 9 0 10 1
0 11 3 9 0 10 2
0 11 31 9 0 11 1
0 11 31 9 0 12 1
0 11 25 9 0 13 1
0 11 25 9 0 14 1
0 11 25 9 0 15 1
0 11 25 9 0 16 1
0 11 25 9 0 17 1
0 3 3 9 1 10 1
0 3 4 9 1 10 2
0 3 30 9 1 11 1
0 3 25 9 1 12 1
0 3 25 9 1 13 1
0 3 25 9 1 14 1
0 3 25 9 1 15 1
0 3 24 9 1 16 1
0 3 11 9 1 17 1
0 2 3 9 2 10 1
0 2 4 9 2 10 2
0 2 6 9 2 11 1
0 2 3 9 2 11 2
0 2 25 9 2 12 1
0 2 25 9 2 13 1
0 2 13 9 2 14 1
0 2 24 9 2 15 1
0 2 23 9 2 16 1
0 2 22 9 2 17 1
0 11 14 9 3 10 1
0 11 14 9 3 11 1
0 11 25 9 3 12 1
0 11 25 9 3 13 1
0 11 25 9 3 14 1
0 11 24 9 3 15 1
0 11 23 9 3 16 1
0 11 10 9 3 17 1
0 2 3 9 5 10 1
0 2 4 9 5 10 2
0 2 2 9 5 11 1
0 2 4 9 5 11 2
0 2 23 9 5 12 1
0 2 23 9 5 13 1
0 2 23 9 5 14 1
0 2 11 9 5 15 1
0 2 22 9 5 16 1
0 2 10 9 5 17 1
0 7 3 9 6 10 1
0 7 4 9 6 10 2
0 7 0 9 6 11 1
0 7 4 9 6 11 2
0 7 24 9 6 12 1
0 7 24 9 6 13 1
0 7 23 9 6 14 1
0 7 23 9 6 15 1
0 7 10 9 6 16 1
0 7 21 9 6 17 1
0 7 3 9 7 10 1
0 7 4 9 7 10 2
0 7 3 9 7 11 1
0 7 4 9 7 11 2
0 7 3 9 7 12 1
0 7 0 9 7 12 2
0 7 25 9 7 13 1
0 7 25 9 7 14 1
0 7 25 9 7 15 1
0 7 25 9 7 16 1
0 7 25 9 7 17 1
0 9 25 9 8 10 1
0 9 25 9 8 11 1
0 9 25 9 8 12 1
0 9 25 9 8 13 1
0 9 25 9 8 14 1
0 9 25 9 8 15 1
0 9 25 9 8 16 1
0 9 22 9 8 17 1
0 2 2 9 9 10 1
0 2 2 9 9 10 2
0 2 25 9 9 11 1
0 2 29 9 9 12 1
0 2 23 9 9 13 1
0 2 23 9 9 14 1
0 2 22 9 9 15 1
0 2 22 9 9 16 1
0 2 21 9 9 17 1
0 10 3 9 10 10 1
0 10 4 9 10 10 2
0 10 0 9 10 11 1
0 10 4 9 10 11 2
0 10 30 9 10 12 1
0 10 25 9 10 13 1
0 10 13 9 10 14 1
0 10 22 9 10 15 1
0 10 22 9 10 16 1
0 10 10 9 10 17 1
0 2 3 9 11 10 1
0 2 4 9 11 10 2
0 2 2 9 11 11 1
0 2 3 9 11 11 2
0 2 25 9 11 12 1
0 2 13 9 11 13 1
0 2 23 9 11 14 1
0 2 11 9 11 15 1
0 2 22 9 11 16 1
0 2 22 9 11 17 1
0 10 3 9 12 10 1
0 10 4 9 12 10 2
0 10 31 9 12 11 1
0 10 26 9 12 12 1
0 10 26 9 12 13 1
0 10 26 9 12 14 1
0 10 25 9 12 15 1
0 10 25 9 12 16 1
0 10 11 9 12 17 1
0 5 2 9 13 10 1
0 5 4 9 13 10 2
0 5 0 9 13 11 1
0 5 3 9 13 11 2
0 5 24 9 13 12 1
0 5 24 9 13 13 1
0 5 24 9 13 14 1
0 5 12 9 13 15 1
0 5 23 9 13 16 1
0 5 22 9 13 17 1
0 2 1 9 14 10 1
0 2 3 9 14 10 2
0 2 24 9 14 11 1
0 2 24 9 14 12 1
0 2 24 9 14 13 1
0 2 23 9 14 14 1
0 2 23 9 14 15 1
0 2 23 9 14 16 1
0 2 22 9 14 17 1
0 5 3 9 15 10 1
0 5 4 9 15 10 2
0 5 3 9 15 11 1
0 5 3 9 15 11 2
0 5 23 9 15 12 1
0 5 23 9 15 13 1
0 5 23 9 15 14 1
0 5 22 9 15 15 1
0 5 22 9 15 16 1
0 5 10 9 15 17 1
0 11 31 9 16 10 1
0 11 31 9 16 11 1
0 11 25 9 16 12 1
0 11 25 9 16 13 1
0 11 25 9 16 14 1
0 11 25 9 16 15 1
0 11 25 9 16 16 1
0 11 25 9 16 17 1
0 7 3 9 1 1 1
0 7 3 9 1 1 2
0 7 14 9 1 2 1
0 7 14 9 1 3 1
0 7 14 9 1 4 1
0 7 14 9 1 5 1
0 7 14 9 1 6 1
0 7 24 9 1 7 1
0 7 11 9 1 8 1
0 5 3 9 3 0 1
0 5 4 9 3 0 2
0 5 3 9 3 1 1
0 5 4 9 3 1 2
0 5 3 9 3 2 1
0 5 4 9 3 2 2
0 5 3 9 3 3 1
0 5 4 9 3 3 2
0 5 2 9 3 4 1
0 5 3 9 3 4 2
0 5 0 9 3 5 1
0 5 3 9 3 5 2
0 5 0 9 3 6 1
0 5 3 9 3 6 2
0 5 25 9 3 7 1
0 2 3 9 4 0 1
0 2 4 9 4 0 2
0 2 3 9 4 1 1
0 2 4 9 4 1 2
0 2 31 9 4 2 1
0 2 14 9 4 3 1
0 2 14 9 4 4 1
0 2 12 9 4 5 1
0 2 12 9 4 6 1
0 2 11 9 4 7 1
0 2 10 9 4 8 1
0 4 3 9 7 0 1
0 4 4 9 7 0 2
0 4 3 9 7 1 1
0 4 4 9 7 1 2
0 4 3 9 7 2 1
0 4 3 9 7 2 2
0 4 3 9 7 3 1
0 4 3 9 7 3 2
0 4 3 9 7 4 1
0 4 3 9 7 4 2
0 4 3 9 7 5 1
0 4 3 9 7 5 2
0 4 3 9 7 6 1
0 4 3 9 7 6 2
0 4 3 9 7 7 1
0 4 3 9 7 7 2
0 4 3 9 7 8 1
0 4 3 9 7 8 2
0 2 3 9 8 0 1
0 2 4 9 8 0 2
0 2 3 9 8 1 1
0 2 4 9 8 1 2
0 2 3 9 8 2 1
0 2 4 9 8 2 2
0 2 3 9 8 3 1
0 2 4 9 8 3 2
0 2 2 9 8 4 1
0 2 4 9 8 4 2
0 2 26 9 8 5 1
0 2 14 9 8 6 1
0 2 14 9 8 7 1
0 2 14 9 8 8 1
0 7 3 9 9 0 1
0 7 4 9 9 0 2
0 7 3 9 9 1 1
0 7 4 9 9 1 2
0 7 1 9 9 2 1
0 7 4 9 9 2 2
0 7 31 9 9 3 1
0 7 31 9 9 4 1
0 7 31 9 9 5 1
0 7 25 9 9 6 1
0 7 24 9 9 7 1
0 5 3 9 10 0 1
0 5 4 9 10 0 2
0 5 2 9 10 1 1
0 5 3 9 10 1 2
0 5 1 9 10 2 1
0 5 3 9 10 2 2
0 5 23 9 10 3 1
0 5 23 9 10 4 1
0 5 23 9 10 5 1
0 5 11 9 10 6 1
0 5 22 9 10 7 1
0 2 8 9 11 0 1
0 2 4 9 11 0 2
0 2 3 9 11 1 1
0 2 3 9 11 1 2
0 2 3 9 11 2 1
0 2 3 9 11 2 2
0 2 0 9 11 3 1
0 2 3 9 11 3 2
0 2 14 9 11 4 1
0 2 14 9 11 5 1
0 2 25 9 11 6 1
0 2 12 9 11 7 1
0 2 11 9 11 8 1
0 11 25 9 12 0 1
0 11 25 9 12 1 1
0 11 25 9 12 2 1
0 11 29 9 12 3 1
0 11 23 9 12 4 1
0 11 23 9 12 5 1
0 11 27 9 12 6 1
0 11 21 9 12 7 1
0 9 2 9 13 0 1
0 9 3 9 13 0 2
0 9 30 9 13 1 1
0 9 25 9 13 2 1
0 9 25 9 13 3 1
0 9 25 9 13 4 1
0 9 22 9 13 5 1
0 9 22 9 13 6 1
0 9 22 9 13 7 1
0 10 3 9 14 0 1
0 10 4 9 14 0 2
0 10 24 9 14 1 1
0 10 24 9 14 2 1
0 10 24 9 14 3 1
0 10 24 9 14 4 1
0 10 28 9 14 5 1
0 10 12 9 14 6 1
0 10 21 9 14 7 1
0 6 2 9 15 1 1
0 6 3 9 15 1 2
0 6 31 9 15 2 1
0 6 31 9 15 3 1
0 6 31 9 15 4 1
0 6 15 9 15 5 1
0 6 14 9 15 6 1
0 6 25 9 15 7 1
0 10 2 10 0 10 1
0 10 3 10 0 10 2
0 10 31 10 0 11 1
0 10 25 10 0 12 1
0 10 13 10 0 13 1
0 10 24 10 0 14 1
0 10 10 10 0 15 1
0 10 21 10 0 16 1
0 10 21 10 0 17 1
0 8 3 10 1 10 1
0 8 4 10 1 10 2
0 8 3 10 1 11 1
0 8 3 10 1 11 2
0 8 25 10 1 12 1
0 8 24 10 1 13 1
0 8 24 10 1 14 1
0 8 24 10 1 15 1
0 8 22 10 1 16 1
0 8 10 10 1 17 1
0 10 0 10 2 10 1
0 10 3 10 2 10 2
0 10 30 10 2 11 1
0 10 30 10 2 12 1
0 10 25 10 2 13 1
0 10 25 10 2 14 1
0 10 12 10 2 15 1
0 10 12 10 2 16 1
0 10 22 10 2 17 1
0 5 3 10 3 10 1
0 5 4 10 3 10 2
0 5 3 10 3 11 1
0 5 4 10 3 11 2
0 5 12 10 3 12 1
0 5 12 10 3 13 1
0 5 23 10 3 14 1
0 5 23 10 3 15 1
0 5 23 10 3 16 1
0 5 22 10 3 17 1
0 6 8 10 4 10 1
0 6 4 10 4 10 2
0 6 0 10 4 11 1
0 6 3 10 4 11 2
0 6 25 10 4 12 1
0 6 25 10 4 13 1
0 6 25 10 4 14 1
0 6 25 10 4 15 1
0 6 22 10 4 16 1
0 6 22 10 4 17 1
0 1 4 10 5 10 1
0 1 4 10 5 10 2
0 1 25 10 5 11 1
0 1 25 10 5 12 1
0 1 25 10 5 13 1
0 1 25 10 5 14 1
0 1 25 10 5 15 1
0 1 25 10 5 16 1
0 1 22 10 5 17 1
0 11 0 10 6 10 1
0 11 4 10 6 10 2
0 11 14 10 6 11 1
0 11 14 10 6 12 1
0 11 25 10 6 13 1
0 11 25 10 6 14 1
0 11 25 10 6 15 1
0 11 25 10 6 16 1
0 11 23 10 6 17 1
0 6 31 10 7 10 1
0 6 31 10 7 11 1
0 6 31 10 7 12 1
0 8 25 10 7 13 1
0 8 25 10 7 14 1
0 6 25 10 7 15 1
0 6 23 10 7 16 1
0 6 22 10 7 17 1
0 6 3 10 8 10 1
0 6 3 10 8 10 2
0 6 3 10 8 11 1
0 6 3 10 8 11 2
0 6 25 10 8 12 1
0 6 25 10 8 13 1
0 6 11 10 8 14 1
0 6 22 10 8 15 1
0 6 22 10 8 16 1
0 6 21 10 8 17 1
0 11 30 10 9 10 1
0 11 25 10 9 11 1
0 11 25 10 9 12 1
0 11 25 10 9 13 1
0 11 25 10 9 14 1
0 11 25 10 9 15 1
0 11 25 10 9 16 1
0 11 10 10 9 17 1
0 6 3 10 10 10 1
0 6 4 10 10 10 2
0 6 3 10 10 11 1
0 6 4 10 10 11 2
0 6 13 10 10 12 1
0 6 24 10 10 13 1
0 6 24 10 10 14 1
0 6 23 10 10 15 1
0 6 22 10 10 16 1
0 6 10 10 10 17 1
0 11 3 10 11 10 1
0 11 3 10 11 10 2
0 11 25 10 11 11 1
0 11 25 10 11 12 1
0 11 25 10 11 13 1
0 11 25 10 11 14 1
0 11 25 10 11 15 1
0 11 12 10 11 16 1
0 11 23 10 11 17 1
0 6 3 10 12 10 1
0 6 4 10 12 10 2
0 6 14 10 12 11 1
0 6 14 10 12 12 1
0 6 14 10 12 13 1
0 6 14 10 12 14 1
0 6 25 10 12 15 1
0 6 23 10 12 16 1
0 6 11 10 12 17 1
0 11 1 10 13 10 1
0 11 3 10 13 10 2
0 11 31 10 13 11 1
0 11 31 10 13 12 1
0 11 26 10 13 13 1
0 11 14 10 13 14 1
0 11 14 10 13 15 1
0 11 25 10 13 16 1
0 11 25 10 13 17 1
0 3 3 10 15 10 1
0 3 3 10 15 10 2
0 3 30 10 15 11 1
0 3 25 10 15 12 1
0 3 25 10 15 13 1
0 3 25 10 15 14 1
0 3 25 10 15 15 1
0 3 25 10 15 16 1
0 3 22 10 15 17 1
0 8 2 10 16 10 1
0 8 3 10 16 10 2
0 8 2 10 16 11 1
0 8 3 10 16 11 2
0 8 30 10 16 12 1
0 8 25 10 16 13 1
0 8 25 10 16 14 1
0 8 13 10 16 15 1
0 8 24 10 16 16 1
0 8 21 10 16 17 1
0 2 3 10 1 1 1
0 2 3 10 1 1 2
0 2 1 10 1 2 1
0 2 3 10 1 2 2
0 2 14 10 1 3 1
0 2 25 10 1 4 1
0 2 12 10 1 5 1
0 2 12 10 1 6 1
0 2 12 10 1 7 1
0 2 11 10 1 8 1
0 2 3 10 2 0 1
0 7 4 10 2 0 2
0 2 25 10 2 1 1
0 2 25 10 2 2 1
0 2 24 10 2 3 1
0 2 23 10 2 4 1
0 2 23 10 2 5 1
0 2 22 10 2 6 1
0 2 21 10 2 7 1
0 11 0 10 3 0 1
0 11 3 10 3 0 2
0 11 14 10 3 1 1
0 11 14 10 3 2 1
0 11 14 10 3 3 1
0 11 14 10 3 4 1
0 11 14 10 3 5 1
0 11 25 10 3 6 1
0 11 11 10 3 7 1
0 11 11 10 3 8 1
0 1 4 10 4 0 1
0 1 4 10 4 0 2
0 1 3 10 4 1 1
0 1 4 10 4 1 2
0 1 26 10 4 2 1
0 1 14 10 4 3 1
0 1 24 10 4 4 1
0 1 24 10 4 5 1
0 1 23 10 4 6 1
0 1 23 10 4 7 1
0 10 4 10 5 0 1
0 10 4 10 5 0 2
0 10 22 10 5 1 1
0 10 22 10 5 2 1
0 10 22 10 5 3 1
0 10 22 10 5 4 1
0 10 22 10 5 5 1
0 10 10 10 5 6 1
0 10 21 10 5 7 1
0 5 3 10 6 0 1
0 5 4 10 6 0 2
0 5 2 10 6 1 1
0 5 3 10 6 1 2
0 5 2 10 6 2 1
0 5 3 10 6 2 2
0 5 15 10 6 3 1
0 5 26 10 6 4 1
0 5 14 10 6 5 1
0 5 12 10 6 6 1
0 5 12 10 6 7 1
0 5 11 10 6 8 1
0 6 3 10 7 0 1
0 6 4 10 7 0 2
0 6 2 10 7 1 1
0 6 3 10 7 1 2
0 6 23 10 7 2 1
0 6 22 10 7 3 1
0 6 22 10 7 4 1
0 6 10 10 7 5 1
0 6 21 10 7 6 1
0 6 21 10 7 7 1
0 3 26 10 8 0 1
0 3 26 10 8 1 1
0 3 26 10 8 2 1
0 3 25 10 8 3 1
0 3 25 10 8 4 1
0 3 25 10 8 5 1
0 3 25 10 8 6 1
0 3 24 10 8 7 1
0 1 4 10 9 0 1
0 1 4 10 9 0 2
0 1 4 10 9 1 1
0 1 4 10 9 1 2
0 1 26 10 9 2 1
0 1 14 10 9 3 1
0 1 14 10 9 4 1
0 1 14 10 9 5 1
0 1 12 10 9 6 1
0 1 11 10 9 7 1
0 1 11 10 9 8 1
0 11 3 10 10 0 1
0 11 3 10 10 0 2
0 11 14 10 10 1 1
0 11 25 10 10 2 1
0 11 25 10 10 3 1
0 11 25 10 10 4 1
0 11 25 10 10 5 1
0 11 25 10 10 6 1
0 11 22 10 10 7 1
0 2 2 10 11 0 1
0 2 4 10 11 0 2
0 2 2 10 11 1 1
0 2 3 10 11 1 2
0 2 0 10 11 2 1
0 2 3 10 11 2 2
0 2 24 10 11 3 1
0 2 12 10 11 4 1
0 2 12 10 11 5 1
0 2 12 10 11 6 1
0 2 12 10 11 7 1
0 2 12 10 11 8 1
0 11 26 10 12 0 1
0 11 26 10 12 1 1
0 11 26 10 12 2 1
0 11 26 10 12 3 1
0 11 26 10 12 4 1
0 11 25 10 12 5 1
0 11 25 10 12 6 1
0 11 25 10 12 7 1
0 7 3 10 13 0 1
0 7 4 10 13 0 2
0 7 0 10 13 1 1
0 7 4 10 13 1 2
0 7 25 10 13 2 1
0 7 25 10 13 3 1
0 7 24 10 13 4 1
0 7 12 10 13 5 1
0 7 22 10 13 6 1
0 7 22 10 13 7 1
0 1 4 10 14 0 1
0 1 4 10 14 0 2
0 1 4 10 14 1 1
0 1 4 10 14 1 2
0 1 4 10 14 2 1
0 1 4 10 14 2 2
0 1 26 10 14 3 1
0 1 26 10 14 4 1
0 1 26 10 14 5 1
0 1 26 10 14 6 1
0 1 26 10 14 7 1
0 5 1 10 15 1 1
0 5 3 10 15 1 2
0 5 1 10 15 2 1
0 5 3 10 15 2 2
0 5 1 10 15 3 1
0 5 2 10 15 3 2
0 5 13 10 15 4 1
0 5 13 10 15 5 1
0 5 12 10 15 6 1
0 5 23 10 15 7 1
0 5 11 10 15 8 1
0 2 4 11 0 10 1
0 2 4 11 0 10 2
0 2 25 11 0 11 1
0 2 25 11 0 12 1
0 2 25 11 0 13 1
0 2 25 11 0 14 1
0 2 24 11 0 15 1
0 2 24 11 0 16 1
0 2 21 11 0 17 1
0 8 0 11 1 10 1
0 2 1 11 1 10 2
0 4 23 11 1 11 1
0 4 23 11 1 12 1
0 2 3 11 2 10 1
0 2 3 11 2 10 2
0 2 23 11 2 11 1
0 2 23 11 2 12 1
0 2 23 11 2 13 1
0 2 23 11 2 14 1
0 2 22 11 2 15 1
0 2 10 11 2 16 1
0 2 21 11 2 17 1
0 6 7 11 3 10 1
0 6 4 11 3 10 2
0 6 2 11 3 11 1
0 6 3 11 3 11 2
0 6 25 11 3 12 1
0 6 24 11 3 13 1
0 6 22 11 3 14 1
0 6 22 11 3 15 1
0 6 22 11 3 16 1
0 6 21 11 3 17 1
0 2 3 11 5 10 1
0 2 4 11 5 10 2
0 2 7 11 5 11 1
0 2 3 11 5 11 2
0 2 7 11 5 12 1
0 2 3 11 5 12 2
0 2 22 11 5 13 1
0 2 10 11 5 14 1
0 2 10 11 5 15 1
0 2 21 11 5 16 1
0 2 21 11 5 17 1
0 5 3 11 1 4 1
0 5 3 11 1 4 2
0 5 15 11 1 5 1
0 5 15 11 1 6 1
0 5 15 11 1 7 1
0 5 15 11 1 8 1
0 10 0 11 3 4 1
0 6 2 11 3 4 2
0 6 22 11 3 5 1
0 6 10 11 3 6 1
0 6 10 11 3 7 1
0 3 4 11 4 4 1
0 3 4 11 4 4 2
0 3 3 11 4 5 1
0 3 4 11 4 5 2
0 2 26 11 4 6 1
0 2 25 11 4 7 1
0 3 15 11 6 4 1
0 3 15 11 6 5 1
0 3 15 11 6 6 1
0 3 15 11 6 7 1
0 3 26 11 6 8 1
0 4 3 11 7 4 1
0 4 3 11 7 4 2
0 4 25 11 7 5 1
0 4 12 11 7 6 1
0 4 12 11 7 7 1
0 4 12 11 7 8 1
0 6 3 11 8 4 1
0 1 4 11 8 4 2
0 1 3 11 8 5 1
0 1 4 11 8 5 2
0 1 3 11 8 6 1
0 1 3 11 8 6 2
0 1 2 11 8 7 1
0 1 3 11 8 7 2
0 1 26 11 8 8 1
0 1 4 11 10 4 1
0 1 4 11 10 4 2
0 1 4 11 10 5 1
0 1 4 11 10 5 2
0 1 3 11 10 6 1
0 1 3 11 10 6 2
0 1 3 11 10 7 1
0 1 3 11 10 7 2
0 1 3 11 10 8 1
0 1 3 11 10 8 2
0 1 4 11 11 4 1
0 1 4 11 11 4 2
0 1 3 11 11 5 1
0 1 4 11 11 5 2
0 1 3 11 11 6 1
0 1 4 11 11 6 2
0 1 3 11 11 7 1
0 1 3 11 11 7 2
0 1 2 11 11 8 1
0 1 2 11 11 8 2
0 4 23 11 12 4 1
0 4 22 11 12 5 1
0 4 10 11 12 6 1
0 4 10 11 12 7 1
0 3 4 11 13 4 1
0 3 4 11 13 4 2
0 3 4 11 13 5 1
0 3 4 11 13 5 2
0 3 3 11 13 6 1
0 3 4 11 13 6 2
0 3 3 11 13 7 1
0 3 4 11 13 7 2
0 3 4 11 15 4 1
0 3 4 11 15 4 2
0 3 4 11 15 5 1
0 3 4 11 15 5 2
0 3 4 11 15 6 1
0 3 4 11 15 6 2
0 8 2 11 15 7 1
0 8 3 11 15 7 2
0 8 0 11 15 8 1
0 8 2 11 15 8 2
0 2 4 12 0 10 1
0 2 4 12 0 10 2
0 2 4 12 0 11 1
0 2 4 12 0 11 2
0 2 3 12 0 12 1
0 2 3 12 0 12 2
0 2 26 12 0 13 1
0 2 26 12 0 14 1
0 2 26 12 0 15 1
0 2 23 12 0 16 1
0 2 21 12 0 17 1
0 2 0 12 1 10 1
0 2 1 12 1 10 2
0 2 22 12 1 11 1
0 2 10 12 1 12 1
0 2 10 12 1 13 1
0 2 21 12 1 14 1
0 2 21 12 1 15 1
0 2 21 12 1 16 1
0 2 21 12 1 17 1
0 6 3 12 2 10 1
0 6 3 12 2 10 2
0 6 14 12 2 11 1
0 6 25 12 2 12 1
0 6 25 12 2 13 1
0 6 24 12 2 14 1
0 6 24 12 2 15 1
0 6 24 12 2 16 1
0 6 22 12 2 17 1
0 2 3 12 3 10 1
0 2 4 12 3 10 2
0 2 23 12 3 11 1
0 2 23 12 3 12 1
0 2 23 12 3 13 1
0 2 11 12 3 14 1
0 2 10 12 3 15 1
0 2 10 12 3 16 1
0 2 21 12 3 17 1
0 11 3 12 4 10 1
0 11 3 12 4 10 2
0 11 31 12 4 11 1
0 11 31 12 4 12 1
0 11 14 12 4 13 1
0 11 14 12 4 14 1
0 11 14 12 4 15 1
0 11 25 12 4 16 1
0 11 25 12 4 17 1
0 11 30 12 5 10 1
0 11 29 12 5 11 1
0 11 13 12 5 12 1
0 11 13 12 5 13 1
0 11 24 12 5 14 1
0 11 23 12 5 15 1
0 11 23 12 5 16 1
0 11 22 12 5 17 1
0 2 8 12 11 10 1
0 2 4 12 11 10 2
0 2 3 12 11 11 1
0 2 4 12 11 11 2
0 2 22 12 11 12 1
0 2 22 12 11 13 1
0 2 22 12 11 14 1
0 2 10 12 11 15 1
0 2 21 12 11 16 1
0 2 21 12 11 17 1
0 2 24 12 12 10 1
0 2 12 12 12 11 1
0 2 23 12 12 12 1
0 2 23 12 12 13 1
0 2 11 12 12 14 1
0 2 22 12 12 15 1
0 2 10 12 12 16 1
0 2 21 12 12 17 1
0 6 2 12 13 10 1
0 6 3 12 13 10 2
0 6 0 12 13 11 1
0 6 3 12 13 11 2
0 6 25 12 13 12 1
0 6 24 12 13 13 1
0 6 22 12 13 14 1
0 6 22 12 13 15 1
0 6 22 12 13 16 1
0 6 21 12 13 17 1
0 2 8 12 14 10 1
0 2 4 12 14 10 2
0 2 0 12 14 11 1
0 2 3 12 14 11 2
0 2 23 12 14 12 1
0 2 23 12 14 13 1
0 2 22 12 14 14 1
0 2 22 12 14 15 1
0 2 10 12 14 16 1
0 2 21 12 14 17 1
0 2 2 12 15 10 1
0 2 3 12 15 10 2
0 2 25 12 15 11 1
0 2 25 12 15 12 1
0 2 25 12 15 13 1
0 2 13 12 15 14 1
0 2 24 12 15 15 1
0 2 12 12 15 16 1
0 2 21 12 15 17 1
0 2 3 12 16 10 1
0 2 4 12 16 10 2
0 2 7 12 16 11 1
0 2 4 12 16 11 2
0 2 7 12 16 12 1
0 2 3 12 16 12 2
0 2 0 12 16 13 1
0 2 3 12 16 13 2
0 2 21 12 16 14 1
0 2 21 12 16 15 1
0 2 21 12 16 16 1
0 2 21 12 16 17 1
0 7 3 12 1 1 1
0 7 4 12 1 1 2
0 7 3 12 1 2 1
0 7 3 12 1 2 2
0 7 14 12 1 3 1
0 7 14 12 1 4 1
0 7 14 12 1 5 1
0 7 14 12 1 6 1
0 7 13 12 1 7 1
0 7 22 12 1 8 1
0 11 2 12 2 0 1
0 11 3 12 2 0 2
0 11 15 12 2 1 1
0 11 14 12 2 2 1
0 11 14 12 2 3 1
0 11 14 12 2 4 1
0 11 14 12 2 5 1
0 11 25 12 2 6 1
0 11 13 12 2 7 1
0 11 11 12 2 8 1
0 3 3 12 3 0 1
0 3 4 12 3 0 2
0 3 3 12 3 1 1
0 3 4 12 3 1 2
0 3 3 12 3 2 1
0 3 4 12 3 2 2
0 3 3 12 3 3 1
0 3 3 12 3 3 2
0 3 3 12 3 4 1
0 3 3 12 3 4 2
0 3 24 12 3 5 1
0 3 24 12 3 6 1
0 3 23 12 3 7 1
0 7 3 12 4 0 1
0 7 4 12 4 0 2
0 7 0 12 4 1 1
0 7 3 12 4 1 2
0 7 13 12 4 2 1
0 7 24 12 4 3 1
0 7 24 12 4 4 1
0 7 24 12 4 5 1
0 7 22 12 4 6 1
0 7 21 12 4 7 1
0 9 25 12 5 0 1
0 9 25 12 5 1 1
0 9 25 12 5 2 1
0 9 25 12 5 3 1
0 9 25 12 5 4 1
0 9 25 12 5 5 1
0 9 22 12 5 6 1
0 9 22 12 5 7 1
0 11 3 12 6 0 1
0 11 3 12 6 0 2
0 11 14 12 6 1 1
0 11 14 12 6 2 1
0 11 14 12 6 3 1
0 11 13 12 6 4 1
0 11 12 12 6 5 1
0 11 11 12 6 6 1
0 11 10 12 6 7 1
0 11 21 12 6 8 1
0 6 3 12 8 0 1
0 6 4 12 8 0 2
0 6 3 12 8 1 1
0 6 3 12 8 1 2
0 6 3 12 8 2 1
0 6 3 12 8 2 2
0 6 15 12 8 3 1
0 6 26 12 8 4 1
0 6 26 12 8 5 1
0 6 25 12 8 6 1
0 6 22 12 8 7 1
0 1 3 12 9 0 1
0 1 4 12 9 0 2
0 1 3 12 9 1 1
0 1 4 12 9 1 2
0 1 14 12 9 2 1
0 1 13 12 9 3 1
0 1 13 12 9 4 1
0 1 13 12 9 5 1
0 1 12 12 9 6 1
0 1 22 12 9 7 1
0 1 10 12 9 8 1
0 2 3 12 10 0 1
0 2 4 12 10 0 2
0 2 3 12 10 1 1
0 2 4 12 10 1 2
0 2 3 12 10 2 1
0 2 3 12 10 2 2
0 2 14 12 10 3 1
0 2 13 12 10 4 1
0 2 12 12 10 5 1
0 2 12 12 10 6 1
0 2 10 12 10 7 1
0 2 21 12 10 8 1
0 3 3 12 11 0 1
0 3 3 12 11 0 2
0 3 26 12 11 1 1
0 3 26 12 11 2 1
0 3 24 12 11 3 1
0 3 23 12 11 4 1
0 3 21 12 11 5 1
0 2 21 12 11 6 1
0 2 21 12 11 7 1
0 4 3 12 12 0 1
0 4 3 12 12 0 2
0 4 3 12 12 1 1
0 4 3 12 12 1 2
0 4 3 12 12 2 1
0 4 3 12 12 2 2
0 4 3 12 12 3 1
0 4 3 12 12 3 2
0 4 3 12 12 4 1
0 4 3 12 12 4 2
0 4 3 12 12 5 1
0 4 3 12 12 5 2
0 4 2 12 12 6 1
0 4 3 12 12 6 2
0 4 2 12 12 7 1
0 4 3 12 12 7 2
0 4 1 12 12 8 1
0 4 3 12 12 8 2
0 2 3 12 13 0 1
0 2 4 12 13 0 2
0 2 3 12 13 1 1
0 2 4 12 13 1 2
0 2 22 12 13 2 1
0 2 22 12 13 3 1
0 2 10 12 13 4 1
0 2 21 12 13 5 1
0 2 21 12 13 6 1
0 2 21 12 13 7 1
0 4 3 12 14 0 1
0 4 4 12 14 0 2
0 4 3 12 14 1 1
0 4 4 12 14 1 2
0 4 3 12 14 2 1
0 4 3 12 14 2 2
0 4 3 12 14 3 1
0 4 3 12 14 3 2
0 4 2 12 14 4 1
0 4 3 12 14 4 2
0 4 0 12 14 5 1
0 4 3 12 14 5 2
0 4 13 12 14 6 1
0 4 11 12 14 7 1
0 4 22 12 14 8 1
0 2 3 12 15 1 1
0 2 3 12 15 1 2
0 2 25 12 15 2 1
0 2 25 12 15 3 1
0 2 25 12 15 4 1
0 2 25 12 15 5 1
0 2 25 12 15 6 1
0 2 25 12 15 7 1
0 11 3 13 0 10 1
0 11 3 13 0 10 2
0 11 26 13 0 11 1
0 11 26 13 0 12 1
0 11 25 13 0 13 1
0 11 25 13 0 14 1
0 11 25 13 0 15 1
0 11 25 13 0 16 1
0 11 25 13 0 17 1
0 7 0 13 1 10 1
0 7 4 13 1 10 2
0 7 25 13 1 11 1
0 7 25 13 1 12 1
0 7 25 13 1 13 1
0 7 13 13 1 14 1
0 7 24 13 1 15 1
0 7 24 13 1 16 1
0 7 24 13 1 17 1
0 10 1 13 2 10 1
0 10 4 13 2 10 2
0 10 25 13 2 11 1
0 10 25 13 2 12 1
0 10 25 13 2 13 1
0 10 24 13 2 14 1
0 10 12 13 2 15 1
0 10 11 13 2 16 1
0 10 11 13 2 17 1
0 8 2 13 4 10 1
0 8 3 13 4 10 2
0 8 2 13 4 11 1
0 8 2 13 4 11 2
0 8 25 13 4 12 1
0 8 25 13 4 13 1
0 8 25 13 4 14 1
0 8 24 13 4 15 1
0 8 24 13 4 16 1
0 8 11 13 4 17 1
0 10 0 13 5 10 1
0 10 4 13 5 10 2
0 10 26 13 5 11 1
0 10 26 13 5 12 1
0 10 26 13 5 13 1
0 10 25 13 5 14 1
0 10 24 13 5 15 1
0 10 23 13 5 16 1
0 10 11 13 5 17 1
0 11 3 13 6 10 1
0 11 4 13 6 10 2
0 11 26 13 6 11 1
0 11 26 13 6 12 1
0 11 26 13 6 13 1
0 11 25 13 6 14 1
0 11 25 13 6 15 1
0 11 22 13 6 16 1
0 11 21 13 6 17 1
0 11 3 13 7 10 1
0 11 4 13 7 10 2
0 11 26 13 7 11 1
0 11 26 13 7 12 1
0 11 14 13 7 13 1
0 11 25 13 7 14 1
0 11 25 13 7 15 1
0 11 25 13 7 16 1
0 11 24 13 7 17 1
0 6 3 13 8 10 1
0 6 3 13 8 10 2
0 6 3 13 8 11 1
0 6 3 13 8 11 2
0 6 25 13 8 12 1
0 6 13 13 8 13 1
0 6 22 13 8 14 1
0 6 22 13 8 15 1
0 6 22 13 8 16 1
0 6 21 13 8 17 1
0 2 3 13 9 10 1
0 2 4 13 9 10 2
0 2 25 13 9 11 1
0 2 25 13 9 12 1
0 2 24 13 9 13 1
0 2 24 13 9 14 1
0 2 23 13 9 15 1
0 2 11 13 9 16 1
0 2 21 13 9 17 1
0 11 26 13 10 10 1
0 11 26 13 10 11 1
0 11 25 13 10 12 1
0 11 25 13 10 13 1
0 11 25 13 10 14 1
0 11 25 13 10 15 1
0 11 13 13 10 16 1
0 11 11 13 10 17 1
0 1 4 13 1 1 1
0 1 4 13 1 1 2
0 1 3 13 1 2 1
0 1 4 13 1 2 2
0 1 15 13 1 3 1
0 1 15 13 1 4 1
0 1 15 13 1 5 1
0 1 15 13 1 6 1
0 1 25 13 1 7 1
0 1 10 13 1 8 1
0 7 4 13 2 0 1
0 7 4 13 2 0 2
0 7 3 13 2 1 1
0 7 4 13 2 1 2
0 7 25 13 2 2 1
0 7 25 13 2 3 1
0 7 24 13 2 4 1
0 7 24 13 2 5 1
0 7 24 13 2 6 1
0 7 23 13 2 7 1
0 8 0 13 3 0 1
0 8 2 13 3 0 2
0 8 0 13 3 1 1
0 8 2 13 3 1 2
0 8 12 13 3 2 1
0 8 23 13 3 3 1
0 8 22 13 3 4 1
0 8 10 13 3 5 1
0 8 21 13 3 6 1
0 8 21 13 3 7 1
0 1 2 13 4 0 1
0 1 3 13 4 0 2
0 1 0 13 4 1 1
0 1 3 13 4 1 2
0 1 14 13 4 2 1
0 1 13 13 4 3 1
0 1 12 13 4 4 1
0 1 10 13 4 5 1
0 1 10 13 4 6 1
0 1 10 13 4 7 1
0 1 21 13 4 8 1
0 7 0 13 5 0 1
0 7 3 13 5 0 2
0 7 0 13 5 1 1
0 7 3 13 5 1 2
0 7 24 13 5 2 1
0 7 23 13 5 3 1
0 7 23 13 5 4 1
0 7 23 13 5 5 1
0 7 11 13 5 6 1
0 7 22 13 5 7 1
0 10 3 13 6 0 1
0 10 4 13 6 0 2
0 10 2 13 6 1 1
0 10 4 13 6 1 2
0 10 15 13 6 2 1
0 10 14 13 6 3 1
0 10 14 13 6 4 1
0 10 13 13 6 5 1
0 10 12 13 6 6 1
0 10 11 13 6 7 1
0 10 21 13 6 8 1
0 9 2 13 7 0 1
0 9 3 13 7 0 2
0 9 25 13 7 1 1
0 9 25 13 7 2 1
0 9 25 13 7 3 1
0 9 25 13 7 4 1
0 9 25 13 7 5 1
0 9 25 13 7 6 1
0 9 25 13 7 7 1
0 2 4 13 8 0 1
0 2 4 13 8 0 2
0 2 4 13 8 1 1
0 2 4 13 8 1 2
0 2 3 13 8 2 1
0 2 4 13 8 2 2
0 2 3 13 8 3 1
0 2 4 13 8 3 2
0 2 0 13 8 4 1
0 2 4 13 8 4 2
0 2 26 13 8 5 1
0 2 25 13 8 6 1
0 2 24 13 8 7 1
0 11 4 13 9 0 1
0 11 4 13 9 0 2
0 11 15 13 9 1 1
0 11 15 13 9 2 1
0 11 14 13 9 3 1
0 11 14 13 9 4 1
0 11 14 13 9 5 1
0 11 11 13 9 6 1
0 11 11 13 9 7 1
0 11 21 13 9 8 1
0 2 3 13 10 0 1
0 2 4 13 10 0 2
0 2 3 13 10 1 1
0 2 4 13 10 1 2
0 2 15 13 10 2 1
0 2 14 13 10 3 1
0 2 13 13 10 4 1
0 2 11 13 10 5 1
0 2 10 13 10 6 1
0 2 10 13 10 7 1
0 2 21 13 10 8 1
0 11 3 13 11 0 1
0 11 3 13 11 0 2
0 11 15 13 11 1 1
0 11 15 13 11 2 1
0 11 15 13 11 3 1
0 11 15 13 11 4 1
0 11 15 13 11 5 1
0 11 13 13 11 6 1
0 11 10 13 11 7 1
0 11 21 13 11 8 1
0 5 3 13 12 0 1
0 5 3 13 12 0 2
0 5 2 13 12 1 1
0 5 3 13 12 1 2
0 5 1 13 12 2 1
0 5 3 13 12 2 2
0 5 23 13 12 3 1
0 5 22 13 12 4 1
0 5 10 13 12 5 1
0 5 10 13 12 6 1
0 5 21 13 12 7 1
0 11 3 13 14 0 1
0 11 3 13 14 0 2
0 11 14 13 14 1 1
0 11 14 13 14 2 1
0 11 25 13 14 3 1
0 11 25 13 14 4 1
0 11 25 13 14 5 1
0 11 22 13 14 6 1
0 11 22 13 14 7 1
0 1 3 13 15 1 1
0 1 4 13 15 1 2
0 1 3 13 15 2 1
0 1 4 13 15 2 2
0 1 15 13 15 3 1
0 1 15 13 15 4 1
0 1 14 13 15 5 1
0 1 14 13 15 6 1
0 1 23 13 15 7 1
0 1 11 13 15 8 1
0 6 14 14 0 10 1
0 6 14 14 0 11 1
0 6 14 14 0 12 1
0 6 25 14 0 13 1
0 6 25 14 0 14 1
0 6 25 14 0 15 1
0 6 12 14 0 16 1
0 6 22 14 0 17 1
0 6 0 14 1 10 1
0 6 3 14 1 10 2
0 6 25 14 1 11 1
0 6 12 14 1 12 1
0 6 23 14 1 13 1
0 6 22 14 1 14 1
0 6 22 14 1 15 1
0 6 22 14 1 16 1
0 6 10 14 1 17 1
0 2 8 14 2 10 1
0 2 4 14 2 10 2
0 2 2 14 2 11 1
0 2 3 14 2 11 2
0 2 25 14 2 12 1
0 2 13 14 2 13 1
0 2 24 14 2 14 1
0 2 23 14 2 15 1
0 2 11 14 2 16 1
0 2 21 14 2 17 1
0 3 3 14 3 10 1
0 3 4 14 3 10 2
0 3 30 14 3 11 1
0 3 25 14 3 12 1
0 3 25 14 3 13 1
0 3 25 14 3 14 1
0 3 25 14 3 15 1
0 3 25 14 3 16 1
0 3 24 14 3 17 1
0 1 25 14 4 10 1
0 1 25 14 4 11 1
0 1 25 14 4 12 1
0 1 25 14 4 13 1
0 1 23 14 4 14 1
0 1 23 14 4 15 1
0 1 22 14 4 16 1
0 1 22 14 4 17 1
0 1 25 14 5 10 1
0 1 25 14 5 11 1
0 1 25 14 5 12 1
0 1 25 14 5 13 1
0 1 25 14 5 14 1
0 1 23 14 5 15 1
0 1 23 14 5 16 1
0 1 23 14 5 17 1
0 1 3 14 11 10 1
0 1 3 14 11 10 2
0 1 25 14 11 11 1
0 1 25 14 11 12 1
0 1 25 14 11 13 1
0 1 25 14 11 14 1
0 1 25 14 11 15 1
0 1 24 14 11 16 1
0 1 10 14 11 17 1
0 6 2 14 12 10 1
0 6 3 14 12 10 2
0 6 31 14 12 11 1
0 6 31 14 12 12 1
0 6 26 14 12 13 1
0 6 26 14 12 14 1
0 6 26 14 12 15 1
0 6 25 14 12 16 1
0 6 22 14 12 17 1
0 6 8 14 13 10 1
0 6 4 14 13 10 2
0 6 1 14 13 11 1
0 6 3 14 13 11 2
0 6 30 14 13 12 1
0 6 14 14 13 13 1
0 6 25 14 13 14 1
0 6 24 14 13 15 1
0 6 22 14 13 16 1
0 6 22 14 13 17 1
0 5 3 14 14 10 1
0 5 4 14 14 10 2
0 5 3 14 14 11 1
0 5 3 14 14 11 2
0 5 23 14 14 12 1
0 5 23 14 14 13 1
0 5 23 14 14 14 1
0 5 22 14 14 15 1
0 5 22 14 14 16 1
0 5 22 14 14 17 1
0 5 3 14 15 10 1
0 5 3 14 15 10 2
0 5 0 14 15 11 1
0 5 3 14 15 11 2
0 5 24 14 15 12 1
0 5 24 14 15 13 1
0 5 24 14 15 14 1
0 5 24 14 15 15 1
0 5 23 14 15 16 1
0 5 22 14 15 17 1
0 3 3 14 16 10 1
0 3 4 14 16 10 2
0 3 2 14 16 11 1
0 3 3 14 16 11 2
0 3 31 14 16 12 1
0 3 14 14 16 13 1
0 3 25 14 16 14 1
0 3 25 14 16 15 1
0 3 25 14 16 16 1
0 3 11 14 16 17 1
0 8 26 14 1 1 1
0 8 26 14 1 2 1
0 5 31 14 1 3 1
0 2 15 14 1 4 1
0 5 30 14 1 5 1
0 5 30 14 1 6 1
0 2 14 14 1 7 1
0 6 2 14 2 0 1
0 6 3 14 2 0 2
0 6 2 14 2 1 1
0 6 3 14 2 1 2
0 6 31 14 2 2 1
0 6 31 14 2 3 1
0 6 31 14 2 4 1
0 6 31 14 2 5 1
0 6 31 14 2 6 1
0 6 14 14 2 7 1
0 10 0 14 3 0 1
0 10 3 14 3 0 2
0 10 28 14 3 1 1
0 10 12 14 3 2 1
0 10 23 14 3 3 1
0 10 23 14 3 4 1
0 10 11 14 3 5 1
0 10 10 14 3 6 1
0 10 21 14 3 7 1
0 10 15 14 4 0 1
0 10 15 14 4 1 1
0 10 15 14 4 2 1
0 10 15 14 4 3 1
0 10 15 14 4 4 1
0 10 14 14 4 5 1
0 10 14 14 4 6 1
0 10 11 14 4 7 1
0 10 22 14 4 8 1
0 6 25 14 5 0 1
0 6 25 14 5 1 1
0 6 13 14 5 2 1
0 6 28 14 5 3 1
0 6 22 14 5 4 1
0 6 22 14 5 5 1
0 6 22 14 5 6 1
0 6 22 14 5 7 1
0 4 3 14 6 0 1
0 4 4 14 6 0 2
0 4 3 14 6 1 1
0 4 3 14 6 1 2
0 4 3 14 6 2 1
0 4 3 14 6 2 2
0 4 3 14 6 3 1
0 4 3 14 6 3 2
0 4 3 14 6 4 1
0 4 3 14 6 4 2
0 4 3 14 6 5 1
0 4 3 14 6 5 2
0 4 3 14 6 6 1
0 4 3 14 6 6 2
0 4 11 14 6 7 1
0 4 21 14 6 8 1
0 1 15 14 7 0 1
0 1 15 14 7 1 1
0 1 15 14 7 2 1
0 1 14 14 7 3 1
0 1 14 14 7 4 1
0 1 14 14 7 5 1
0 1 14 14 7 6 1
0 1 23 14 7 7 1
0 1 10 14 7 8 1
0 5 8 14 8 0 1
0 5 4 14 8 0 2
0 5 3 14 8 1 1
0 5 4 14 8 1 2
0 5 3 14 8 2 1
0 5 4 14 8 2 2
0 5 3 14 8 3 1
0 5 4 14 8 3 2
0 5 3 14 8 4 1
0 5 4 14 8 4 2
0 5 3 14 8 5 1
0 5 4 14 8 5 2
0 5 3 14 8 6 1
0 5 3 14 8 6 2
0 5 3 14 8 7 1
0 5 2 14 8 7 2
0 5 26 14 8 8 1
0 3 30 14 10 0 1
0 3 30 14 10 1 1
0 3 30 14 10 2 1
0 3 30 14 10 3 1
0 3 30 14 10 4 1
0 3 30 14 10 5 1
0 3 30 14 10 6 1
0 3 24 14 10 7 1
0 11 2 14 11 0 1
0 11 3 14 11 0 2
0 11 31 14 11 1 1
0 11 25 14 11 2 1
0 11 25 14 11 3 1
0 11 25 14 11 4 1
0 11 24 14 11 5 1
0 11 10 14 11 6 1
0 11 21 14 11 7 1
0 5 4 14 12 0 1
0 5 0 14 12 0 2
0 5 6 14 12 1 1
0 5 0 14 12 1 2
0 5 12 14 12 2 1
0 5 12 14 12 3 1
0 5 12 14 12 4 1
0 5 12 14 12 5 1
0 5 11 14 12 6 1
0 5 22 14 12 7 1
0 5 10 14 12 8 1
0 11 3 14 13 0 1
0 11 4 14 13 0 2
0 11 23 14 13 1 1
0 11 22 14 13 2 1
0 11 22 14 13 3 1
0 11 22 14 13 4 1
0 11 27 14 13 5 1
0 11 27 14 13 6 1
0 11 21 14 13 7 1
0 11 14 14 14 0 1
0 11 25 14 14 1 1
0 11 25 14 14 2 1
0 11 25 14 14 3 1
0 11 29 14 14 4 1
0 11 13 14 14 5 1
0 11 11 14 14 6 1
0 11 22 14 14 7 1
0 7 3 14 15 1 1
0 7 4 14 15 1 2
0 7 31 14 15 2 1
0 7 31 14 15 3 1
0 7 31 14 15 4 1
0 7 31 14 15 5 1
0 7 14 14 15 6 1
0 7 25 14 15 7 1
0 3 3 15 1 10 1
0 3 3 15 1 10 2
0 3 31 15 1 11 1
0 3 31 15 1 12 1
0 3 26 15 1 13 1
0 3 26 15 1 14 1
0 3 14 15 1 15 1
0 3 25 15 1 16 1
0 3 12 15 1 17 1
0 2 1 15 2 10 1
0 2 3 15 2 10 2
0 2 25 15 2 11 1
0 2 25 15 2 12 1
0 2 25 15 2 13 1
0 2 25 15 2 14 1
0 2 24 15 2 15 1
0 2 10 15 2 16 1
0 2 10 15 2 17 1
0 1 4 15 3 10 1
0 1 4 15 3 10 2
0 1 3 15 3 11 1
0 1 3 15 3 11 2
0 1 3 15 3 12 1
0 1 3 15 3 12 2
0 1 25 15 3 13 1
0 1 25 15 3 14 1
0 1 25 15 3 15 1
0 1 25 15 3 16 1
0 1 25 15 3 17 1
0 1 3 15 4 10 1
0 1 4 15 4 10 2
0 1 25 15 4 11 1
0 1 25 15 4 12 1
0 1 25 15 4 13 1
0 1 24 15 4 14 1
0 1 24 15 4 15 1
0 1 24 15 4 16 1
0 1 10 15 4 17 1
0 11 31 15 5 10 1
0 11 31 15 5 11 1
0 11 31 15 5 12 1
0 11 26 15 5 13 1
0 11 14 15 5 14 1
0 11 25 15 5 15 1
0 11 25 15 5 16 1
0 11 21 15 5 17 1
0 10 25 15 6 10 1
0 10 25 15 6 11 1
0 10 25 15 6 12 1
0 10 13 15 6 13 1
0 10 12 15 6 14 1
0 10 12 15 6 15 1
0 10 23 15 6 16 1
0 10 21 15 6 17 1
0 7 4 15 7 10 1
0 7 4 15 7 10 2
0 7 31 15 7 11 1
0 7 31 15 7 12 1
0 7 14 15 7 13 1
0 7 14 15 7 14 1
0 7 25 15 7 15 1
0 7 25 15 7 16 1
0 7 11 15 7 17 1
0 8 3 15 8 10 1
0 8 4 15 8 10 2
0 8 2 15 8 11 1
0 8 4 15 8 11 2
0 8 0 15 8 12 1
0 8 3 15 8 12 2
0 8 25 15 8 13 1
0 8 25 15 8 14 1
0 8 25 15 8 15 1
0 8 23 15 8 16 1
0 8 21 15 8 17 1
0 10 0 15 9 10 1
0 10 4 15 9 10 2
0 10 30 15 9 11 1
0 10 14 15 9 12 1
0 10 14 15 9 13 1
0 10 25 15 9 14 1
0 10 25 15 9 15 1
0 10 21 15 9 16 1
0 10 21 15 9 17 1
0 10 2 15 10 10 1
0 10 3 15 10 10 2
0 10 31 15 10 11 1
0 10 31 15 10 12 1
0 10 26 15 10 13 1
0 10 25 15 10 14 1
0 10 25 15 10 15 1
0 10 25 15 10 16 1
0 10 11 15 10 17 1
0 1 3 15 1 1 1
0 1 4 15 1 1 2
0 1 3 15 1 2 1
0 1 3 15 1 2 2
0 1 14 15 1 3 1
0 1 14 15 1 4 1
0 1 14 15 1 5 1
0 1 14 15 1 6 1
0 1 14 15 1 7 1
0 1 25 15 1 8 1
0 10 8 15 2 0 1
0 10 3 15 2 0 2
0 10 14 15 2 1 1
0 10 13 15 2 2 1
0 10 12 15 2 3 1
0 10 11 15 2 4 1
0 10 11 15 2 5 1
0 10 10 15 2 6 1
0 10 10 15 2 7 1
0 10 21 15 2 8 1
0 7 3 15 3 0 1
0 7 4 15 3 0 2
0 7 3 15 3 1 1
0 7 4 15 3 1 2
0 7 14 15 3 2 1
0 7 14 15 3 3 1
0 7 25 15 3 4 1
0 7 25 15 3 5 1
0 7 25 15 3 6 1
0 7 24 15 3 7 1
0 6 3 15 4 0 1
0 6 4 15 4 0 2
0 6 2 15 4 1 1
0 6 4 15 4 1 2
0 6 31 15 4 2 1
0 6 31 15 4 3 1
0 6 26 15 4 4 1
0 6 26 15 4 5 1
0 6 26 15 4 6 1
0 6 25 15 4 7 1
0 3 8 15 5 0 1
0 3 3 15 5 0 2
0 3 8 15 5 1 1
0 3 3 15 5 1 2
0 3 24 15 5 2 1
0 3 24 15 5 3 1
0 3 12 15 5 4 1
0 3 23 15 5 5 1
0 3 11 15 5 6 1
0 3 22 15 5 7 1
0 2 3 15 6 0 1
0 2 3 15 6 0 2
0 2 3 15 6 1 1
0 2 3 15 6 1 2
0 2 3 15 6 2 1
0 2 3 15 6 2 2
0 2 15 15 6 3 1
0 2 15 15 6 4 1
0 2 14 15 6 5 1
0 2 14 15 6 6 1
0 2 14 15 6 7 1
0 2 22 15 6 8 1
0 8 3 15 7 0 1
0 8 3 15 7 0 2
0 8 3 15 7 1 1
0 8 3 15 7 1 2
0 8 7 15 7 2 1
0 8 3 15 7 2 2
0 8 14 15 7 3 1
0 8 14 15 7 4 1
0 8 14 15 7 5 1
0 8 14 15 7 6 1
0 8 14 15 7 7 1
0 8 24 15 7 8 1
0 1 2 15 8 0 1
0 1 2 15 8 0 2
0 1 15 15 8 1 1
0 1 14 15 8 2 1
0 1 14 15 8 3 1
0 1 14 15 8 4 1
0 1 22 15 8 5 1
0 1 10 15 8 6 1
0 1 10 15 8 7 1
0 1 10 15 8 8 1
0 1 3 15 9 0 1
0 1 4 15 9 0 2
0 1 1 15 9 1 1
0 1 4 15 9 1 2
0 1 0 15 9 2 1
0 1 3 15 9 2 2
0 1 25 15 9 3 1
0 1 25 15 9 4 1
0 1 24 15 9 5 1
0 1 24 15 9 6 1
0 1 21 15 9 7 1
0 11 31 15 10 0 1
0 11 31 15 10 1 1
0 11 31 15 10 2 1
0 11 31 15 10 3 1
0 11 31 15 10 4 1
0 11 31 15 10 5 1
0 2 31 15 10 6 1
0 2 26 15 10 7 1
0 1 3 15 12 0 1
0 1 4 15 12 0 2
0 1 3 15 12 1 1
0 1 4 15 12 1 2
0 1 3 15 12 2 1
0 1 4 15 12 2 2
0 1 3 15 12 3 1
0 1 4 15 12 3 2
0 1 3 15 12 4 1
0 1 3 15 12 4 2
0 1 26 15 12 5 1
0 1 25 15 12 6 1
0 1 25 15 12 7 1
0 1 3 15 13 0 1
0 1 4 15 13 0 2
0 1 3 15 13 1 1
0 1 4 15 13 1 2
0 1 3 15 13 2 1
0 1 4 15 13 2 2
0 1 3 15 13 3 1
0 1 4 15 13 3 2
0 1 3 15 13 4 1
0 1 4 15 13 4 2
0 1 14 15 13 5 1
0 1 14 15 13 6 1
0 1 12 15 13 7 1
0 1 23 15 13 8 1
0 2 8 15 14 0 1
0 2 4 15 14 0 2
0 2 3 15 14 1 1
0 2 4 15 14 1 2
0 2 31 15 14 2 1
0 2 31 15 14 3 1
0 2 31 15 14 4 1
0 2 31 15 14 5 1
0 2 26 15 14 6 1
0 2 26 15 14 7 1
0 2 7 15 15 1 1
0 2 1 15 15 1 2
0 2 7 15 15 2 1
0 2 1 15 15 2 2
0 2 30 15 15 3 1
0 2 30 15 15 4 1
0 2 30 15 15 5 1
0 2 21 15 15 6 1
0 2 21 15 15 7 1
0 2 15 16 0 10 1
0 2 15 16 0 11 1
0 2 15 16 0 12 1
0 2 15 16 0 13 1
0 2 25 16 0 14 1
0 2 24 16 0 15 1
0 2 22 16 0 16 1
0 2 22 16 0 17 1
0 2 3 16 1 10 1
0 2 4 16 1 10 2
0 2 3 16 1 11 1
0 2 3 16 1 11 2
0 7 26 16 1 12 1
0 7 26 16 1 13 1
0 2 14 16 1 14 1
0 2 25 16 1 15 1
0 2 24 16 1 16 1
0 2 23 16 1 17 1
0 5 3 16 2 10 1
0 5 3 16 2 10 2
0 5 2 16 2 11 1
0 5 3 16 2 11 2
0 5 1 16 2 12 1
0 5 3 16 2 12 2
0 5 25 16 2 13 1
0 5 24 16 2 14 1
0 5 24 16 2 15 1
0 5 24 16 2 16 1
0 5 23 16 2 17 1
0 7 3 16 3 10 1
0 7 4 16 3 10 2
0 7 3 16 3 11 1
0 7 3 16 3 11 2
0 7 26 16 3 12 1
0 7 14 16 3 13 1
0 7 25 16 3 14 1
0 7 13 16 3 15 1
0 7 24 16 3 16 1
0 7 24 16 3 17 1
0 11 26 16 4 10 1
0 11 26 16 4 11 1
0 11 14 16 4 12 1
0 11 14 16 4 13 1
0 11 25 16 4 14 1
0 11 25 16 4 15 1
0 11 22 16 4 16 1
0 11 21 16 4 17 1
0 4 0 16 7 10 1
0 4 3 16 7 10 2
0 4 23 16 7 11 1
0 4 23 16 7 12 1
0 4 11 16 7 13 1
0 4 22 16 7 14 1
0 4 22 16 7 15 1
0 4 10 16 7 16 1
0 4 21 16 7 17 1
0 2 2 16 8 10 1
0 2 3 16 8 10 2
0 2 26 16 8 11 1
0 2 26 16 8 12 1
0 2 26 16 8 13 1
0 2 26 16 8 14 1
0 2 24 16 8 15 1
0 2 12 16 8 16 1
0 2 23 16 8 17 1
0 2 3 16 9 10 1
0 2 4 16 9 10 2
0 2 3 16 9 11 1
0 2 4 16 9 11 2
0 2 26 16 9 12 1
0 2 26 16 9 13 1
0 2 25 16 9 14 1
0 2 25 16 9 15 1
0 2 23 16 9 16 1
0 2 10 16 9 17 1
0 5 3 16 10 10 1
0 5 4 16 10 10 2
0 5 3 16 10 11 1
0 5 4 16 10 11 2
0 5 3 16 10 12 1
0 5 3 16 10 12 2
0 5 25 16 10 13 1
0 5 25 16 10 14 1
0 5 24 16 10 15 1
0 5 24 16 10 16 1
0 5 22 16 10 17 1
0 1 3 16 11 10 1
0 1 4 16 11 10 2
0 1 2 16 11 11 1
0 1 4 16 11 11 2
0 1 26 16 11 12 1
0 1 26 16 11 13 1
0 1 26 16 11 14 1
0 1 26 16 11 15 1
0 1 24 16 11 16 1
0 1 12 16 11 17 1
0 11 3 16 13 10 1
0 11 3 16 13 10 2
0 11 26 16 13 11 1
0 11 26 16 13 12 1
0 11 26 16 13 13 1
0 11 25 16 13 14 1
0 11 24 16 13 15 1
0 11 24 16 13 16 1
0 11 22 16 13 17 1
0 2 0 16 14 10 1
0 2 4 16 14 10 2
0 2 26 16 14 11 1
0 2 26 16 14 12 1
0 2 26 16 14 13 1
0 2 25 16 14 14 1
0 2 12 16 14 15 1
0 2 22 16 14 16 1
0 2 22 16 14 17 1
0 1 3 16 15 10 1
0 1 3 16 15 10 2
0 1 26 16 15 11 1
0 1 26 16 15 12 1
0 1 14 16 15 13 1
0 1 25 16 15 14 1
0 1 25 16 15 15 1
0 1 25 16 15 16 1
0 6 3 16 16 10 1
0 6 3 16 16 10 2
0 6 25 16 16 11 1
0 6 25 16 16 12 1
0 6 25 16 16 13 1
0 6 13 16 16 14 1
0 6 12 16 16 15 1
0 6 10 16 16 16 1
0 6 21 16 16 17 1
0 11 15 16 1 1 1
0 11 15 16 1 2 1
0 11 15 16 1 3 1
0 11 15 16 1 4 1
0 11 15 16 1 5 1
0 11 14 16 1 6 1
0 11 14 16 1 7 1
0 11 23 16 1 8 1
0 4 24 16 2 0 1
0 4 23 16 2 1 1
0 4 23 16 2 2 1
0 4 23 16 2 3 1
0 4 23 16 2 4 1
0 4 22 16 2 5 1
0 1 3 16 3 0 1
0 1 4 16 3 0 2
0 1 15 16 3 1 1
0 1 15 16 3 2 1
0 1 14 16 3 3 1
0 1 14 16 3 4 1
0 1 14 16 3 5 1
0 1 14 16 3 6 1
0 1 23 16 3 7 1
0 1 11 16 3 8 1
0 1 3 16 4 0 1
0 1 4 16 4 0 2
0 1 3 16 4 1 1
0 1 4 16 4 1 2
0 1 3 16 4 2 1
0 1 4 16 4 2 2
0 1 2 16 4 3 1
0 1 3 16 4 3 2
0 1 2 16 4 4 1
0 1 3 16 4 4 2
0 1 25 16 4 5 1
0 1 25 16 4 6 1
0 1 22 16 4 7 1
0 1 3 16 5 0 1
0 1 3 16 5 0 2
0 1 15 16 5 1 1
0 1 15 16 5 2 1
0 1 15 16 5 3 1
0 1 14 16 5 4 1
0 1 14 16 5 5 1
0 1 14 16 5 6 1
0 1 12 16 5 7 1
0 1 23 16 5 8 1
0 2 3 16 6 0 1
0 2 3 16 6 0 2
0 2 3 16 6 1 1
0 2 3 16 6 1 2
0 2 26 16 6 2 1
0 2 26 16 6 3 1
0 2 25 16 6 4 1
0 2 25 16 6 5 1
0 2 13 16 6 6 1
0 2 24 16 6 7 1
0 5 0 16 7 0 1
0 5 3 16 7 0 2
0 5 0 16 7 1 1
0 5 1 16 7 1 2
0 5 12 16 7 2 1
0 5 11 16 7 3 1
0 5 11 16 7 4 1
0 5 11 16 7 5 1
0 5 11 16 7 6 1
0 5 10 16 7 7 1
0 5 21 16 7 8 1
0 3 3 16 8 0 1
0 3 3 16 8 0 2
0 3 15 16 8 1 1
0 3 15 16 8 2 1
0 3 15 16 8 3 1
0 3 15 16 8 4 1
0 3 15 16 8 5 1
0 3 15 16 8 6 1
0 3 15 16 8 7 1
0 3 24 16 8 8 1
0 2 0 16 10 0 1
0 2 4 16 10 0 2
0 2 0 16 10 1 1
0 2 4 16 10 1 2
0 2 26 16 10 2 1
0 2 26 16 10 3 1
0 2 25 16 10 4 1
0 2 13 16 10 5 1
0 2 12 16 10 6 1
0 2 22 16 10 7 1
0 5 24 16 11 0 1
0 5 24 16 11 1 1
0 5 24 16 11 2 1
0 5 12 16 11 3 1
0 5 23 16 11 4 1
0 5 23 16 11 5 1
0 5 10 16 11 6 1
0 5 10 16 11 7 1
0 5 3 16 12 0 1
0 5 4 16 12 0 2
0 5 0 16 12 1 1
0 5 3 16 12 1 2
0 5 0 16 12 2 1
0 5 3 16 12 2 2
0 5 12 16 12 3 1
0 5 10 16 12 4 1
0 5 10 16 12 5 1
0 5 10 16 12 6 1
0 5 10 16 12 7 1
0 5 21 16 12 8 1
0 8 3 16 13 0 1
0 8 4 16 13 0 2
0 8 2 16 13 1 1
0 8 4 16 13 1 2
0 8 25 16 13 2 1
0 8 25 16 13 3 1
0 8 25 16 13 4 1
0 8 25 16 13 5 1
0 8 25 16 13 6 1
0 8 22 16 13 7 1
0 1 25 16 14 0 1
0 1 25 16 14 1 1
0 1 25 16 14 2 1
0 1 25 16 14 3 1
0 1 25 16 14 4 1
0 1 24 16 14 5 1
0 1 23 16 14 6 1
0 3 15 16 15 1 1
0 3 15 16 15 2 1
0 3 15 16 15 3 1
0 3 15 16 15 4 1
0 3 15 16 15 5 1
0 3 15 16 15 6 1
0 3 15 16 15 7 1
0 3 26 16 15 8 1
0 6 15 18 0 10 1
0 6 14 18 0 11 1
0 6 25 18 0 12 1
0 6 23 18 0 13 1
0 6 11 18 0 14 1
0 6 21 18 0 15 1
0 2 26 18 2 10 1
0 2 26 18 2 11 1
0 2 14 18 2 12 1
0 2 14 18 2 13 1
0 2 25 18 2 14 1
0 2 13 18 2 15 1
0 2 23 18 2 16 1
0 2 10 18 2 17 1
0 2 0 18 3 10 1
0 2 3 18 3 10 2
0 2 14 18 3 11 1
0 2 14 18 3 12 1
0 2 14 18 3 13 1
0 2 12 18 3 14 1
0 2 12 18 3 15 1
0 2 22 18 3 16 1
0 2 21 18 3 17 1
0 3 3 18 4 10 1
0 3 3 18 4 10 2
0 3 26 18 4 11 1
0 3 26 18 4 12 1
0 3 26 18 4 13 1
0 3 26 18 4 14 1
0 3 25 18 4 15 1
0 3 23 18 4 16 1
0 3 10 18 4 17 1
0 6 14 18 5 10 1
0 6 14 18 5 11 1
0 6 14 18 5 12 1
0 6 25 18 5 13 1
0 6 25 18 5 14 1
0 6 23 18 5 15 1
0 6 22 18 5 16 1
0 6 10 18 5 17 1
0 2 3 18 6 10 1
0 2 3 18 6 10 2
0 2 26 18 6 11 1
0 2 26 18 6 12 1
0 2 26 18 6 13 1
0 2 26 18 6 14 1
0 2 13 18 6 15 1
0 2 24 18 6 16 1
0 2 24 18 6 17 1
0 2 3 18 7 10 1
0 2 4 18 7 10 2
0 2 26 18 7 11 1
0 2 25 18 7 12 1
0 2 13 18 7 13 1
0 2 23 18 7 14 1
0 2 11 18 7 15 1
0 2 22 18 7 16 1
0 2 10 18 7 17 1
0 2 22 18 8 10 1
0 2 22 18 8 11 1
0 2 10 18 8 12 1
0 2 10 18 8 13 1
0 2 21 18 8 14 1
0 2 21 18 8 15 1
0 2 21 18 8 16 1
0 2 21 18 8 17 1
0 6 3 18 9 10 1
0 6 4 18 9 10 2
0 6 25 18 9 11 1
0 6 25 18 9 12 1
0 6 25 18 9 13 1
0 6 23 18 9 14 1
0 6 23 18 9 15 1
0 6 11 18 9 16 1
0 6 10 18 9 17 1
0 2 3 18 10 10 1
0 2 3 18 10 10 2
0 2 26 18 10 11 1
0 2 14 18 10 12 1
0 2 25 18 10 13 1
0 2 24 18 10 14 1
0 2 23 18 10 15 1
0 2 22 18 10 16 1
0 2 21 18 10 17 1
0 4 1 18 11 10 1
0 4 3 18 11 10 2
0 4 1 18 11 11 1
0 4 3 18 11 11 2
0 4 23 18 11 12 1
0 4 23 18 11 13 1
0 4 23 18 11 14 1
0 4 23 18 11 15 1
0 4 23 18 11 16 1
0 4 23 18 11 17 1
0 10 3 18 12 10 1
0 10 4 18 12 10 2
0 10 15 18 12 11 1
0 10 15 18 12 12 1
0 10 26 18 12 13 1
0 10 26 18 12 14 1
0 10 25 18 12 15 1
0 10 25 18 12 16 1
0 10 22 18 12 17 1
0 1 25 18 13 10 1
0 1 25 18 13 11 1
0 1 25 18 13 12 1
0 1 25 18 13 13 1
0 1 25 18 13 14 1
0 1 25 18 13 15 1
0 1 25 18 13 16 1
0 1 24 18 13 17 1
0 8 2 18 15 10 1
0 8 4 18 15 10 2
0 8 26 18 15 11 1
0 8 26 18 15 12 1
0 8 26 18 15 13 1
0 8 26 18 15 14 1
0 8 25 18 15 15 1
0 8 25 18 15 16 1
0 8 21 18 15 17 1
0 4 3 18 16 10 1
0 4 4 18 16 10 2
0 4 3 18 16 11 1
0 4 4 18 16 11 2
0 4 0 18 16 12 1
0 4 3 18 16 12 2
0 4 23 18 16 13 1
0 4 23 18 16 14 1
0 4 23 18 16 15 1
0 4 23 18 16 16 1
0 4 22 18 16 17 1
0 8 15 18 1 2 1
0 8 15 18 1 3 1
0 8 26 18 1 4 1
0 8 26 18 1 5 1
0 8 26 18 1 6 1
0 7 26 18 2 2 1
0 7 26 18 2 3 1
0 7 26 18 2 4 1
0 7 26 18 2 5 1
0 7 26 18 2 6 1
0 7 25 18 2 7 1
0 11 15 18 3 1 1
0 11 15 18 3 2 1
0 11 15 18 3 3 1
0 11 26 18 3 4 1
0 11 26 18 3 5 1
0 11 26 18 3 6 1
0 11 26 18 3 7 1
0 3 0 18 4 1 1
0 3 4 18 4 1 2
0 3 26 18 4 2 1
0 3 26 18 4 3 1
0 3 26 18 4 4 1
0 3 26 18 4 5 1
0 3 26 18 4 6 1
0 3 26 18 4 7 1
0 2 15 18 11 1 1
0 2 15 18 11 2 1
0 2 15 18 11 3 1
0 2 15 18 11 4 1
0 2 15 18 11 5 1
0 2 15 18 11 6 1
0 2 15 18 11 7 1
0 2 26 18 11 8 1
0 2 2 18 12 1 1
0 2 4 18 12 1 2
0 2 0 18 12 2 1
0 2 4 18 12 2 2
0 2 15 18 12 3 1
0 2 15 18 12 4 1
0 2 15 18 12 5 1
0 2 14 18 12 6 1
0 2 13 18 12 7 1
0 2 21 18 12 8 1
0 3 0 18 13 1 1
0 3 4 18 13 1 2
0 3 26 18 13 2 1
0 3 26 18 13 3 1
0 3 26 18 13 4 1
0 3 14 18 13 5 1
0 3 25 18 13 6 1
0 3 25 18 13 7 1
0 2 3 18 15 2 1
0 2 3 18 15 2 2
0 2 15 18 15 3 1
0 2 15 18 15 4 1
0 2 15 18 15 5 1
0 2 15 18 15 6 1
0 2 14 18 15 7 1
0 2 25 18 15 8 1
0 11 2 19 0 10 1
0 11 4 19 0 10 2
0 11 14 19 0 11 1
0 11 25 19 0 12 1
0 11 25 19 0 13 1
0 11 25 19 0 14 1
0 11 23 19 0 15 1
0 11 21 19 0 16 1
0 11 21 19 0 17 1
0 3 31 19 1 10 1
0 3 31 19 1 11 1
0 3 31 19 1 12 1
0 3 26 19 1 13 1
0 3 26 19 1 14 1
0 3 25 19 1 15 1
0 3 11 19 1 16 1
0 5 3 19 3 10 1
0 5 3 19 3 10 2
0 5 30 19 3 11 1
0 5 30 19 3 12 1
0 5 23 19 3 13 1
0 5 22 19 3 14 1
0 5 22 19 3 15 1
0 5 22 19 3 16 1
0 5 21 19 3 17 1
0 6 31 19 6 10 1
0 6 14 19 6 11 1
0 6 25 19 6 12 1
0 6 25 19 6 13 1
0 6 25 19 6 14 1
0 6 25 19 6 15 1
0 6 25 19 6 16 1
0 6 24 19 6 17 1
0 1 7 19 7 10 1
0 1 3 19 7 10 2
0 1 30 19 7 11 1
0 1 25 19 7 12 1
0 1 25 19 7 13 1
0 1 25 19 7 14 1
0 1 25 19 7 15 1
0 1 24 19 7 16 1
0 1 24 19 7 17 1
0 1 3 19 8 10 1
0 1 4 19 8 10 2
0 1 3 19 8 11 1
0 1 3 19 8 11 2
0 1 3 19 8 12 1
0 1 2 19 8 12 2
0 1 26 19 8 13 1
0 1 26 19 8 14 1
0 1 26 19 8 15 1
0 1 25 19 8 16 1
0 1 24 19 8 17 1
0 1 8 19 9 10 1
0 1 3 19 9 10 2
0 1 3 19 9 11 1
0 1 3 19 9 11 2
0 1 31 19 9 12 1
0 1 26 19 9 13 1
0 1 25 19 9 14 1
0 1 25 19 9 15 1
0 1 25 19 9 16 1
0 1 25 19 9 17 1
0 6 30 19 10 10 1
0 6 25 19 10 11 1
0 6 25 19 10 12 1
0 6 25 19 10 13 1
0 6 25 19 10 14 1
0 6 12 19 10 15 1
0 6 22 19 10 16 1
0 6 21 19 10 17 1
0 2 0 19 12 10 1
0 2 3 19 12 10 2
0 2 0 19 12 11 1
0 2 3 19 12 11 2
0 2 29 19 12 12 1
0 2 24 19 12 13 1
0 2 24 19 12 14 1
0 2 24 19 12 15 1
0 2 11 19 12 16 1
0 2 21 19 12 17 1
0 2 3 19 14 10 1
0 2 3 19 14 10 2
0 2 31 19 14 11 1
0 2 14 19 14 12 1
0 2 25 19 14 13 1
0 2 25 19 14 14 1
0 2 25 19 14 15 1
0 2 24 19 14 16 1
0 2 10 19 14 17 1
0 2 1 19 15 10 1
0 2 3 19 15 10 2
0 2 5 19 15 11 1
0 2 3 19 15 11 2
0 2 29 19 15 12 1
0 2 13 19 15 13 1
0 2 12 19 15 14 1
0 2 23 19 15 15 1
0 2 22 19 15 16 1
0 2 21 19 15 17 1
0 1 3 19 2 2 1
0 1 4 19 2 2 2
0 1 3 19 2 3 1
0 1 4 19 2 3 2
0 1 3 19 2 4 1
0 1 4 19 2 4 2
0 1 2 19 2 5 1
0 1 4 19 2 5 2
0 1 1 19 2 6 1
0 1 4 19 2 6 2
0 1 15 19 2 7 1
0 1 25 19 2 8 1
0 3 3 19 3 2 1
0 3 3 19 3 2 2
0 3 24 19 3 3 1
0 3 24 19 3 4 1
0 3 23 19 3 5 1
0 3 23 19 3 6 1
0 3 22 19 3 7 1
0 5 30 19 4 2 1
0 5 30 19 4 3 1
0 5 30 19 4 4 1
0 5 31 19 6 2 1
0 5 30 19 6 3 1
0 5 30 19 6 4 1
0 5 30 19 6 5 1
0 5 30 19 6 6 1
0 5 25 19 6 7 1
0 2 3 19 7 2 1
0 2 3 19 7 2 2
0 2 7 19 7 3 1
0 2 3 19 7 3 2
0 2 1 19 7 4 1
0 2 3 19 7 4 2
0 2 12 19 7 5 1
0 2 12 19 7 6 1
0 2 12 19 7 7 1
0 2 23 19 7 8 1
0 7 31 19 8 2 1
0 7 28 19 8 3 1
0 7 28 19 8 4 1
0 7 28 19 8 5 1
0 7 28 19 8 6 1
0 3 3 19 9 2 1
0 3 3 19 9 2 2
0 3 31 19 9 3 1
0 3 15 19 9 4 1
0 3 15 19 9 5 1
0 3 15 19 9 6 1
0 3 15 19 9 7 1
0 3 15 19 9 8 1
0 6 3 19 10 2 1
0 6 3 19 10 2 2
0 6 23 19 10 3 1
0 6 22 19 10 4 1
0 6 22 19 10 5 1
0 6 22 19 10 6 1
0 6 10 19 10 7 1
0 11 31 19 11 2 1
0 11 29 19 11 3 1
0 11 29 19 11 4 1
0 11 29 19 11 5 1
0 11 27 19 11 6 1
0 3 31 19 12 2 1
0 3 31 19 12 3 1
0 3 31 19 12 4 1
0 3 31 19 12 5 1
0 3 31 19 12 6 1
0 3 15 19 12 7 1
0 3 3 19 13 2 1
0 3 3 19 13 2 2
0 3 30 19 13 3 1
0 3 30 19 13 4 1
0 3 30 19 13 5 1
0 3 30 19 13 6 1
0 3 25 19 13 7 1
0 3 8 19 14 2 1
0 3 4 19 14 2 2
0 3 31 19 14 3 1
0 3 31 19 14 4 1
0 3 31 19 14 5 1
0 3 31 19 14 6 1
0 3 24 19 14 7 1
0 1 31 20 0 10 1
0 1 15 20 0 11 1
0 1 15 20 0 12 1
0 1 15 20 0 13 1
0 1 15 20 0 14 1
0 1 26 20 0 15 1
0 4 25 20 2 10 1
0 4 25 20 2 11 1
0 4 25 20 2 12 1
0 4 24 20 2 13 1
0 4 24 20 2 14 1
0 4 23 20 2 15 1
0 4 23 20 2 16 1
0 4 21 20 2 17 1
0 5 31 20 3 10 1
0 5 31 20 3 11 1
0 5 31 20 3 12 1
0 5 15 20 3 13 1
0 2 3 20 5 10 1
0 2 3 20 5 10 2
0 2 31 20 5 11 1
0 2 14 20 5 12 1
0 2 14 20 5 13 1
0 2 12 20 5 14 1
0 2 23 20 5 15 1
0 2 23 20 5 16 1
0 2 21 20 5 17 1
0 1 8 20 6 10 1
0 1 3 20 6 10 2
0 1 30 20 6 11 1
0 1 25 20 6 12 1
0 1 25 20 6 13 1
0 1 25 20 6 14 1
0 1 24 20 6 15 1
0 1 11 20 6 16 1
0 1 21 20 6 17 1
0 2 3 20 7 10 1
0 2 3 20 7 10 2
0 2 25 20 7 11 1
0 2 28 20 7 12 1
0 2 11 20 7 13 1
0 2 22 20 7 14 1
0 2 22 20 7 15 1
0 2 10 20 7 16 1
0 2 21 20 7 17 1
0 2 3 20 11 10 1
0 2 3 20 11 10 2
0 2 1 20 11 11 1
0 2 3 20 11 11 2
0 2 31 20 11 12 1
0 2 25 20 11 13 1
0 2 24 20 11 14 1
0 2 12 20 11 15 1
0 2 23 20 11 16 1
0 2 22 20 11 17 1
0 1 8 20 13 10 1
0 1 2 20 13 10 2
0 1 26 20 13 11 1
0 1 26 20 13 12 1
0 1 26 20 13 13 1
0 1 26 20 13 14 1
0 1 26 20 13 15 1
0 1 25 20 13 16 1
0 6 3 20 15 10 1
0 6 3 20 15 10 2
0 6 0 20 15 11 1
0 6 3 20 15 11 2
0 6 30 20 15 12 1
0 6 25 20 15 13 1
0 6 25 20 15 14 1
0 6 13 20 15 15 1
0 6 13 20 15 16 1
0 6 10 20 15 17 1
0 2 1 20 16 10 1
0 2 4 20 16 10 2
0 2 14 20 16 11 1
0 2 25 20 16 12 1
0 2 25 20 16 13 1
0 2 25 20 16 14 1
0 2 13 20 16 15 1
0 2 23 20 16 16 1
0 2 23 20 16 17 1
0 1 3 20 5 3 1
0 1 3 20 5 3 2
0 1 2 20 5 4 1
0 1 3 20 5 4 2
0 1 23 20 5 5 1
0 1 22 20 5 6 1
0 1 22 20 5 7 1
0 1 25 20 6 2 1
0 1 3 20 7 2 1
0 1 3 20 7 2 2
0 1 25 20 7 3 1
0 1 24 20 7 4 1
0 1 23 20 7 5 1
0 1 22 20 7 6 1
0 6 14 20 14 3 1
0 6 14 20 14 4 1
0 6 14 20 14 5 1
0 6 14 20 14 6 1
0 6 12 20 14 7 1
0 6 21 20 14 8 1
0 2 3 21 3 10 1
0 2 4 21 3 10 2
0 2 14 21 3 11 1
0 2 25 21 3 12 1
0 2 13 21 3 13 1
0 2 13 21 3 14 1
0 2 23 21 3 15 1
0 2 23 21 3 16 1
0 2 23 21 3 17 1
0 1 4 21 1 5 1
0 1 4 21 1 5 2
0 1 3 21 1 6 1
0 1 4 21 1 6 2
0 1 3 21 1 7 1
0 1 4 21 1 7 2
0 5 0 21 3 4 1
0 8 4 21 3 4 2
0 5 12 21 3 5 1
0 5 23 21 3 6 1
0 5 23 21 3 7 1
0 1 24 21 11 4 1
0 1 24 21 11 5 1
0 1 24 21 11 6 1
0 1 23 21 11 7 1
0 4 26 21 15 5 1
0 4 14 21 15 6 1
0 4 13 21 15 7 1
0 4 13 21 15 8 1
0 10 0 22 9 10 1
0 10 0 22 9 10 2
0 10 22 22 9 11 1
0 10 21 22 9 12 1
0 5 0 22 3 5 1
0 5 0 22 3 5 2
0 5 22 22 3 6 1
0 5 10 22 3 7 1
0 2 1 22 4 5 1
0 2 3 22 4 5 2
0 2 13 22 4 6 1
0 2 11 22 4 7 1
0 2 21 22 4 8 1
0 5 23 23 0 10 1
0 5 23 23 0 11 1
0 5 23 23 0 12 1
0 5 10 23 0 13 1
0 2 10 23 0 14 1
0 2 21 23 0 15 1
0 2 21 23 0 16 1
0 5 4 23 2 10 1
0 5 4 23 2 10 2
0 5 4 23 2 11 1
0 5 4 23 2 11 2
0 5 3 23 2 12 1
0 5 4 23 2 12 2
0 5 14 23 2 13 1
0 5 25 23 2 14 1
0 5 23 23 2 15 1
0 5 23 23 2 16 1
0 5 24 23 3 10 1
0 5 12 23 3 11 1
0 5 12 23 3 12 1
0 5 22 23 3 13 1
0 5 22 23 3 14 1
0 5 10 23 3 15 1
0 2 3 23 6 10 1
0 3 4 23 6 10 2
0 6 2 23 6 11 1
0 3 3 23 6 11 2
0 3 26 23 6 12 1
0 2 25 23 6 13 1
0 1 3 23 8 10 1
0 1 4 23 8 10 2
0 1 3 23 8 11 1
0 1 3 23 8 11 2
0 1 3 23 8 12 1
0 1 3 23 8 12 2
0 1 3 23 8 13 1
0 1 3 23 8 13 2
0 1 3 23 8 14 1
0 1 2 23 8 14 2
0 1 12 23 8 15 1
0 1 23 23 8 16 1
0 1 22 23 8 17 1
0 1 1 23 9 10 1
0 1 2 23 9 10 2
0 1 23 23 9 11 1
0 1 23 23 9 12 1
0 1 23 23 9 13 1
0 1 23 23 9 14 1
0 1 23 23 9 15 1
0 1 11 23 9 16 1
0 1 22 23 9 17 1
0 10 15 23 12 10 1
0 10 15 23 12 11 1
0 10 15 23 12 12 1
0 10 26 23 12 13 1
0 10 14 23 12 14 1
0 10 24 23 12 15 1
0 10 23 23 12 16 1
0 10 22 23 12 17 1
0 2 23 23 13 10 1
0 2 11 23 13 11 1
0 2 22 23 13 12 1
0 2 22 23 13 13 1
0 2 22 23 13 14 1
0 2 10 23 13 15 1
0 2 10 23 13 16 1
0 2 21 23 13 17 1
0 3 3 23 14 10 1
0 3 3 23 14 10 2
0 3 3 23 14 11 1
0 3 3 23 14 11 2
0 3 3 23 14 12 1
0 3 3 23 14 12 2
0 3 15 23 14 13 1
0 3 26 23 14 14 1
0 3 26 23 14 15 1
0 3 26 23 14 16 1
0 3 12 23 14 17 1
0 5 3 23 16 10 1
0 5 3 23 16 10 2
0 5 3 23 16 11 1
0 5 3 23 16 11 2
0 5 3 23 16 12 1
0 5 3 23 16 12 2
0 5 2 23 16 13 1
0 5 2 23 16 13 2
0 5 14 23 16 14 1
0 5 14 23 16 15 1
0 5 14 23 16 16 1
0 5 25 23 16 17 1
0 2 10
0 2 23
0 2 14
0 2 24
0 2 25
0 2 23
0 2 1
0 2 23
0 2 0
0 2 3
0 2 24
0 2 25
0 2 23
0 2 24
0 2 24
0 2 24
0 2 2
0 2 22
0 2 24
0 2 22
0 2 25
0 2 24
0 2 4
0 2 25
0 2 23
0 2 23
0 2 21
0 2 11
0 2 25
0 2 3
0 2 23
0 2 22
0 2 23
0 2 4
0 2 4
0 2 22
0 2 25
0 2 23
0 2 2
0 2 24
0 2 10
0 2 24
0 2 23
0 2 24
0 2 25
0 2 21
0 2 23
0 2 25
0 2 25
0 2 23
0 2 23
0 2 11
0 2 23
0 2 0
0 2 23
0 2 24
0 2 25
0 3 26
0 3 14
0 3 4
0 3 22
0 3 25
0 3 26
0 3 14
0 3 25
0 3 26
0 3 26
0 3 25
0 3 4
0 3 26
0 3 26
0 3 4
0 3 25
0 3 25
0 3 25
0 3 26
0 3 14
0 3 26
0 3 26
0 3 26
0 3 25
0 3 14
0 3 26
0 3 4
0 3 25
0 3 26
0 3 4
0 3 25
0 3 4
0 3 25
0 3 25
0 3 26
0 3 14
0 3 26
0 3 26
0 3 25
0 3 26
0 3 25
0 3 26
0 3 26
0 3 26
0 3 26
0 3 23
0 3 25
0 3 25
0 3 26
0 3 26
0 3 26
0 3 26
0 3 3
0 3 25
0 3 3
0 3 25
0 3 26
0 3 26
0 3 26
0 3 4
0 3 30
0 3 25
0 3 25
0 3 25
0 3 26
0 3 14
0 3 4
0 3 26
0 3 0
0 3 26
0 3 25
0 3 26
0 3 26
0 3 26
0 3 3
0 3 26
0 3 14
0 3 25
0 3 26
0 3 21
0 3 23
0 3 26
0 3 22
0 3 3
0 3 30
0 3 26
0 3 25
0 3 10
0 3 4
0 3 14
0 3 4
0 3 26
0 3 26
0 3 26
0 3 26
0 3 25
0 3 25
0 3 4
0 3 25
0 3 25
0 3 26
0 3 4
0 3 26
0 3 25
0 3 25
0 3 25
0 3 25
0 3 25
0 3 25
0 3 25
0 3 25
0 3 3
0 3 14
0 3 26
0 3 26
0 3 26
0 3 26
0 3 25
0 3 26
0 3 26
0 3 4
0 3 25
0 3 25
0 3 3
0 3 26
0 3 26
0 3 26
0 3 26
0 3 25
0 3 3
0 3 26
0 3 25
0 3 26
0 3 26
0 3 26
0 3 0
0 3 3
0 3 26
0 3 26
0 3 1
0 3 25
0 3 25
0 3 14
0 3 26
0 3 26
0 3 22
0 3 25
0 3 25
0 3 4
0 3 26
0 3 3
0 3 4
0 3 24
0 3 25
0 3 25
0 3 4
0 3 26
0 3 25
0 3 25
0 3 30
0 3 0
0 3 3
0 3 25
0 3 26
0 3 25
0 3 4
0 3 13
0 3 26
0 3 4
0 3 26
0 3 26
0 3 14
0 3 25
0 3 26
0 3 26
0 3 25
0 3 26
0 3 14
0 3 25
0 3 4
0 3 25
0 3 26
0 3 26
0 3 26
0 3 3
0 3 26
0 3 14
0 3 26
0 3 26
0 3 26
0 3 3
0 3 14
0 3 26
0 3 25
0 3 14
0 3 4
0 3 4
0 3 26
0 3 26
0 3 26
0 3 3
0 3 26
0 3 3
0 3 25
0 3 3
0 3 26
0 3 25
0 3 26
0 3 4
0 3 26
0 3 14
0 3 4
0 3 4
0 3 4
0 3 25
0 3 25
0 3 25
0 3 26
0 3 26
0 3 26
0 3 25
0 3 25
0 3 14
0 3 25
0 3 23
0 3 14
0 3 25
0 3 26
0 3 26
0 3 25
0 3 25
0 3 26
0 3 0
0 3 26
0 3 12
0 3 4
0 3 26
0 3 26
0 3 25
0 3 25
0 3 26
0 3 25
0 3 26
0 3 3
0 3 26
0 3 25
0 3 14
0 3 3
0 3 26
0 3 14
0 3 25
0 3 14
0 3 25
0 3 26
0 3 3
0 3 3
0 3 25
0 3 25
0 3 25
0 3 25
0 3 26
0 3 26
0 3 4
0 3 26
0 3 26
0 3 26
0 3 25
0 3 26
0 3 4
0 3 25
0 3 4
0 3 3
0 3 26
0 3 26
0 3 26
0 3 13
0 3 25
0 3 4
0 3 14
0 3 25
0 3 3
0 3 26
0 3 3
0 3 26
0 3 25
0 3 26
0 3 26
0 3 25
0 3 4
0 3 25
0 3 25
0 3 26
0 3 25
0 3 26
0 3 25
0 3 25
0 3 25
0 3 3
0 3 25
0 3 3
0 3 4
0 3 25
0 3 26
0 3 26
0 3 25
0 3 26
0 3 25
0 3 26
0 3 22
0 3 22
0 3 25
0 3 14
0 3 25
0 3 26
0 3 26
0 3 14
0 3 26
0 3 26
0 3 26
0 3 26
0 3 26
0 3 4
0 3 26
0 3 4
0 3 4
0 3 25
0 3 26
0 3 25
0 3 25
0 3 14
0 3 26
0 3 25
0 3 26
0 3 4
0 3 4
0 3 25
0 3 25
0 3 26
0 3 3
0 3 26
0 3 26
0 3 4
0 3 3
0 3 25
0 3 22
0 3 25
0 3 26
0 3 26
0 3 25
0 3 26
0 3 13
0 3 26
0 3 3
0 3 26
0 3 3
0 3 25
0 3 26
0 3 26
0 3 26
0 3 26
0 3 25
0 3 25
0 3 26
0 3 3
0 3 25
0 3 14
0 3 26
0 3 26
0 3 25
0 3 26
0 3 3
0 3 25
0 3 25
0 3 26
0 3 4
0 3 3
0 3 25
0 3 26
0 3 14
0 3 14
0 3 25
0 3 25
0 3 25
0 3 25
0 3 4
0 3 31
0 3 25
0 3 26
0 3 25
0 3 25
0 3 26
0 3 26
0 3 25
0 3 25
0 3 4
0 3 26
0 3 25
0 3 26
0 3 26
0 3 25
0 3 15
0 3 26
0 3 26
0 3 25
0 3 4
0 3 26
0 3 26
0 3 23
0 3 25
0 3 26
0 3 14
0 3 25
0 3 3
0 3 25
0 3 25
0 3 23
0 3 25
0 3 25
0 3 25
0 3 26
0 3 3
0 3 25
0 3 26
0 3 4
0 3 26
0 3 26
0 3 3
0 3 14
0 3 25
0 3 26
0 3 26
0 3 26
0 3 26
0 3 25
0 3 25
0 3 25
0 3 22
0 3 4
0 3 26
0 3 25
0 3 25
0 3 26
0 3 14
0 3 25
0 3 14
0 3 14
0 3 26
0 3 26
0 3 26
0 3 26
0 3 4
0 3 26
0 3 25
0 3 3
0 3 26
0 3 26
0 3 3
0 3 22
0 3 4
0 3 26
0 3 25
0 3 26
0 3 25
0 3 25
0 3 14
0 3 22
0 3 14
0 3 25
0 3 26
0 3 14
0 3 26
0 3 26
0 3 25
0 3 4
0 3 25
0 3 25
0 3 4
0 3 26
0 3 25
0 3 26
0 3 4
0 3 26
0 3 26
0 3 4
0 3 25
0 3 26
0 3 25
0 3 4
0 3 4
0 3 26
0 3 26
0 3 25
0 3 26
0 3 26
0 3 22
0 3 4
0 3 3
0 3 26
0 3 4
0 3 26
0 3 25
0 3 26
0 3 15
0 3 26
0 3 14
0 3 25
0 3 26
0 3 26
0 3 25
0 3 14
0 3 26
0 3 3
0 3 4
0 3 26
0 3 25
0 3 25
0 3 26
0 3 25
0 3 26
0 3 4
0 3 26
0 3 25
0 3 25
0 3 26
0 3 26
0 3 25
0 3 25
0 3 26
0 3 26
0 3 26
0 3 26
0 3 25
0 3 4
0 3 4
0 3 4
0 3 26
0 3 25
0 3 14
0 3 26
0 3 26
0 3 4
0 3 26
0 3 3
0 3 4
0 3 14
0 3 25
0 3 3
0 3 26
0 3 3
0 3 26
0 3 26
0 3 14
0 3 25
0 3 14
0 3 25
0 3 26
0 3 25
0 3 26
0 3 26
0 3 26
0 3 26
0 3 3
0 3 14
0 3 25
0 3 4
0 3 4
0 3 25
0 3 26
0 3 25
0 3 24
0 3 26
0 3 26
0 3 26
0 3 25
0 3 26
0 3 25
0 3 25
0 3 25
0 3 25
0 3 26
0 3 4
0 3 26
0 3 25
0 3 3
0 3 13
0 3 22
0 3 25
0 3 26
0 3 26
0 3 0
0 3 25
0 3 25
0 3 25
0 3 4
0 3 25
0 3 3
0 3 26
0 3 26
0 3 31
0 3 25
0 3 14
0 3 25
0 3 14
0 3 25
0 3 26
0 3 26
0 3 4
0 3 25
0 3 25
0 3 26
0 3 26
0 3 25
0 3 26
0 3 25
0 3 25
0 3 26
0 3 26
0 3 3
0 3 25
0 3 4
0 3 25
0 3 26
0 3 25
0 3 3
0 3 25
0 3 25
0 3 25
0 3 25
0 3 3
0 3 4
0 3 25
0 3 4
0 3 3
0 3 26
0 3 26
0 3 25
0 3 26
0 3 26
0 3 26
0 3 4
0 3 22
0 3 25
0 3 3
0 3 26
0 3 22
0 3 25
0 3 14
0 3 26
0 4 23
0 4 23
0 4 10
0 4 25
0 4 0
0 4 10
0 4 23
0 4 22
0 4 21
0 4 1
0 4 21
0 4 22
0 4 24
0 4 10
0 4 0
0 4 2
0 4 22
0 4 11
0 4 0
0 4 24
0 4 22
0 4 22
0 4 25
0 4 22
0 4 23
0 4 10
0 4 14
0 4 26
0 4 12
0 4 24
0 4 11
0 4 24
0 4 23
0 4 22
0 4 1
0 4 23
0 4 12
0 4 23
0 4 22
0 4 4
0 4 21
0 4 10
0 4 21
0 4 10
0 4 23
0 4 12
0 4 13
0 4 12
0 4 22
0 4 0
0 4 0
0 4 22
0 4 11
0 4 23
0 4 0
0 4 1
0 4 25
0 4 10
0 4 3
0 4 26
0 4 11
0 4 11
0 4 11
0 4 22
0 4 24
0 4 22
0 5 23
0 5 22
0 5 23
0 5 11
0 5 22
0 5 22
0 5 22
0 5 1
0 5 23
0 5 24
0 5 11
0 5 25
0 5 23
0 5 3
0 5 22
0 5 0
0 5 11
0 5 4
0 5 21
0 5 14
0 5 23
0 5 22
0 5 23
0 5 22
0 5 13
0 5 22
0 5 22
0 5 3
0 5 11
0 5 23
0 5 11
0 5 23
0 5 14
0 5 10
0 5 10
0 5 11
0 5 12
0 5 22
0 5 23
0 5 14
0 5 22
0 5 22
0 5 12
0 5 22
0 5 22
0 5 11
0 5 11
0 5 24
0 5 23
0 5 25
0 5 12
0 5 23
0 5 21
0 5 1
0 5 0
0 5 11
0 5 11
0 5 15
0 5 22
0 5 0
0 5 11
0 5 15
0 5 10
0 5 3
0 5 23
0 5 3
0 5 22
0 5 0
0 5 11
0 5 13
0 5 4
0 5 11
0 5 23
0 5 12
0 5 25
0 5 21
0 5 2
0 5 13
0 5 0
0 5 3
0 5 11
0 5 3
0 5 10
0 5 23
0 5 10
0 5 14
0 5 13
0 5 11
0 5 12
0 5 23
0 5 21
0 5 11
0 5 23
0 5 0
0 5 2
0 5 25
0 5 4
0 5 23
0 5 11
0 5 25
0 5 11
0 5 0
0 5 22
0 5 4
0 5 3
0 5 4
0 5 23
0 5 0
0 5 10
0 5 13
0 5 23
0 5 21
0 5 25
0 5 23
0 7 24
0 7 24
0 7 22
0 7 23
0 7 23
0 7 23
0 7 21
0 7 23
0 7 23
0 7 23
0 7 24
0 7 23
0 7 24
0 7 24
0 7 14
0 7 0
0 7 0
0 7 4
0 7 11
0 7 25
0 7 23
0 7 24
0 7 11
0 7 24
0 7 23
0 7 23
0 7 23
0 7 25
0 7 3
0 7 22
0 7 26
0 7 23
0 7 24
0 7 25
0 7 13
0 7 4
0 7 22
0 7 1
0 7 23
0 7 24
0 7 24
0 7 22
0 7 23
0 7 4
0 7 23
0 7 25
0 7 23
0 7 25
0 7 23
0 7 23
0 7 22
0 7 4
0 7 23
0 7 25
0 7 23
0 7 25
0 7 23
0 7 23
0 7 25
0 7 0
0 8 1
0 8 24
0 8 1
0 8 24
0 8 1
0 9 24
0 9 4
0 9 11
0 9 24
0 9 27
0 9 24
0 9 11
0 9 25
0 9 11
0 9 15
0 9 25
0 9 24
0 9 23
0 9 24
0 9 23
0 9 4
0 9 23
0 9 12
0 9 24
0 9 23
0 9 4
0 9 3
0 9 23
0 9 22
0 9 25
0 9 15
0 9 24
0 9 26
0 9 4
0 9 23
0 9 24
0 9 12
0 9 12
0 9 25
0 9 26
0 9 2
0 9 23
0 9 22
0 9 4
0 9 22
0 9 4
0 9 26
0 9 24
0 9 25
0 9 11
0 9 24
0 9 4
0 9 22
0 9 22
0 9 2
0 9 3
0 9 24
0 9 22
0 9 27
0 9 24
0 9 4
0 9 23
0 9 24
0 9 23
0 9 4
0 9 0
0 9 25
0 9 23
0 9 23
0 9 24
0 9 23
0 9 23
0 9 24
0 9 24
0 9 22
0 9 2
0 9 24
0 9 23
0 9 4
0 9 2
0 9 4
0 9 24
0 9 25
0 9 22
0 9 25
0 9 23
0 9 3
0 9 24
0 9 11
0 9 24
0 9 22
0 9 4
0 9 25
0 9 23
0 9 24
0 9 23
0 9 24
0 9 24
0 9 24
0 12 12
0 12 11
0 12 12
0 12 23
0 12 22
0 12 11
0 12 11
0 12 22
0 12 12
0 12 23
0 12 23
0 12 24
0 12 0
0 12 11
0 12 24
0 12 0
0 12 12
0 12 10
0 12 24
0 12 24
0 12 0
0 12 23
0 12 12
0 12 12
0 12 24
0 12 23
0 12 11
0 12 12
0 12 10
0 12 25
0 12 23
0 12 25
0 12 12
0 12 24
0 12 23
0 12 0
0 12 23
0 12 12
0 12 12
0 12 11
0 12 23
0 12 1
0 12 11
0 12 11
0 12 11
0 12 12
0 12 12
0 12 25
0 12 23
0 12 24
0 12 24
0 12 23
0 12 11
0 12 12
0 12 0
0 12 22
0 12 24
0 12 25
0 12 24
0 12 11
0 12 11
0 12 24
0 12 22
0 12 11
0 12 23
0 12 12
0 12 12
0 12 23
0 12 0
0 12 11
0 12 22
0 12 12
0 12 12
0 12 12
0 12 23
0 12 24
0 12 24
0 12 12
0 12 12
0 12 0
0 12 11
0 12 22
0 12 22
0 12 23
0 12 25
0 12 23
0 12 11
0 12 11
0 12 24
0 12 12
0 12 11
0 12 24
0 12 24
0 12 22
0 12 10
0 12 10
0 12 23
0 12 23
0 12 22
0 12 11
0 12 12
0 12 21
0 12 24
0 12 11
0 12 22
0 12 23
0 12 23
0 12 12
0 12 24
0 12 10
0 12 10
0 12 24
0 12 12
0 12 11
0 12 10
0 12 11
0 12 23
0 12 23
0 12 23
0 12 25
0 12 0
0 12 12
0 12 11
0 12 25
0 12 11
0 12 23
0 12 23
0 12 12
0 12 25
0 12 11
0 12 22
0 12 10
0 12 11
0 12 11
0 12 11
0 12 13
0 12 12
0 12 22
0 12 11
0 12 11
0 12 23
0 12 10
0 12 12
0 12 24
0 12 24
0 12 11
0 12 24
0 12 23
0 12 24
0 12 22
0 12 23
0 12 12
0 12 11
0 12 22
0 12 23
0 12 12
0 12 10
0 12 0
0 12 0
0 12 24
0 12 12
0 12 11
0 12 22
0 12 12
0 12 10
0 12 11
0 12 24
0 12 23
0 12 11
0 12 11
0 12 23
0 12 10
0 12 11
0 12 11
0 12 24
0 12 12
0 12 11
0 12 23
0 12 23
0 12 0
0 12 11
0 12 11
0 12 25
0 12 0
0 12 24
0 12 25
0 12 12
0 12 11
0 12 11
0 12 25
0 12 23
0 12 24
0 12 24
0 12 14
0 12 11
0 12 12
0 12 12
0 12 23
0 12 24
0 12 24
0 12 13
0 12 23
0 12 23
0 12 21
0 12 23
0 12 12
0 12 10
0 12 22
0 12 12
0 12 11
0 12 23
0 12 23
0 12 0
0 12 23
0 12 25
0 12 23
0 12 0
0 12 21
0 12 13
0 12 11
0 12 24
0 12 11
0 12 24
0 12 21
0 12 12
0 12 12
0 12 24
0 12 22
0 12 11
0 12 24
0 12 22
0 12 22
0 12 12
0 12 24
0 12 0
0 12 24
0 12 22
0 12 12
0 12 12
0 12 24
0 12 23
0 12 23
0 12 22
0 12 12
0 12 22
0 12 0
0 12 10
0 12 23
0 12 23
0 12 24
0 12 23
0 12 11
0 12 23
0 12 23
0 12 23
0 12 24
0 12 0
0 12 12
0 12 11
0 12 12
0 12 22
0 12 22
0 12 23
0 12 24
0 12 0
0 12 1
0 12 0
0 12 25
0 12 23
0 12 12
0 12 24
0 12 11
0 12 12
0 12 11
0 12 23
0 12 23
0 12 13
0 12 11
0 12 24
0 12 12
0 12 11
0 12 11
0 12 11
0 12 23
0 12 23
0 12 12
0 12 25
0 12 11
0 12 11
0 12 0
0 12 23
0 12 12
0 12 12
0 12 11
0 12 22
0 12 24
0 12 24
0 12 24
0 12 24
0 12 24
0 12 23
0 12 12
0 12 0
0 12 12
0 12 23
0 12 24
0 12 25
0 12 24
0 12 24
0 12 11
0 12 11
0 12 23
0 12 24
0 12 23
0 12 22
0 12 12
0 12 22
0 12 12
0 12 23
0 12 11
0 12 24
0 12 22
0 12 0
0 12 23
0 12 22
0 12 24
0 12 0
0 12 24
0 12 23
0 12 12
0 12 11
0 12 24
0 12 10
0 12 11
0 12 11
0 12 11
0 12 0
0 12 25
0 12 22
0 12 12
0 12 12
0 12 14
0 12 22
0 12 24
0 12 14
0 12 12
0 12 11
0 12 24
0 12 24
0 12 24
0 12 0
0 12 11
0 12 12
0 12 22
0 12 0
0 12 0
0 12 23
0 12 11
0 12 23
0 12 12
0 12 15
0 12 23
0 12 11
0 12 10
0 12 24
0 12 11
0 12 11
0 12 23
0 12 23
0 12 0
0 12 11
0 12 11
0 12 1
0 12 22
0 12 23
0 12 11
0 12 24
0 12 11
0 12 12
0 12 11
0 12 23
0 12 11
0 12 10
0 12 0
0 12 24
0 12 23
0 12 12
0 12 24
0 12 12
0 12 11
0 6 12
0 6 14
0 6 14
0 6 26
0 2 25
0 2 25
0 2 25
0 2 0
0 2 1
0 2 4
0 2 3
0 2 3
0 2 3
0 1 22
0 1 26
0 1 26
0 1 26
0 1 3
0 1 4
0 1 3
0 1 4
0 6 12
0 6 26
0 6 26
0 6 15
0 2 26
0 2 15
0 2 15
0 2 15
0 2 15
0 11 21
0 11 14
0 11 26
0 11 26
0 11 15
0 11 15
0 6 14
0 6 14
0 6 14
0 6 14
0 6 14
0 6 3
0 6 0
0 11 22
0 11 22
0 11 13
0 11 25
0 11 26
0 11 26
0 11 25
0 11 25
0 11 14
0 11 26
0 2 25
0 2 25
0 2 25
0 2 25
0 2 30
0 2 26
0 2 4
0 2 2
0 11 21
0 11 10
0 11 25
0 11 25
0 11 14
0 11 30
0 11 3
0 11 3
0 6 21
0 6 22
0 6 23
0 6 14
0 6 31
0 6 31
0 6 3
0 6 3
0 6 22
0 6 13
0 6 25
0 6 25
0 6 26
0 6 26
0 6 15
0 3 10
0 3 26
0 3 26
0 3 26
0 3 15
0 3 15
0 3 3
0 3 3
0 4 22
0 4 23
0 4 23
0 4 23
0 4 3
0 4 4
0 4 4
0 4 3
0 4 3
0 4 3
0 2 22
0 2 25
0 2 25
0 2 25
0 2 14
0 2 3
0 2 3
0 2 0
0 2 1
0 1 11
0 1 25
0 1 25
0 1 25
0 1 25
0 1 3
0 1 4
0 1 3
0 1 3
0 7 14
0 7 26
0 7 26
0 7 31
0 7 31
0 7 31
0 1 12
0 1 25
0 1 25
0 1 25
0 1 14
0 1 3
0 1 4
0 1 0
0 1 3
0 11 21
0 11 26
0 11 26
0 11 26
0 11 26
0 11 31
0 11 31
0 11 3
0 11 1
0 10 10
0 10 24
0 10 13
0 10 26
0 10 26
0 10 31
0 10 31
0 10 4
0 10 0
0 3 24
0 3 25
0 3 25
0 3 25
0 3 25
0 3 1
0 3 4
0 3 4
0 3 3
0 3 3
0 3 4
0 2 21
0 2 22
0 2 11
0 2 23
0 2 24
0 2 25
0 2 25
0 2 3
0 2 3
0 11 23
0 11 23
0 11 25
0 11 25
0 11 25
0 11 30
0 11 31
0 11 31
0 6 23
0 6 23
0 6 24
0 6 24
0 6 25
0 6 14
0 6 26
0 6 4
0 6 7
0 7 21
0 7 24
0 7 24
0 7 24
0 7 13
0 7 25
0 7 25
0 7 4
0 7 4
0 5 23
0 5 24
0 5 24
0 5 13
0 5 25
0 5 30
0 5 31
0 5 31
0 11 23
0 11 25
0 11 25
0 11 25
0 11 25
0 11 14
0 11 14
0 11 4
0 11 3
0 3 10
0 3 23
0 3 24
0 3 24
0 3 24
0 3 3
0 3 3
0 3 4
0 3 3
0 3 3
0 3 8
0 2 23
0 2 25
0 2 25
0 2 25
0 2 25
0 2 14
0 2 3
0 2 4
0 2 3
0 2 3
0 3 25
0 3 25
0 3 25
0 3 25
0 3 25
0 3 3
0 3 3
0 3 4
0 3 2
0 3 3
0 3 3
0 6 22
0 6 22
0 6 25
0 6 25
0 6 25
0 6 25
0 6 4
0 6 4
0 6 3
0 6 3
0 7 11
0 7 24
0 7 24
0 7 25
0 7 25
0 7 14
0 7 14
0 7 4
0 7 4
0 6 11
0 6 25
0 6 14
0 6 14
0 6 14
0 6 26
0 6 26
0 6 3
0 6 1
0 5 10
0 5 22
0 5 22
0 5 13
0 5 25
0 5 3
0 5 3
0 5 3
0 5 0
0 5 2
0 5 3
0 11 22
0 11 23
0 11 23
0 11 25
0 11 25
0 11 25
0 11 25
0 11 25
0 10 10
0 10 11
0 10 23
0 10 23
0 10 24
0 10 25
0 10 26
0 10 4
0 10 3
0 5 21
0 5 23
0 5 23
0 5 23
0 5 24
0 5 3
0 5 3
0 5 4
0 5 3
0 5 3
0 5 3
0 6 10
0 6 22
0 6 22
0 6 24
0 6 25
0 6 25
0 6 14
0 6 14
0 6 22
0 6 24
0 6 25
0 6 25
0 6 25
0 6 14
0 6 14
0 6 3
0 6 3
0 10 21
0 10 22
0 10 25
0 10 14
0 10 14
0 10 30
0 10 26
0 10 3
0 10 2
0 5 23
0 5 12
0 5 12
0 5 12
0 5 12
0 5 14
0 5 4
0 5 4
0 5 3
0 5 3
0 8 24
0 8 25
0 8 25
0 8 25
0 8 25
0 8 25
0 8 25
0 8 31
0 5 23
0 5 23
0 5 23
0 5 12
0 5 12
0 5 30
0 5 26
0 5 4
0 5 4
0 2 21
0 2 10
0 2 22
0 2 22
0 2 22
0 2 22
0 2 22
0 2 4
0 2 2
0 5 21
0 5 21
0 5 10
0 5 22
0 5 22
0 5 22
0 5 0
0 5 0
0 5 0
0 5 0
0 3 22
0 3 25
0 3 25
0 3 26
0 3 26
0 3 31
0 3 31
0 3 4
0 3 3
0 2 21
0 2 23
0 2 13
0 2 25
0 2 26
0 2 26
0 2 3
0 2 4
0 2 3
0 2 3
0 1 11
0 2 22
0 1 24
0 1 25
0 2 26
0 2 26
0 2 26
0 5 3
0 2 3
0 2 14
0 5 4
0 7 22
