# Parameters: nPorts nContainers
13 4090
# Transport type: id length=(20,40) weight type=(DC,RC,HC,HR)
0 20 3 DC
1 20 9 DC
2 20 14 DC
3 20 21 DC
4 20 27 DC
5 20 3 RC
6 20 9 RC
7 20 14 RC
8 20 21 RC
9 20 27 RC
10 40 3 DC
11 40 6 DC
12 40 9 DC
13 40 14 DC
14 40 21 DC
15 40 27 DC
16 40 3 RC
17 40 9 RC
18 40 14 RC
19 40 21 RC
20 40 27 RC
21 40 3 HC
22 40 6 HC
23 40 9 HC
24 40 14 HC
25 40 21 HC
26 40 27 HC
27 40 3 HR
28 40 9 HR
29 40 14 HR
30 40 21 HR
31 40 27 HR
32 40 3 HC
33 40 6 HC
34 40 9 HC
35 40 14 HC
36 40 21 HC
37 40 27 HC
# Container: startPort endPort typeId [bay stack tier slot]
0 3 2 1 4 10 1
0 3 3 1 4 10 2
0 3 25 1 4 11 1
0 3 24 1 4 12 1
0 3 23 1 4 13 1
0 3 22 1 4 14 1
0 3 22 1 4 15 1
0 8 15 1 5 10 1
0 8 26 1 5 11 1
0 8 25 1 5 12 1
0 8 25 1 5 13 1
0 8 25 1 5 14 1
0 8 25 1 5 15 1
0 8 2 1 11 10 1
0 8 3 1 11 10 2
0 8 26 1 11 11 1
0 8 25 1 11 12 1
0 8 25 1 11 13 1
0 8 25 1 11 14 1
0 8 25 1 11 15 1
0 4 3 1 12 10 1
0 4 3 1 12 10 2
0 4 26 1 12 11 1
0 4 26 1 12 12 1
0 4 14 1 12 13 1
0 4 14 1 12 14 1
0 4 25 1 12 15 1
0 7 2 1 10 7 1
0 7 3 1 10 7 2
0 2 3 2 2 10 1
0 2 3 2 2 10 2
0 2 14 2 2 11 1
0 2 25 2 2 12 1
0 3 3 2 3 10 1
0 3 3 2 3 10 2
0 3 14 2 3 11 1
0 3 24 2 3 12 1
0 2 14 2 5 10 1
0 2 14 2 5 11 1
0 2 14 2 5 12 1
0 2 14 2 5 13 1
0 3 24 2 6 10 1
0 3 23 2 7 10 1
0 3 14 2 8 10 1
0 8 14 2 9 10 1
0 3 26 2 10 10 1
0 3 14 2 3 7 1
0 3 23 2 3 8 1
0 7 4 2 4 7 1
0 7 4 2 4 7 2
0 1 3 2 6 5 1
0 1 3 2 6 5 2
0 1 3 2 6 6 1
0 1 3 2 6 6 2
0 1 3 2 6 7 1
0 1 3 2 6 7 2
0 2 0 2 6 8 1
0 2 3 2 6 8 2
0 8 26 2 7 3 1
0 8 14 2 7 4 1
0 8 14 2 7 5 1
0 8 14 2 7 6 1
0 8 14 2 7 7 1
0 8 14 2 7 8 1
0 7 3 2 8 0 1
0 7 3 2 8 0 2
0 7 15 2 8 1 1
0 7 15 2 8 2 1
0 7 26 2 8 3 1
0 7 26 2 8 4 1
0 7 25 2 8 5 1
0 7 25 2 8 6 1
0 7 25 2 8 7 1
0 7 2 2 9 3 1
0 7 4 2 9 3 2
0 7 15 2 9 4 1
0 7 26 2 9 5 1
0 7 24 2 9 6 1
0 7 24 2 9 7 1
0 2 3 2 11 6 1
0 2 3 2 11 6 2
0 2 23 2 11 7 1
0 2 11 2 11 8 1
0 3 3 3 0 10 1
0 3 4 3 0 10 2
0 3 26 3 0 11 1
0 3 25 3 0 12 1
0 3 25 3 0 13 1
0 3 22 3 0 14 1
0 3 22 3 0 15 1
0 1 25 3 2 10 1
0 1 25 3 2 11 1
0 1 13 3 2 12 1
0 1 24 3 2 13 1
0 1 24 3 2 14 1
0 1 23 3 2 15 1
0 3 3 3 3 10 1
0 3 3 3 3 10 2
0 3 25 3 3 11 1
0 3 25 3 3 12 1
0 3 25 3 3 13 1
0 3 24 3 3 14 1
0 3 10 3 3 15 1
0 3 0 3 4 10 1
0 3 3 3 4 10 2
0 3 13 3 4 11 1
0 3 24 3 4 12 1
0 3 12 3 4 13 1
0 3 23 3 4 14 1
0 3 22 3 4 15 1
0 1 23 3 5 10 1
0 1 23 3 5 11 1
0 1 11 3 5 12 1
0 1 11 3 5 13 1
0 1 22 3 5 14 1
0 1 21 3 5 15 1
0 10 25 3 7 10 1
0 10 15 3 8 10 1
0 2 3 3 12 10 1
0 2 3 3 12 10 2
0 2 2 3 12 11 1
0 2 3 3 12 11 2
0 2 14 3 12 12 1
0 2 10 3 12 13 1
0 2 26 3 13 10 1
0 2 14 3 13 11 1
0 2 14 3 13 12 1
0 2 14 3 13 13 1
0 3 3 3 2 7 1
0 3 4 3 2 7 2
0 3 22 3 2 8 1
0 3 3 3 3 6 1
0 3 3 3 3 6 2
0 3 15 3 3 7 1
0 3 22 3 3 8 1
0 9 12 3 4 5 1
0 9 12 3 4 6 1
0 9 12 3 4 7 1
0 9 23 3 4 8 1
0 3 26 3 5 4 1
0 3 26 3 5 5 1
0 3 26 3 5 6 1
0 3 14 3 5 7 1
0 4 3 3 7 1 1
0 4 4 3 7 1 2
0 4 14 3 7 2 1
0 4 14 3 7 3 1
0 4 14 3 7 4 1
0 4 14 3 7 5 1
0 4 14 3 7 6 1
0 4 14 3 7 7 1
0 4 25 3 7 8 1
0 2 4 3 8 0 1
0 2 4 3 8 0 2
0 2 3 3 8 1 1
0 2 3 3 8 1 2
0 2 3 3 8 2 1
0 2 3 3 8 2 2
0 2 14 3 8 3 1
0 2 13 3 8 4 1
0 2 24 3 8 5 1
0 2 12 3 8 6 1
0 2 12 3 8 7 1
0 2 12 3 8 8 1
0 9 25 3 9 1 1
0 9 24 3 9 2 1
0 9 24 3 9 3 1
0 9 23 3 9 4 1
0 9 23 3 9 5 1
0 9 23 3 9 6 1
0 9 23 3 9 7 1
0 8 3 3 10 3 1
0 8 3 3 10 3 2
0 8 26 3 10 4 1
0 8 25 3 10 5 1
0 8 25 3 10 6 1
0 8 24 3 10 7 1
0 2 0 3 11 4 1
0 2 0 3 11 4 2
0 2 22 3 11 5 1
0 2 22 3 11 6 1
0 2 22 3 11 7 1
0 5 3 3 12 5 1
0 5 3 3 12 5 2
0 5 2 3 12 6 1
0 5 3 3 12 6 2
0 5 0 3 12 7 1
0 5 3 3 12 7 2
0 5 25 3 12 8 1
0 4 15 3 13 6 1
0 4 14 3 13 7 1
0 4 25 3 13 8 1
0 8 3 4 7 10 1
0 8 3 4 7 10 2
0 8 26 4 7 11 1
0 8 26 4 7 12 1
0 8 25 4 7 13 1
0 8 22 4 7 14 1
0 8 21 4 7 15 1
0 8 26 4 8 10 1
0 8 14 4 8 11 1
0 8 25 4 8 12 1
0 8 25 4 8 13 1
0 8 25 4 8 14 1
0 8 25 4 8 15 1
0 3 1 4 9 10 1
0 3 3 4 9 10 2
0 3 25 4 9 11 1
0 3 25 4 9 12 1
0 3 12 4 9 13 1
0 6 23 4 9 14 1
0 6 23 4 9 15 1
0 9 0 4 4 4 1
0 9 0 4 4 4 2
0 9 0 4 4 5 1
0 9 0 4 4 5 2
0 9 11 4 4 6 1
0 9 11 4 4 7 1
0 9 11 4 4 8 1
0 2 3 4 5 3 1
0 2 4 4 5 3 2
0 2 3 4 5 4 1
0 2 3 4 5 4 2
0 2 1 4 5 5 1
0 2 3 4 5 5 2
0 2 23 4 5 6 1
0 2 10 4 5 7 1
0 2 10 4 5 8 1
0 8 15 4 6 1 1
0 8 25 4 6 2 1
0 8 25 4 6 3 1
0 8 25 4 6 4 1
0 8 25 4 6 5 1
0 8 25 4 6 6 1
0 8 25 4 6 7 1
0 9 23 4 7 0 1
0 9 23 4 7 1 1
0 9 23 4 7 2 1
0 9 23 4 7 3 1
0 9 11 4 7 4 1
0 9 11 4 7 5 1
0 9 11 4 7 6 1
0 9 22 4 7 7 1
0 8 15 4 8 0 1
0 8 15 4 8 1 1
0 8 26 4 8 2 1
0 8 14 4 8 3 1
0 8 14 4 8 4 1
0 8 14 4 8 5 1
0 8 14 4 8 6 1
0 8 14 4 8 7 1
0 8 11 4 8 8 1
0 8 1 4 9 0 1
0 8 3 4 9 0 2
0 8 15 4 9 1 1
0 8 15 4 9 2 1
0 8 15 4 9 3 1
0 8 26 4 9 4 1
0 8 14 4 9 5 1
0 8 14 4 9 6 1
0 8 14 4 9 7 1
0 8 10 4 9 8 1
0 8 0 4 10 1 1
0 8 4 4 10 1 2
0 8 26 4 10 2 1
0 8 26 4 10 3 1
0 8 14 4 10 4 1
0 8 25 4 10 5 1
0 8 25 4 10 6 1
0 8 25 4 10 7 1
0 8 12 4 13 5 1
0 2 12 4 13 6 1
0 2 12 4 13 7 1
0 2 12 4 13 8 1
0 9 2 4 14 6 1
0 9 3 4 14 6 2
0 9 12 4 14 7 1
0 9 22 4 14 8 1
0 9 0 4 15 7 1
0 9 2 4 15 7 2
0 9 24 4 15 8 1
0 10 25 5 2 10 1
0 11 24 5 4 10 1
0 7 26 5 5 10 1
0 10 3 5 8 10 1
0 10 3 5 8 10 2
0 10 0 5 8 11 1
0 10 3 5 8 11 2
0 10 0 5 8 12 1
0 10 3 5 8 12 2
0 10 25 5 8 13 1
0 10 25 5 8 14 1
0 10 25 5 8 15 1
0 2 3 5 10 10 1
0 2 4 5 10 10 2
0 2 14 5 10 11 1
0 2 14 5 10 12 1
0 2 24 5 10 13 1
0 7 2 5 11 10 1
0 7 4 5 11 10 2
0 7 23 5 11 11 1
0 7 22 5 11 12 1
0 2 4 5 13 10 1
0 2 4 5 13 10 2
0 2 3 5 13 11 1
0 2 3 5 13 11 2
0 2 26 5 13 12 1
0 2 14 5 13 13 1
0 2 14 5 13 14 1
0 2 14 5 13 15 1
0 7 3 5 14 10 1
0 7 4 5 14 10 2
0 7 0 5 14 11 1
0 7 4 5 14 11 2
0 7 26 5 14 12 1
0 7 3 5 15 10 1
0 7 4 5 15 10 2
0 7 3 5 15 11 1
0 7 3 5 15 11 2
0 7 26 5 15 12 1
0 4 2 5 16 10 1
0 4 3 5 16 10 2
0 4 22 5 16 11 1
0 4 22 5 16 12 1
0 4 10 5 16 13 1
0 4 10 5 16 14 1
0 4 21 5 16 15 1
0 8 4 5 1 6 1
0 8 4 5 1 6 2
0 8 2 5 1 7 1
0 8 4 5 1 7 2
0 8 4 5 2 5 1
0 8 4 5 2 5 2
0 8 4 5 2 6 1
0 8 4 5 2 6 2
0 8 3 5 2 7 1
0 8 3 5 2 7 2
0 8 3 5 2 8 1
0 8 3 5 2 8 2
0 2 3 5 3 4 1
0 2 3 5 3 4 2
0 2 2 5 3 5 1
0 2 3 5 3 5 2
0 2 2 5 3 6 1
0 2 3 5 3 6 2
0 2 0 5 3 7 1
0 2 3 5 3 7 2
0 8 11 5 3 8 1
0 1 2 5 5 1 1
0 1 3 5 5 1 2
0 1 1 5 5 2 1
0 1 3 5 5 2 2
0 1 23 5 5 3 1
0 1 23 5 5 4 1
0 1 23 5 5 5 1
0 1 22 5 5 6 1
0 1 10 5 5 7 1
0 3 3 5 6 1 1
0 3 4 5 6 1 2
0 3 3 5 6 2 1
0 3 3 5 6 2 2
0 3 31 5 6 3 1
0 3 26 5 6 4 1
0 3 26 5 6 5 1
0 3 30 5 6 6 1
0 3 25 5 6 7 1
0 8 31 5 7 0 1
0 8 31 5 7 1 1
0 8 31 5 7 2 1
0 8 15 5 7 3 1
0 8 26 5 7 4 1
0 8 26 5 7 5 1
0 6 26 5 7 6 1
0 6 26 5 7 7 1
0 8 0 5 9 0 1
0 8 4 5 9 0 2
0 8 31 5 9 1 1
0 8 15 5 9 2 1
0 8 15 5 9 3 1
0 8 14 5 9 4 1
0 8 14 5 9 5 1
0 8 12 5 9 6 1
0 8 12 5 9 7 1
0 8 10 5 9 8 1
0 8 1 5 10 1 1
0 8 1 5 10 1 2
0 8 29 5 10 2 1
0 8 24 5 10 3 1
0 8 24 5 10 4 1
0 8 28 5 10 5 1
0 8 23 5 10 6 1
0 8 10 5 10 7 1
0 8 3 5 11 1 1
0 8 4 5 11 1 2
0 8 3 5 11 2 1
0 8 4 5 11 2 2
0 8 31 5 11 3 1
0 8 26 5 11 4 1
0 8 26 5 11 5 1
0 8 26 5 11 6 1
0 8 25 5 11 7 1
0 9 14 5 13 4 1
0 9 14 5 13 5 1
0 9 13 5 13 6 1
0 9 11 5 13 7 1
0 9 22 5 13 8 1
0 8 25 6 1 10 1
0 8 25 6 1 11 1
0 8 23 6 1 12 1
0 6 3 6 2 10 1
0 6 4 6 2 10 2
0 6 0 6 2 11 1
0 6 3 6 2 11 2
0 6 23 6 2 12 1
0 6 23 6 2 13 1
0 6 23 6 2 14 1
0 6 23 6 2 15 1
0 6 22 6 2 16 1
0 6 4 6 4 10 1
0 6 4 6 4 10 2
0 6 24 6 4 11 1
0 6 24 6 4 12 1
0 6 12 6 4 13 1
0 6 23 6 4 14 1
0 6 23 6 4 15 1
0 6 22 6 4 16 1
0 9 13 6 3 2 1
0 9 24 6 3 3 1
0 3 0 6 7 0 1
0 3 4 6 7 0 2
0 3 26 6 7 1 1
0 3 26 6 7 2 1
0 3 26 6 7 3 1
0 3 26 6 7 4 1
0 3 22 6 7 5 1
0 3 22 6 7 6 1
0 3 21 6 7 7 1
0 8 3 6 8 0 1
0 8 4 6 8 0 2
0 8 3 6 8 1 1
0 8 4 6 8 1 2
0 8 3 6 8 2 1
0 8 4 6 8 2 2
0 8 15 6 8 3 1
0 8 15 6 8 4 1
0 8 26 6 8 5 1
0 8 14 6 8 6 1
0 8 14 6 8 7 1
0 8 14 6 8 8 1
0 9 0 6 10 0 1
0 9 4 6 10 0 2
0 9 25 6 10 1 1
0 9 24 6 10 2 1
0 9 24 6 10 3 1
0 9 23 6 10 4 1
0 9 23 6 10 5 1
0 9 11 6 10 6 1
0 9 22 6 10 7 1
0 3 14 6 11 1 1
0 3 14 6 11 2 1
0 3 14 6 11 3 1
0 3 25 6 11 4 1
0 3 25 6 11 5 1
0 3 23 6 11 6 1
0 3 21 6 11 7 1
0 9 13 6 12 1 1
0 9 13 6 12 2 1
0 9 24 6 12 3 1
0 9 24 6 12 4 1
0 9 24 6 12 5 1
0 9 24 6 12 6 1
0 9 23 6 12 7 1
0 3 2 6 13 2 1
0 3 3 6 13 2 2
0 3 1 6 13 3 1
0 3 3 6 13 3 2
0 3 22 6 13 4 1
0 3 22 6 13 5 1
0 3 10 6 13 6 1
0 3 21 6 13 7 1
0 3 1 6 15 5 1
0 3 3 6 15 5 2
0 3 14 6 15 6 1
0 3 14 6 15 7 1
0 3 25 6 15 8 1
0 3 3 7 0 10 1
0 3 4 7 0 10 2
0 3 25 7 0 11 1
0 3 25 7 0 12 1
0 3 25 7 0 13 1
0 3 25 7 0 14 1
0 3 21 7 0 15 1
0 3 21 7 0 16 1
0 3 25 7 1 10 1
0 3 25 7 1 11 1
0 3 25 7 1 12 1
0 3 25 7 1 13 1
0 3 25 7 1 14 1
0 3 25 7 1 15 1
0 3 21 7 1 16 1
0 3 4 7 2 10 1
0 3 4 7 2 10 2
0 2 15 7 3 10 1
0 2 15 7 3 11 1
0 2 15 7 3 12 1
0 2 15 7 3 13 1
0 2 15 7 3 14 1
0 3 25 7 4 10 1
0 3 25 7 4 11 1
0 3 25 7 4 12 1
0 3 25 7 4 13 1
0 3 25 7 4 14 1
0 3 25 7 4 15 1
0 3 24 7 4 16 1
0 9 25 7 7 10 1
0 9 25 7 7 11 1
0 9 24 7 7 12 1
0 9 24 7 7 13 1
0 9 24 7 7 14 1
0 9 24 7 7 15 1
0 9 24 7 7 16 1
0 4 31 7 8 10 1
0 4 31 7 8 11 1
0 4 26 7 8 12 1
0 4 26 7 8 13 1
0 4 25 7 8 14 1
0 4 25 7 8 15 1
0 4 23 7 8 16 1
0 7 0 7 12 10 1
0 7 2 7 12 10 2
0 7 24 7 12 11 1
0 7 28 7 12 12 1
0 7 23 7 12 13 1
0 3 14 7 1 4 1
0 3 14 7 1 5 1
0 3 14 7 1 6 1
0 3 23 7 1 7 1
0 3 11 7 1 8 1
0 8 15 7 2 4 1
0 8 15 7 2 5 1
0 8 14 7 2 6 1
0 8 12 7 2 7 1
0 8 23 7 2 8 1
0 4 22 7 3 4 1
0 4 22 7 3 5 1
0 4 21 7 3 6 1
0 4 21 7 3 7 1
0 9 0 7 4 4 1
0 9 3 7 4 4 2
0 9 14 7 4 5 1
0 9 11 7 4 6 1
0 9 11 7 4 7 1
0 9 22 7 4 8 1
0 4 14 7 5 4 1
0 4 14 7 5 5 1
0 4 14 7 5 6 1
0 4 13 7 5 7 1
0 4 24 7 5 8 1
0 1 3 7 6 4 1
0 1 3 7 6 4 2
0 1 2 7 6 5 1
0 1 3 7 6 5 2
0 1 2 7 6 6 1
0 1 3 7 6 6 2
0 1 23 7 6 7 1
0 1 11 7 6 8 1
0 4 14 7 7 4 1
0 4 14 7 7 5 1
0 4 14 7 7 6 1
0 4 14 7 7 7 1
0 4 25 7 7 8 1
0 4 4 7 8 4 1
0 4 4 7 8 4 2
0 4 14 7 8 5 1
0 4 14 7 8 6 1
0 4 14 7 8 7 1
0 4 25 7 8 8 1
0 4 3 7 9 4 1
0 4 4 7 9 4 2
0 4 3 7 9 5 1
0 4 3 7 9 5 2
0 4 12 7 9 6 1
0 4 12 7 9 7 1
0 4 22 7 9 8 1
0 7 0 7 10 4 1
0 7 4 7 10 4 2
0 7 15 7 10 5 1
0 7 14 7 10 6 1
0 7 25 7 10 7 1
0 7 13 7 10 8 1
0 8 15 7 11 4 1
0 8 15 7 11 5 1
0 8 14 7 11 6 1
0 8 14 7 11 7 1
0 8 24 7 11 8 1
0 8 3 7 12 4 1
0 8 3 7 12 4 2
0 8 3 7 12 5 1
0 8 3 7 12 5 2
0 8 25 7 12 6 1
0 8 25 7 12 7 1
0 9 12 7 14 4 1
0 9 12 7 14 5 1
0 9 11 7 14 6 1
0 9 22 7 14 7 1
0 9 10 7 14 8 1
0 8 3 7 15 4 1
0 8 3 7 15 4 2
0 8 25 7 15 5 1
0 8 25 7 15 6 1
0 8 23 7 15 7 1
0 7 4 8 0 10 1
0 7 4 8 0 10 2
0 7 30 8 0 11 1
0 7 30 8 0 12 1
0 7 25 8 0 13 1
0 7 25 8 0 14 1
0 7 25 8 0 15 1
0 7 24 8 0 16 1
0 7 23 8 0 17 1
0 7 4 8 1 10 1
0 7 4 8 1 10 2
0 7 3 8 1 11 1
0 7 4 8 1 11 2
0 7 31 8 1 12 1
0 7 26 8 1 13 1
0 7 26 8 1 14 1
0 7 14 8 1 15 1
0 7 23 8 1 16 1
0 7 10 8 1 17 1
0 7 3 8 2 10 1
0 7 4 8 2 10 2
0 7 3 8 2 11 1
0 7 4 8 2 11 2
0 7 3 8 2 12 1
0 7 4 8 2 12 2
0 7 26 8 2 13 1
0 7 14 8 2 14 1
0 7 25 8 2 15 1
0 7 10 8 2 16 1
0 7 21 8 2 17 1
0 7 4 8 5 10 1
0 7 4 8 5 10 2
0 7 3 8 5 11 1
0 7 4 8 5 11 2
0 7 31 8 5 12 1
0 7 26 8 5 13 1
0 7 14 8 5 14 1
0 7 22 8 5 15 1
0 1 3 8 6 10 1
0 1 4 8 6 10 2
0 1 3 8 6 11 1
0 1 4 8 6 11 2
0 1 0 8 6 12 1
0 1 3 8 6 12 2
0 1 22 8 6 13 1
0 1 22 8 6 14 1
0 1 22 8 6 15 1
0 1 10 8 6 16 1
0 1 10 8 6 17 1
0 1 3 8 7 10 1
0 1 4 8 7 10 2
0 1 1 8 7 11 1
0 1 4 8 7 11 2
0 1 0 8 7 12 1
0 1 3 8 7 12 2
0 1 23 8 7 13 1
0 1 11 8 7 14 1
0 1 11 8 7 15 1
0 1 11 8 7 16 1
0 1 22 8 7 17 1
0 1 3 8 8 10 1
0 1 3 8 8 10 2
0 1 24 8 8 11 1
0 1 24 8 8 12 1
0 1 24 8 8 13 1
0 1 23 8 8 14 1
0 1 23 8 8 15 1
0 1 11 8 8 16 1
0 1 21 8 8 17 1
0 1 4 8 9 10 1
0 1 4 8 9 10 2
0 1 31 8 9 11 1
0 1 31 8 9 12 1
0 1 26 8 9 13 1
0 1 26 8 9 14 1
0 1 25 8 9 15 1
0 1 31 8 10 10 1
0 1 31 8 10 11 1
0 1 31 8 10 12 1
0 1 26 8 10 13 1
0 7 26 8 1 1 1
0 7 26 8 1 2 1
0 7 26 8 1 3 1
0 7 14 8 1 4 1
0 7 25 8 1 5 1
0 7 25 8 1 6 1
0 7 11 8 1 7 1
0 9 13 8 2 0 1
0 9 13 8 2 1 1
0 9 12 8 2 2 1
0 9 12 8 2 3 1
0 9 12 8 2 4 1
0 9 11 8 2 5 1
0 9 11 8 2 6 1
0 9 22 8 2 7 1
0 9 10 8 2 8 1
0 8 4 8 3 0 1
0 8 4 8 3 0 2
0 8 3 8 3 1 1
0 8 4 8 3 1 2
0 8 25 8 3 2 1
0 8 25 8 3 3 1
0 8 13 8 3 4 1
0 8 24 8 3 5 1
0 8 23 8 3 6 1
0 8 23 8 3 7 1
0 7 3 8 4 0 1
0 7 4 8 4 0 2
0 7 3 8 4 1 1
0 7 4 8 4 1 2
0 7 3 8 4 2 1
0 7 3 8 4 2 2
0 7 25 8 4 3 1
0 7 25 8 4 4 1
0 7 23 8 4 5 1
0 7 11 8 4 6 1
0 7 22 8 4 7 1
0 9 3 8 5 0 1
0 9 4 8 5 0 2
0 9 3 8 5 1 1
0 9 4 8 5 1 2
0 9 14 8 5 2 1
0 9 25 8 5 3 1
0 9 25 8 5 4 1
0 9 23 8 5 5 1
0 9 23 8 5 6 1
0 9 11 8 5 7 1
0 6 25 8 6 0 1
0 6 25 8 6 1 1
0 6 25 8 6 2 1
0 6 25 8 6 3 1
0 9 23 8 6 4 1
0 9 11 8 6 5 1
0 9 11 8 6 6 1
0 9 11 8 6 7 1
0 8 3 8 8 0 1
0 8 4 8 8 0 2
0 8 3 8 8 1 1
0 8 4 8 8 1 2
0 8 15 8 8 2 1
0 8 26 8 8 3 1
0 8 26 8 8 4 1
0 8 26 8 8 5 1
0 9 22 8 8 6 1
0 9 10 8 8 7 1
0 8 26 8 9 0 1
0 8 26 8 9 1 1
0 8 14 8 9 2 1
0 8 14 8 9 3 1
0 8 25 8 9 4 1
0 8 25 8 9 5 1
0 8 25 8 9 6 1
0 8 24 8 9 7 1
0 2 3 8 10 0 1
0 2 4 8 10 0 2
0 2 3 8 10 1 1
0 2 4 8 10 1 2
0 2 3 8 10 2 1
0 2 4 8 10 2 2
0 2 3 8 10 3 1
0 1 4 8 10 3 2
0 1 3 8 10 4 1
0 1 4 8 10 4 2
0 1 3 8 10 5 1
0 1 3 8 10 5 2
0 1 13 8 10 6 1
0 1 13 8 10 7 1
0 1 24 8 10 8 1
0 2 14 8 11 0 1
0 2 13 8 11 1 1
0 2 13 8 11 2 1
0 2 13 8 11 3 1
0 2 13 8 11 4 1
0 2 13 8 11 5 1
0 2 11 8 11 6 1
0 2 11 8 11 7 1
0 2 21 8 11 8 1
0 2 0 8 12 0 1
0 2 2 8 12 0 2
0 2 23 8 12 1 1
0 2 23 8 12 2 1
0 2 22 8 12 3 1
0 2 22 8 12 4 1
0 2 22 8 12 5 1
0 2 22 8 12 6 1
0 2 21 8 12 7 1
0 2 3 8 13 0 1
0 2 4 8 13 0 2
0 2 3 8 13 1 1
0 2 3 8 13 1 2
0 2 3 8 13 2 1
0 2 3 8 13 2 2
0 2 3 8 13 3 1
0 2 3 8 13 3 2
0 2 14 8 13 4 1
0 2 12 8 13 5 1
0 2 12 8 13 6 1
0 2 12 8 13 7 1
0 2 22 8 13 8 1
0 8 4 8 15 1 1
0 8 4 8 15 1 2
0 8 3 8 15 2 1
0 8 4 8 15 2 2
0 8 3 8 15 3 1
0 8 4 8 15 3 2
0 8 2 8 15 4 1
0 8 4 8 15 4 2
0 8 24 8 15 5 1
0 8 23 8 15 6 1
0 8 23 8 15 7 1
0 3 26 9 6 10 1
0 3 14 9 6 11 1
0 3 25 9 6 12 1
0 3 25 9 6 13 1
0 3 25 9 6 14 1
0 3 11 9 6 15 1
0 3 22 9 6 16 1
0 3 10 9 6 17 1
0 1 3 9 7 10 1
0 1 4 9 7 10 2
0 1 3 9 7 11 1
0 1 4 9 7 11 2
0 1 0 9 7 12 1
0 1 4 9 7 12 2
0 1 0 9 7 13 1
0 1 3 9 7 13 2
0 1 22 9 7 14 1
0 1 22 9 7 15 1
0 1 10 9 7 16 1
0 1 10 9 7 17 1
0 1 15 9 8 10 1
0 1 15 9 8 11 1
0 1 26 9 8 12 1
0 1 14 9 8 13 1
0 1 25 9 8 14 1
0 1 24 9 8 15 1
0 1 23 9 8 16 1
0 3 23 9 8 17 1
0 1 3 9 9 10 1
0 1 4 9 9 10 2
0 1 3 9 9 11 1
0 1 4 9 9 11 2
0 1 2 9 9 12 1
0 1 3 9 9 12 2
0 1 1 9 9 13 1
0 1 3 9 9 13 2
0 1 0 9 9 14 1
0 1 1 9 9 14 2
0 1 23 9 9 15 1
0 1 23 9 9 16 1
0 1 22 9 9 17 1
0 1 3 9 10 10 1
0 1 3 9 10 10 2
0 1 0 9 10 11 1
0 1 3 9 10 11 2
0 1 25 9 10 12 1
0 1 25 9 10 13 1
0 1 25 9 10 14 1
0 1 24 9 10 15 1
0 1 23 9 10 16 1
0 1 23 9 10 17 1
0 8 4 9 12 10 1
0 8 4 9 12 10 2
0 8 3 9 12 11 1
0 8 4 9 12 11 2
0 8 31 9 12 12 1
0 8 26 9 12 13 1
0 8 25 9 12 14 1
0 8 25 9 12 15 1
0 8 24 9 12 16 1
0 8 3 9 3 0 1
0 8 4 9 3 0 2
0 8 30 9 3 1 1
0 8 25 9 3 2 1
0 8 25 9 3 3 1
0 8 28 9 3 4 1
0 8 28 9 3 5 1
0 8 11 9 3 6 1
0 8 22 9 3 7 1
0 4 0 9 4 0 1
0 4 3 9 4 0 2
0 4 25 9 4 1 1
0 4 13 9 4 2 1
0 4 24 9 4 3 1
0 4 24 9 4 4 1
0 4 28 9 4 5 1
0 4 28 9 4 6 1
0 4 12 9 4 7 1
0 7 4 9 6 0 1
0 7 4 9 6 0 2
0 7 31 9 6 1 1
0 7 31 9 6 2 1
0 7 31 9 6 3 1
0 7 31 9 6 4 1
0 7 30 9 6 5 1
0 7 30 9 6 6 1
0 7 22 9 6 7 1
0 2 6 9 7 0 1
0 2 4 9 7 0 2
0 2 30 9 7 1 1
0 2 30 9 7 2 1
0 2 30 9 7 3 1
0 2 30 9 7 4 1
0 2 30 9 7 5 1
0 2 25 9 7 6 1
0 2 23 9 7 7 1
0 2 8 9 8 0 1
0 2 3 9 8 0 2
0 2 2 9 8 1 1
0 2 3 9 8 1 2
0 2 1 9 8 2 1
0 2 3 9 8 2 2
0 2 0 9 8 3 1
0 2 3 9 8 3 2
0 2 22 9 8 4 1
0 2 22 9 8 5 1
0 2 21 9 8 6 1
0 2 21 9 8 7 1
0 4 3 9 9 0 1
0 4 4 9 9 0 2
0 4 25 9 9 1 1
0 4 25 9 9 2 1
0 4 25 9 9 3 1
0 4 25 9 9 4 1
0 4 25 9 9 5 1
0 4 24 9 9 6 1
0 4 24 9 9 7 1
0 9 0 9 10 0 1
0 9 2 9 10 0 2
0 9 29 9 10 1 1
0 9 12 9 10 2 1
0 9 12 9 10 3 1
0 9 12 9 10 4 1
0 9 11 9 10 5 1
0 9 11 9 10 6 1
0 9 11 9 10 7 1
0 9 10 9 10 8 1
0 2 3 9 11 0 1
0 2 4 9 11 0 2
0 2 3 9 11 1 1
0 2 4 9 11 1 2
0 2 2 9 11 2 1
0 2 3 9 11 2 2
0 2 30 9 11 3 1
0 2 14 9 11 4 1
0 2 14 9 11 5 1
0 2 14 9 11 6 1
0 2 12 9 11 7 1
0 2 11 9 11 8 1
0 4 0 9 12 0 1
0 4 3 9 12 0 2
0 4 24 9 12 1 1
0 4 24 9 12 2 1
0 4 24 9 12 3 1
0 4 28 9 12 4 1
0 4 11 9 12 5 1
0 4 22 9 12 6 1
0 4 21 9 12 7 1
0 4 3 9 13 0 1
0 4 4 9 13 0 2
0 4 2 9 13 1 1
0 4 4 9 13 1 2
0 4 1 9 13 2 1
0 4 3 9 13 2 2
0 4 15 9 13 3 1
0 4 13 9 13 4 1
0 4 13 9 13 5 1
0 4 13 9 13 6 1
0 4 13 9 13 7 1
0 4 22 9 13 8 1
0 11 4 9 14 0 1
0 11 4 9 14 0 2
0 11 3 9 14 1 1
0 11 4 9 14 1 2
0 11 3 9 14 2 1
0 11 4 9 14 2 2
0 11 3 9 14 3 1
0 11 4 9 14 3 2
0 11 1 9 14 4 1
0 11 4 9 14 4 2
0 11 0 9 14 5 1
0 10 3 9 14 5 2
0 11 23 9 14 6 1
0 11 22 9 14 7 1
0 4 0 9 15 1 1
0 4 4 9 15 1 2
0 4 14 9 15 2 1
0 4 14 9 15 3 1
0 4 14 9 15 4 1
0 4 13 9 15 5 1
0 4 13 9 15 6 1
0 4 24 9 15 7 1
0 4 12 9 15 8 1
0 2 4 10 6 10 1
0 2 4 10 6 10 2
0 2 3 10 6 11 1
0 2 4 10 6 11 2
0 2 26 10 6 12 1
0 2 26 10 6 13 1
0 2 26 10 6 14 1
0 2 14 10 6 15 1
0 2 25 10 6 16 1
0 2 3 10 7 10 1
0 2 4 10 7 10 2
0 2 2 10 7 11 1
0 2 3 10 7 11 2
0 2 15 10 7 12 1
0 2 15 10 7 13 1
0 2 15 10 7 14 1
0 2 15 10 7 15 1
0 2 15 10 7 16 1
0 8 4 10 8 10 1
0 8 4 10 8 10 2
0 8 4 10 8 11 1
0 8 4 10 8 11 2
0 8 3 10 8 12 1
0 8 3 10 8 12 2
0 8 2 10 8 13 1
0 8 2 10 8 13 2
0 8 14 10 8 14 1
0 8 25 10 8 15 1
0 8 13 10 8 16 1
0 8 12 10 8 17 1
0 2 3 10 9 10 1
0 2 4 10 9 10 2
0 2 3 10 9 11 1
0 2 4 10 9 11 2
0 2 31 10 9 12 1
0 2 15 10 9 13 1
0 2 15 10 9 14 1
0 2 15 10 9 15 1
0 2 14 10 9 16 1
0 1 3 10 11 10 1
0 1 4 10 11 10 2
0 1 3 10 11 11 1
0 1 3 10 11 11 2
0 1 2 10 11 12 1
0 1 3 10 11 12 2
0 1 24 10 11 13 1
0 1 24 10 11 14 1
0 1 23 10 11 15 1
0 1 23 10 11 16 1
0 1 23 10 11 17 1
0 2 3 10 12 10 1
0 2 4 10 12 10 2
0 2 3 10 12 11 1
0 2 3 10 12 11 2
0 2 23 10 12 12 1
0 2 23 10 12 13 1
0 2 23 10 12 14 1
0 2 22 10 12 15 1
0 2 22 10 12 16 1
0 2 21 10 12 17 1
0 3 3 10 13 10 1
0 3 4 10 13 10 2
0 3 3 10 13 11 1
0 3 3 10 13 11 2
0 3 3 10 13 12 1
0 3 3 10 13 12 2
0 3 25 10 13 13 1
0 3 24 10 13 14 1
0 3 24 10 13 15 1
0 3 11 10 13 16 1
0 3 22 10 13 17 1
0 9 2 10 14 10 1
0 9 3 10 14 10 2
0 9 25 10 14 11 1
0 9 24 10 14 12 1
0 9 24 10 14 13 1
0 9 24 10 14 14 1
0 9 24 10 14 15 1
0 9 24 10 14 16 1
0 9 23 10 14 17 1
0 3 30 10 15 10 1
0 3 24 10 15 11 1
0 3 12 10 15 12 1
0 3 23 10 15 13 1
0 3 11 10 15 14 1
0 1 22 10 15 15 1
0 1 21 10 15 16 1
0 4 0 10 16 10 1
0 4 3 10 16 10 2
0 4 13 10 16 11 1
0 4 24 10 16 12 1
0 4 24 10 16 13 1
0 4 23 10 16 14 1
0 4 11 10 16 15 1
0 4 22 10 16 16 1
0 3 22 10 16 17 1
0 2 2 10 1 1 1
0 2 3 10 1 1 2
0 2 0 10 1 2 1
0 2 2 10 1 2 2
0 2 11 10 1 3 1
0 2 11 10 1 4 1
0 2 11 10 1 5 1
0 2 11 10 1 6 1
0 2 10 10 1 7 1
0 2 21 10 1 8 1
0 7 3 10 3 0 1
0 7 3 10 3 0 2
0 7 14 10 3 1 1
0 7 14 10 3 2 1
0 7 25 10 3 3 1
0 7 25 10 3 4 1
0 7 25 10 3 5 1
0 7 13 10 3 6 1
0 7 10 10 3 7 1
0 2 3 10 5 0 1
0 2 4 10 5 0 2
0 2 3 10 5 1 1
0 2 4 10 5 1 2
0 2 15 10 5 2 1
0 2 25 10 5 3 1
0 2 25 10 5 4 1
0 2 25 10 5 5 1
0 6 24 10 5 6 1
0 2 22 10 5 7 1
0 2 3 10 6 0 1
0 2 3 10 6 0 2
0 2 3 10 6 1 1
0 2 3 10 6 1 2
0 2 14 10 6 2 1
0 2 14 10 6 3 1
0 2 14 10 6 4 1
0 2 14 10 6 5 1
0 2 14 10 6 6 1
0 2 14 10 6 7 1
0 2 25 10 6 8 1
0 8 25 10 7 0 1
0 8 25 10 7 1 1
0 8 25 10 7 2 1
0 8 25 10 7 3 1
0 8 25 10 7 4 1
0 8 25 10 7 5 1
0 8 24 10 7 6 1
0 8 22 10 7 7 1
0 3 22 10 8 0 1
0 3 22 10 8 1 1
0 3 22 10 8 2 1
0 3 22 10 8 3 1
0 3 22 10 8 4 1
0 3 22 10 8 5 1
0 3 10 10 8 6 1
0 3 10 10 8 7 1
0 3 24 10 9 0 1
0 3 24 10 9 1 1
0 3 24 10 9 2 1
0 3 24 10 9 3 1
0 3 11 10 9 4 1
0 3 21 10 9 5 1
0 3 21 10 9 6 1
0 3 21 10 9 7 1
0 3 3 10 10 0 1
0 3 4 10 10 0 2
0 3 3 10 10 1 1
0 3 3 10 10 1 2
0 3 15 10 10 2 1
0 3 14 10 10 3 1
0 3 14 10 10 4 1
0 3 14 10 10 5 1
0 3 14 10 10 6 1
0 3 14 10 10 7 1
0 3 22 10 10 8 1
0 5 3 10 11 0 1
0 5 3 10 11 0 2
0 5 26 10 11 1 1
0 5 26 10 11 2 1
0 5 26 10 11 3 1
0 5 26 10 11 4 1
0 5 26 10 11 5 1
0 5 26 10 11 6 1
0 5 25 10 11 7 1
0 7 25 10 12 0 1
0 7 25 10 12 1 1
0 7 25 10 12 2 1
0 7 25 10 12 3 1
0 7 24 10 12 4 1
0 7 12 10 12 5 1
0 9 23 10 12 6 1
0 7 22 10 12 7 1
0 7 3 10 13 0 1
0 7 4 10 13 0 2
0 7 1 10 13 1 1
0 7 4 10 13 1 2
0 7 1 10 13 2 1
0 7 3 10 13 2 2
0 7 14 10 13 3 1
0 7 13 10 13 4 1
0 7 13 10 13 5 1
0 7 22 10 13 6 1
0 7 10 10 13 7 1
0 7 10 10 13 8 1
0 7 0 10 14 0 1
0 7 4 10 14 0 2
0 7 15 10 14 1 1
0 7 14 10 14 2 1
0 7 14 10 14 3 1
0 7 14 10 14 4 1
0 7 14 10 14 5 1
0 7 12 10 14 6 1
0 7 11 10 14 7 1
0 7 21 10 14 8 1
0 5 4 10 15 1 1
0 5 4 10 15 1 2
0 5 26 10 15 2 1
0 5 26 10 15 3 1
0 5 14 10 15 4 1
0 5 14 10 15 5 1
0 5 25 10 15 6 1
0 5 23 10 15 7 1
0 11 4 11 0 10 1
0 11 4 11 0 10 2
0 11 4 11 0 11 1
0 11 4 11 0 11 2
0 11 4 11 0 12 1
0 11 4 11 0 12 2
0 11 15 11 0 13 1
0 11 26 11 0 14 1
0 11 26 11 0 15 1
0 8 3 11 3 10 1
0 8 4 11 3 10 2
0 8 3 11 3 11 1
0 8 4 11 3 11 2
0 8 3 11 3 12 1
0 8 4 11 3 12 2
0 8 25 11 3 13 1
0 8 25 11 3 14 1
0 8 25 11 3 15 1
0 8 23 11 3 16 1
0 8 21 11 3 17 1
0 8 30 11 5 10 1
0 8 30 11 5 11 1
0 8 30 11 5 12 1
0 8 25 11 5 13 1
0 8 25 11 5 14 1
0 8 25 11 5 15 1
0 8 25 11 5 16 1
0 1 31 11 12 10 1
0 1 31 11 12 11 1
0 1 31 11 12 12 1
0 1 15 11 12 13 1
0 1 15 11 12 14 1
0 1 3 11 14 10 1
0 1 4 11 14 10 2
0 1 14 11 14 11 1
0 1 25 11 14 12 1
0 1 25 11 14 13 1
0 1 25 11 14 14 1
0 1 24 11 14 15 1
0 1 24 11 14 16 1
0 1 24 11 14 17 1
0 9 0 11 2 4 1
0 9 3 11 2 4 2
0 9 0 11 2 5 1
0 9 2 11 2 5 2
0 9 11 11 2 6 1
0 9 22 11 2 7 1
0 9 3 11 3 4 1
0 9 4 11 3 4 2
0 9 3 11 3 5 1
0 9 4 11 3 5 2
0 9 3 11 3 6 1
0 9 4 11 3 6 2
0 9 3 11 3 7 1
0 9 3 11 3 7 2
0 9 3 11 3 8 1
0 9 1 11 3 8 2
0 9 3 11 4 4 1
0 9 4 11 4 4 2
0 9 1 11 4 5 1
0 9 3 11 4 5 2
0 9 15 11 4 6 1
0 9 14 11 4 7 1
0 9 23 11 4 8 1
0 2 4 11 6 4 1
0 2 4 11 6 4 2
0 2 4 11 6 5 1
0 2 4 11 6 5 2
0 2 3 11 6 6 1
0 2 4 11 6 6 2
0 2 13 11 6 7 1
0 2 23 11 6 8 1
0 10 3 11 7 4 1
0 10 4 11 7 4 2
0 10 3 11 7 5 1
0 10 4 11 7 5 2
0 10 3 11 7 6 1
0 10 4 11 7 6 2
0 10 3 11 7 7 1
0 10 3 11 7 7 2
0 10 25 11 7 8 1
0 6 3 11 9 4 1
0 6 3 11 9 4 2
0 6 3 11 9 5 1
0 6 3 11 9 5 2
0 6 3 11 9 6 1
0 6 3 11 9 6 2
0 6 3 11 9 7 1
0 6 3 11 9 7 2
0 6 3 11 9 8 1
0 6 3 11 9 8 2
0 9 13 11 10 4 1
0 9 12 11 10 5 1
0 9 12 11 10 6 1
0 9 12 11 10 7 1
0 9 23 11 10 8 1
0 2 2 11 11 4 1
0 2 4 11 11 4 2
0 2 2 11 11 5 1
0 2 3 11 11 5 2
0 2 1 11 11 6 1
0 2 3 11 11 6 2
0 2 14 11 11 7 1
0 2 14 11 11 8 1
0 3 3 11 12 4 1
0 3 3 11 12 4 2
0 3 3 11 12 5 1
0 3 3 11 12 5 2
0 3 3 11 12 6 1
0 3 3 11 12 6 2
0 3 3 11 12 7 1
0 3 3 11 12 7 2
0 3 3 11 12 8 1
0 3 3 11 12 8 2
0 5 3 11 13 4 1
0 5 4 11 13 4 2
0 5 3 11 13 5 1
0 5 4 11 13 5 2
0 5 3 11 13 6 1
0 5 4 11 13 6 2
0 5 3 11 13 7 1
0 5 4 11 13 7 2
0 5 25 11 13 8 1
0 2 4 11 14 4 1
0 2 4 11 14 4 2
0 2 4 11 14 5 1
0 2 4 11 14 5 2
0 2 13 11 14 6 1
0 2 11 11 14 7 1
0 2 21 11 14 8 1
0 3 3 11 15 4 1
0 3 4 11 15 4 2
0 1 3 11 15 5 1
0 1 4 11 15 5 2
0 1 3 11 15 6 1
0 1 4 11 15 6 2
0 1 3 11 15 7 1
0 1 3 11 15 7 2
0 1 26 11 15 8 1
0 3 7 12 0 10 1
0 3 4 12 0 10 2
0 3 30 12 0 11 1
0 3 24 12 0 12 1
0 3 24 12 0 13 1
0 3 24 12 0 14 1
0 3 22 12 0 15 1
0 3 22 12 0 16 1
0 3 10 12 0 17 1
0 3 3 12 1 10 1
0 3 3 12 1 10 2
0 3 30 12 1 11 1
0 3 25 12 1 12 1
0 3 25 12 1 13 1
0 3 25 12 1 14 1
0 3 25 12 1 15 1
0 3 23 12 1 16 1
0 3 22 12 1 17 1
0 4 4 12 2 10 1
0 4 4 12 2 10 2
0 4 3 12 2 11 1
0 4 4 12 2 11 2
0 4 25 12 2 12 1
0 4 25 12 2 13 1
0 4 25 12 2 14 1
0 4 13 12 2 15 1
0 4 24 12 2 16 1
0 4 24 12 2 17 1
0 3 1 12 3 10 1
0 3 3 12 3 10 2
0 3 25 12 3 11 1
0 3 25 12 3 12 1
0 3 25 12 3 13 1
0 3 23 12 3 14 1
0 3 22 12 3 15 1
0 4 22 12 3 16 1
0 4 22 12 3 17 1
0 3 8 12 4 10 1
0 3 4 12 4 10 2
0 3 3 12 4 11 1
0 3 3 12 4 11 2
0 3 7 12 4 12 1
0 3 3 12 4 12 2
0 3 25 12 4 13 1
0 3 25 12 4 14 1
0 3 25 12 4 15 1
0 3 25 12 4 16 1
0 3 23 12 4 17 1
0 3 3 12 5 10 1
0 3 4 12 5 10 2
0 3 2 12 5 11 1
0 3 3 12 5 11 2
0 3 22 12 5 12 1
0 3 22 12 5 13 1
0 3 22 12 5 14 1
0 3 21 12 5 15 1
0 3 21 12 5 16 1
0 3 21 12 5 17 1
0 2 3 12 8 10 1
0 2 4 12 8 10 2
0 2 3 12 8 11 1
0 2 4 12 8 11 2
0 2 1 12 8 12 1
0 2 3 12 8 12 2
0 2 23 12 8 13 1
0 2 23 12 8 14 1
0 2 23 12 8 15 1
0 2 22 12 8 16 1
0 2 21 12 8 17 1
0 2 1 12 10 10 1
0 2 3 12 10 10 2
0 2 30 12 10 11 1
0 2 23 12 10 12 1
0 2 11 12 10 13 1
0 2 22 12 10 14 1
0 2 22 12 10 15 1
0 2 22 12 10 16 1
0 2 22 12 10 17 1
0 2 4 12 15 10 1
0 2 4 12 15 10 2
0 2 3 12 15 11 1
0 2 4 12 15 11 2
0 2 3 12 15 12 1
0 2 2 12 15 12 2
0 2 26 12 15 13 1
0 2 26 12 15 14 1
0 2 14 12 15 15 1
0 2 14 12 15 16 1
0 3 4 12 16 10 1
0 3 4 12 16 10 2
0 3 4 12 16 11 1
0 3 4 12 16 11 2
0 3 3 12 16 12 1
0 3 3 12 16 12 2
0 3 3 12 16 13 1
0 3 3 12 16 13 2
0 3 26 12 16 14 1
0 3 12 12 16 15 1
0 3 12 12 16 16 1
0 3 22 12 16 17 1
0 8 0 12 1 1 1
0 8 3 12 1 1 2
0 8 25 12 1 2 1
0 8 25 12 1 3 1
0 8 24 12 1 4 1
0 8 24 12 1 5 1
0 8 11 12 1 6 1
0 8 22 12 1 7 1
0 7 3 12 2 0 1
0 7 4 12 2 0 2
0 7 2 12 2 1 1
0 7 3 12 2 1 2
0 7 25 12 2 2 1
0 7 25 12 2 3 1
0 7 25 12 2 4 1
0 7 25 12 2 5 1
0 7 25 12 2 6 1
0 7 22 12 2 7 1
0 8 2 12 3 0 1
0 8 2 12 3 0 2
0 8 15 12 3 1 1
0 8 15 12 3 2 1
0 8 14 12 3 3 1
0 8 14 12 3 4 1
0 8 14 12 3 5 1
0 8 14 12 3 6 1
0 8 23 12 3 7 1
0 8 11 12 3 8 1
0 8 15 12 4 0 1
0 8 15 12 4 1 1
0 8 26 12 4 2 1
0 8 14 12 4 3 1
0 8 14 12 4 4 1
0 8 25 12 4 5 1
0 8 24 12 4 6 1
0 8 23 12 4 7 1
0 8 0 12 5 0 1
0 8 4 12 5 0 2
0 8 0 12 5 1 1
0 8 3 12 5 1 2
0 8 12 12 5 2 1
0 8 23 12 5 3 1
0 8 11 12 5 4 1
0 8 22 12 5 5 1
0 8 22 12 5 6 1
0 8 10 12 5 7 1
0 3 2 12 6 0 1
0 3 3 12 6 0 2
0 3 22 12 6 1 1
0 3 22 12 6 2 1
0 3 22 12 6 3 1
0 3 22 12 6 4 1
0 3 22 12 6 5 1
0 3 10 12 6 6 1
0 3 21 12 6 7 1
0 4 3 12 7 0 1
0 4 3 12 7 0 2
0 4 2 12 7 1 1
0 4 3 12 7 1 2
0 4 2 12 7 2 1
0 4 3 12 7 2 2
0 4 0 12 7 3 1
0 4 3 12 7 3 2
0 4 12 12 7 4 1
0 4 12 12 7 5 1
0 4 12 12 7 6 1
0 4 12 12 7 7 1
0 4 21 12 7 8 1
0 2 0 12 8 0 1
0 2 1 12 8 0 2
0 2 0 12 8 1 1
0 2 0 12 8 1 2
0 2 22 12 8 2 1
0 2 22 12 8 3 1
0 2 22 12 8 4 1
0 2 22 12 8 5 1
0 2 21 12 8 6 1
0 2 21 12 8 7 1
0 4 23 12 9 0 1
0 4 23 12 9 1 1
0 4 23 12 9 2 1
0 4 23 12 9 3 1
0 4 23 12 9 4 1
0 4 23 12 9 5 1
0 4 23 12 9 6 1
0 4 11 12 9 7 1
0 2 3 12 10 0 1
0 2 4 12 10 0 2
0 2 3 12 10 1 1
0 2 4 12 10 1 2
0 2 0 12 10 2 1
0 2 3 12 10 2 2
0 2 12 12 10 3 1
0 2 12 12 10 4 1
0 2 11 12 10 5 1
0 2 11 12 10 6 1
0 2 22 12 10 7 1
0 2 10 12 10 8 1
0 3 3 12 11 0 1
0 3 3 12 11 0 2
0 3 22 12 11 1 1
0 3 22 12 11 2 1
0 3 22 12 11 3 1
0 3 22 12 11 4 1
0 3 21 12 11 5 1
0 3 21 12 11 6 1
0 3 21 12 11 7 1
0 3 0 12 12 0 1
0 3 3 12 12 0 2
0 3 25 12 12 1 1
0 3 25 12 12 2 1
0 3 25 12 12 3 1
0 3 12 12 12 4 1
0 3 23 12 12 5 1
0 3 21 12 12 6 1
0 8 0 12 13 0 1
0 8 3 12 13 0 2
0 8 25 12 13 1 1
0 8 25 12 13 2 1
0 8 25 12 13 3 1
0 8 25 12 13 4 1
0 8 25 12 13 5 1
0 8 25 12 13 6 1
0 8 25 12 13 7 1
0 2 3 12 14 0 1
0 2 4 12 14 0 2
0 2 3 12 14 1 1
0 2 4 12 14 1 2
0 2 2 12 14 2 1
0 2 3 12 14 2 2
0 2 2 12 14 3 1
0 2 3 12 14 3 2
0 2 1 12 14 4 1
0 2 3 12 14 4 2
0 2 11 12 14 5 1
0 2 11 12 14 6 1
0 2 22 12 14 7 1
0 2 10 12 14 8 1
0 7 1 12 15 1 1
0 7 3 12 15 1 2
0 7 25 12 15 2 1
0 7 25 12 15 3 1
0 7 25 12 15 4 1
0 7 11 12 15 5 1
0 7 10 12 15 6 1
0 7 10 12 15 7 1
0 2 4 13 11 10 1
0 2 4 13 11 10 2
0 2 0 13 11 11 1
0 2 4 13 11 11 2
0 2 15 13 11 12 1
0 2 15 13 11 13 1
0 2 15 13 11 14 1
0 2 15 13 11 15 1
0 2 14 13 11 16 1
0 2 11 13 11 17 1
0 5 4 13 12 10 1
0 5 4 13 12 10 2
0 5 4 13 12 11 1
0 5 4 13 12 11 2
0 5 4 13 12 12 1
0 5 4 13 12 12 2
0 5 3 13 12 13 1
0 5 3 13 12 13 2
0 5 14 13 12 14 1
0 5 24 13 12 15 1
0 2 3 13 13 10 1
0 2 3 13 13 10 2
0 2 3 13 13 11 1
0 2 3 13 13 11 2
0 2 3 13 13 12 1
0 2 3 13 13 12 2
0 2 26 13 13 13 1
0 2 26 13 13 14 1
0 2 14 13 13 15 1
0 2 3 13 14 10 1
0 2 4 13 14 10 2
0 2 3 13 14 11 1
0 2 4 13 14 11 2
0 2 3 13 14 12 1
0 2 3 13 14 12 2
0 2 14 13 14 13 1
0 2 14 13 14 14 1
0 2 14 13 14 15 1
0 2 14 13 14 16 1
0 2 11 13 14 17 1
0 2 3 13 15 10 1
0 2 4 13 15 10 2
0 2 2 13 15 11 1
0 2 3 13 15 11 2
0 2 2 13 15 12 1
0 2 3 13 15 12 2
0 2 14 13 15 13 1
0 2 25 13 15 14 1
0 2 25 13 15 15 1
0 2 25 13 15 16 1
0 2 23 13 15 17 1
0 4 3 13 1 1 1
0 4 4 13 1 1 2
0 4 3 13 1 2 1
0 4 4 13 1 2 2
0 4 3 13 1 3 1
0 4 4 13 1 3 2
0 4 2 13 1 4 1
0 4 3 13 1 4 2
0 4 24 13 1 5 1
0 4 23 13 1 6 1
0 4 11 13 1 7 1
0 7 3 13 2 0 1
0 7 4 13 2 0 2
0 7 0 13 2 1 1
0 7 3 13 2 1 2
0 7 24 13 2 2 1
0 7 24 13 2 3 1
0 7 12 13 2 4 1
0 7 10 13 2 5 1
0 7 21 13 2 6 1
0 7 21 13 2 7 1
0 4 4 13 3 0 1
0 4 4 13 3 0 2
0 4 3 13 3 1 1
0 4 4 13 3 1 2
0 4 25 13 3 2 1
0 4 25 13 3 3 1
0 4 25 13 3 4 1
0 4 24 13 3 5 1
0 4 23 13 3 6 1
0 4 10 13 3 7 1
0 7 0 13 4 0 1
0 7 4 13 4 0 2
0 7 12 13 4 1 1
0 7 23 13 4 2 1
0 7 11 13 4 3 1
0 7 22 13 4 4 1
0 7 22 13 4 5 1
0 7 21 13 4 6 1
0 7 21 13 4 7 1
0 8 4 13 6 0 1
0 8 4 13 6 0 2
0 8 4 13 6 1 1
0 8 4 13 6 1 2
0 8 4 13 6 2 1
0 8 4 13 6 2 2
0 8 3 13 6 3 1
0 8 4 13 6 3 2
0 8 1 13 6 4 1
0 8 4 13 6 4 2
0 8 25 13 6 5 1
0 8 25 13 6 6 1
0 8 25 13 6 7 1
0 3 26 13 8 0 1
0 3 26 13 8 1 1
0 3 26 13 8 2 1
0 3 26 13 8 3 1
0 3 26 13 8 4 1
0 3 26 13 8 5 1
0 3 26 13 8 6 1
0 3 26 13 8 7 1
0 7 0 13 9 0 1
0 7 4 13 9 0 2
0 7 15 13 9 1 1
0 7 15 13 9 2 1
0 7 15 13 9 3 1
0 7 13 13 9 4 1
0 7 12 13 9 5 1
0 7 11 13 9 6 1
0 7 10 13 9 7 1
0 7 21 13 9 8 1
0 7 26 13 10 0 1
0 7 26 13 10 1 1
0 7 26 13 10 2 1
0 7 25 13 10 3 1
0 7 25 13 10 4 1
0 7 25 13 10 5 1
0 7 23 13 10 6 1
0 7 22 13 10 7 1
0 3 3 13 11 0 1
0 3 3 13 11 0 2
0 3 11 13 11 1 1
0 3 22 13 11 2 1
0 3 22 13 11 3 1
0 3 22 13 11 4 1
0 3 22 13 11 5 1
0 3 22 13 11 6 1
0 3 21 13 11 7 1
0 8 3 13 12 0 1
0 8 4 13 12 0 2
0 8 3 13 12 1 1
0 8 4 13 12 1 2
0 8 3 13 12 2 1
0 8 4 13 12 2 2
0 8 0 13 12 3 1
0 8 3 13 12 3 2
0 8 25 13 12 4 1
0 8 25 13 12 5 1
0 8 24 13 12 6 1
0 8 23 13 12 7 1
0 9 4 13 13 0 1
0 9 4 13 13 0 2
0 9 3 13 13 1 1
0 9 4 13 13 1 2
0 9 1 13 13 2 1
0 9 4 13 13 2 2
0 9 0 13 13 3 1
0 9 4 13 13 3 2
0 9 25 13 13 4 1
0 9 24 13 13 5 1
0 9 24 13 13 6 1
0 9 22 13 13 7 1
0 3 3 13 14 0 1
0 3 3 13 14 0 2
0 3 0 13 14 1 1
0 3 3 13 14 1 2
0 3 13 13 14 2 1
0 3 13 13 14 3 1
0 3 24 13 14 4 1
0 3 24 13 14 5 1
0 3 24 13 14 6 1
0 3 23 13 14 7 1
0 8 3 13 15 1 1
0 8 3 13 15 1 2
0 8 25 13 15 2 1
0 8 25 13 15 3 1
0 8 25 13 15 4 1
0 8 25 13 15 5 1
0 8 22 13 15 6 1
0 8 10 13 15 7 1
0 3 31 14 6 10 1
0 3 31 14 6 11 1
0 3 30 14 6 12 1
0 3 25 14 6 13 1
0 3 25 14 6 14 1
0 3 25 14 6 15 1
0 3 25 14 6 16 1
0 3 24 14 6 17 1
0 6 3 14 7 10 1
0 6 4 14 7 10 2
0 6 3 14 7 11 1
0 6 4 14 7 11 2
0 6 3 14 7 12 1
0 6 3 14 7 12 2
0 6 25 14 7 13 1
0 6 25 14 7 14 1
0 6 24 14 7 15 1
0 6 23 14 7 16 1
0 6 22 14 7 17 1
0 3 3 14 8 10 1
0 3 4 14 8 10 2
0 3 2 14 8 11 1
0 3 4 14 8 11 2
0 3 31 14 8 12 1
0 3 25 14 8 13 1
0 3 25 14 8 14 1
0 3 22 14 8 15 1
0 3 22 14 8 16 1
0 3 21 14 8 17 1
0 3 31 14 9 10 1
0 3 30 14 9 11 1
0 3 25 14 9 12 1
0 3 25 14 9 13 1
0 3 25 14 9 14 1
0 3 25 14 9 15 1
0 3 25 14 9 16 1
0 3 13 14 9 17 1
0 3 0 14 10 10 1
0 3 3 14 10 10 2
0 3 0 14 10 11 1
0 3 3 14 10 11 2
0 3 30 14 10 12 1
0 3 25 14 10 13 1
0 3 25 14 10 14 1
0 3 25 14 10 15 1
0 3 25 14 10 16 1
0 3 25 14 10 17 1
0 3 25 14 13 10 1
0 3 30 14 14 10 1
0 3 30 14 14 11 1
0 3 30 14 14 12 1
0 3 25 14 14 13 1
0 3 25 14 14 14 1
0 3 24 14 14 15 1
0 3 23 14 14 16 1
0 3 21 14 14 17 1
0 2 4 14 15 10 1
0 2 4 14 15 10 2
0 2 3 14 15 11 1
0 2 4 14 15 11 2
0 2 3 14 15 12 1
0 2 3 14 15 12 2
0 2 15 14 15 13 1
0 2 14 14 15 14 1
0 2 25 14 15 15 1
0 2 24 14 15 16 1
0 3 3 14 16 10 1
0 3 4 14 16 10 2
0 3 0 14 16 11 1
0 3 3 14 16 11 2
0 3 25 14 16 12 1
0 3 25 14 16 13 1
0 3 13 14 16 14 1
0 3 22 14 16 15 1
0 3 10 14 16 16 1
0 3 21 14 16 17 1
0 3 30 14 2 0 1
0 3 30 14 2 1 1
0 3 25 14 2 2 1
0 3 29 14 2 3 1
0 3 12 14 2 4 1
0 3 23 14 2 5 1
0 5 3 14 3 0 1
0 5 3 14 3 0 2
0 5 25 14 3 1 1
0 5 25 14 3 2 1
0 5 25 14 3 3 1
0 5 13 14 3 4 1
0 5 24 14 3 5 1
0 5 22 14 3 6 1
0 5 10 14 3 7 1
0 3 7 14 5 0 1
0 3 3 14 5 0 2
0 3 23 14 5 1 1
0 3 22 14 5 2 1
0 3 22 14 5 3 1
0 3 22 14 5 4 1
0 3 22 14 5 5 1
0 3 21 14 5 6 1
0 3 21 14 5 7 1
0 5 3 14 6 0 1
0 5 3 14 6 0 2
0 5 24 14 6 1 1
0 5 24 14 6 2 1
0 5 22 14 6 3 1
0 5 27 14 6 4 1
0 3 4 14 7 0 1
0 3 4 14 7 0 2
0 3 30 14 7 1 1
0 3 30 14 7 2 1
0 3 14 14 7 3 1
0 3 14 14 7 4 1
0 3 25 14 7 5 1
0 3 25 14 7 6 1
0 3 25 14 7 7 1
0 9 1 14 8 0 1
0 9 3 14 8 0 2
0 9 0 14 8 1 1
0 9 2 14 8 1 2
0 9 13 14 8 2 1
0 9 13 14 8 3 1
0 9 24 14 8 4 1
0 9 12 14 8 5 1
0 9 12 14 8 6 1
0 9 12 14 8 7 1
0 9 11 14 8 8 1
0 8 0 14 9 0 1
0 8 3 14 9 0 2
0 8 30 14 9 1 1
0 8 25 14 9 2 1
0 8 25 14 9 3 1
0 8 25 14 9 4 1
0 8 25 14 9 5 1
0 8 23 14 9 6 1
0 8 22 14 9 7 1
0 8 30 14 10 0 1
0 8 25 14 10 1 1
0 8 25 14 10 2 1
0 8 25 14 10 3 1
0 8 25 14 10 4 1
0 8 25 14 10 5 1
0 8 10 14 10 6 1
0 8 21 14 10 7 1
0 6 3 14 13 0 1
0 6 4 14 13 0 2
0 6 3 14 13 1 1
0 6 4 14 13 1 2
0 6 3 14 13 2 1
0 6 3 14 13 2 2
0 6 15 14 13 3 1
0 6 26 14 13 4 1
0 6 26 14 13 5 1
0 6 26 14 13 6 1
0 6 25 14 13 7 1
0 7 3 14 14 0 1
0 7 4 14 14 0 2
0 7 0 14 14 1 1
0 7 4 14 14 1 2
0 7 30 14 14 2 1
0 7 30 14 14 3 1
0 7 30 14 14 4 1
0 7 29 14 14 5 1
0 7 29 14 14 6 1
0 7 23 14 14 7 1
0 3 3 14 15 1 1
0 3 3 14 15 1 2
0 3 26 14 15 2 1
0 3 26 14 15 3 1
0 3 26 14 15 4 1
0 3 26 14 15 5 1
0 3 26 14 15 6 1
0 3 26 14 15 7 1
0 3 3 15 0 10 1
0 3 3 15 0 10 2
0 3 3 15 0 11 1
0 3 3 15 0 11 2
0 3 31 15 0 12 1
0 3 26 15 0 13 1
0 3 26 15 0 14 1
0 3 25 15 0 15 1
0 3 25 15 0 16 1
0 3 24 15 0 17 1
0 8 4 15 1 10 1
0 8 4 15 1 10 2
0 8 4 15 1 11 1
0 8 4 15 1 11 2
0 8 4 15 1 12 1
0 8 4 15 1 12 2
0 8 15 15 1 13 1
0 8 26 15 1 14 1
0 8 26 15 1 15 1
0 2 4 15 2 10 1
0 2 4 15 2 10 2
0 2 3 15 2 11 1
0 2 4 15 2 11 2
0 2 3 15 2 12 1
0 2 2 15 2 12 2
0 2 15 15 2 13 1
0 2 15 15 2 14 1
0 2 26 15 2 15 1
0 2 25 15 2 16 1
0 3 3 15 3 10 1
0 3 3 15 3 10 2
0 3 3 15 3 11 1
0 3 3 15 3 11 2
0 3 25 15 3 12 1
0 3 25 15 3 13 1
0 3 25 15 3 14 1
0 3 25 15 3 15 1
0 3 24 15 3 16 1
0 3 21 15 3 17 1
0 3 24 15 4 10 1
0 2 3 15 5 10 1
0 2 4 15 5 10 2
0 2 3 15 5 11 1
0 2 3 15 5 11 2
0 2 3 15 5 12 1
0 2 3 15 5 12 2
0 2 15 15 5 13 1
0 2 15 15 5 14 1
0 2 26 15 5 15 1
0 3 4 15 11 10 1
0 3 4 15 11 10 2
0 3 31 15 11 11 1
0 3 31 15 11 12 1
0 3 26 15 11 13 1
0 3 25 15 11 14 1
0 3 25 15 11 15 1
0 3 25 15 11 16 1
0 3 23 15 11 17 1
0 4 8 15 12 10 1
0 4 4 15 12 10 2
0 4 0 15 12 11 1
0 4 3 15 12 11 2
0 4 11 15 12 12 1
0 4 22 15 12 13 1
0 4 22 15 12 14 1
0 4 22 15 12 15 1
0 4 22 15 12 16 1
0 4 21 15 12 17 1
0 4 23 15 13 10 1
0 4 23 15 13 11 1
0 4 23 15 13 12 1
0 4 22 15 13 13 1
0 3 3 15 14 10 1
0 3 4 15 14 10 2
0 3 31 15 14 11 1
0 3 14 15 14 12 1
0 3 25 15 14 13 1
0 3 25 15 14 14 1
0 3 25 15 14 15 1
0 3 25 15 14 16 1
0 3 25 15 14 17 1
0 4 28 15 15 10 1
0 4 23 15 15 11 1
0 4 23 15 15 12 1
0 4 23 15 15 13 1
0 4 22 15 15 14 1
0 4 22 15 15 15 1
0 4 22 15 15 16 1
0 4 21 15 15 17 1
0 2 3 15 16 10 1
0 2 4 15 16 10 2
0 2 31 15 16 11 1
0 2 30 15 16 12 1
0 2 14 15 16 13 1
0 2 14 15 16 14 1
0 2 14 15 16 15 1
0 2 23 15 16 16 1
0 2 23 15 16 17 1
0 3 2 15 1 1 1
0 3 3 15 1 1 2
0 3 31 15 1 2 1
0 3 30 15 1 3 1
0 3 14 15 1 4 1
0 3 14 15 1 5 1
0 3 24 15 1 6 1
0 3 12 15 1 7 1
0 3 31 15 2 0 1
0 3 31 15 2 1 1
0 3 31 15 2 2 1
0 3 25 15 2 3 1
0 3 25 15 2 4 1
0 3 25 15 2 5 1
0 3 12 15 2 6 1
0 3 21 15 2 7 1
0 7 30 15 3 0 1
0 7 30 15 3 1 1
0 7 30 15 3 2 1
0 7 30 15 3 3 1
0 7 30 15 3 4 1
0 7 30 15 3 5 1
0 7 30 15 5 0 1
0 7 30 15 5 1 1
0 7 30 15 5 2 1
0 7 25 15 5 3 1
0 7 23 15 5 4 1
0 7 22 15 5 5 1
0 7 21 15 5 6 1
0 7 21 15 5 7 1
0 9 0 15 6 0 1
0 9 3 15 6 0 2
0 9 0 15 6 1 1
0 9 0 15 6 1 2
0 9 11 15 6 2 1
0 9 11 15 6 3 1
0 9 11 15 6 4 1
0 9 11 15 6 5 1
0 9 11 15 6 6 1
0 9 11 15 6 7 1
0 9 22 15 6 8 1
0 2 26 15 7 0 1
0 11 24 15 7 1 1
0 11 23 15 7 2 1
0 11 23 15 7 3 1
0 11 23 15 7 4 1
0 11 23 15 7 5 1
0 11 23 15 7 6 1
0 11 11 15 7 7 1
0 9 3 15 9 0 1
0 9 3 15 9 0 2
0 9 2 15 9 1 1
0 9 3 15 9 1 2
0 9 24 15 9 2 1
0 9 24 15 9 3 1
0 9 24 15 9 4 1
0 9 24 15 9 5 1
0 9 24 15 9 6 1
0 9 23 15 9 7 1
0 3 3 15 10 0 1
0 3 4 15 10 0 2
0 3 3 15 10 1 1
0 3 3 15 10 1 2
0 3 3 15 10 2 1
0 3 3 15 10 2 2
0 3 3 15 10 3 1
0 3 3 15 10 3 2
0 3 30 15 10 4 1
0 3 25 15 10 5 1
0 3 24 15 10 6 1
0 3 22 15 10 7 1
0 8 0 15 11 0 1
0 8 3 15 11 0 2
0 8 24 15 11 1 1
0 8 28 15 11 2 1
0 8 12 15 11 3 1
0 8 23 15 11 4 1
0 8 22 15 11 5 1
0 8 27 15 11 6 1
0 8 21 15 11 7 1
0 8 25 15 12 0 1
0 8 25 15 12 1 1
0 8 25 15 12 2 1
0 8 25 15 12 3 1
0 8 25 15 12 4 1
0 8 24 15 12 5 1
0 4 23 15 12 6 1
0 4 23 15 12 7 1
0 8 5 15 13 0 1
0 8 3 15 13 0 2
0 8 0 15 13 1 1
0 8 2 15 13 1 2
0 8 0 15 13 2 1
0 8 0 15 13 2 2
0 8 22 15 13 3 1
0 8 22 15 13 4 1
0 8 10 15 13 5 1
0 8 10 15 13 6 1
0 8 21 15 13 7 1
0 9 1 15 14 0 1
0 9 3 15 14 0 2
0 9 23 15 14 1 1
0 9 23 15 14 2 1
0 9 11 15 14 3 1
0 9 11 15 14 4 1
0 9 22 15 14 5 1
0 9 22 15 14 6 1
0 9 21 15 14 7 1
0 7 8 15 15 1 1
0 7 4 15 15 1 2
0 7 3 15 15 2 1
0 7 4 15 15 2 2
0 7 3 15 15 3 1
0 7 3 15 15 3 2
0 7 3 15 15 4 1
0 7 3 15 15 4 2
0 7 31 15 15 5 1
0 7 31 15 15 6 1
0 7 23 15 15 7 1
0 8 4 16 6 10 1
0 8 4 16 6 10 2
0 8 4 16 6 11 1
0 8 4 16 6 11 2
0 8 4 16 6 12 1
0 8 4 16 6 12 2
0 8 15 16 6 13 1
0 8 26 16 6 14 1
0 8 26 16 6 15 1
0 8 26 16 7 10 1
0 7 4 16 8 10 1
0 8 4 16 8 10 2
0 7 4 16 8 11 1
0 7 4 16 8 11 2
0 10 3 16 8 12 1
0 7 4 16 8 12 2
0 7 3 16 8 13 1
0 7 4 16 8 13 2
0 7 3 16 9 10 1
0 7 4 16 9 10 2
0 7 3 16 9 11 1
0 7 4 16 9 11 2
0 7 3 16 9 12 1
0 7 3 16 9 12 2
0 7 26 16 9 13 1
0 7 24 16 9 14 1
0 7 2 16 10 10 1
0 7 3 16 10 10 2
0 7 25 16 10 11 1
0 7 25 16 10 12 1
0 7 26 16 11 10 1
0 7 26 16 12 10 1
0 3 26 16 13 10 1
0 1 3 16 14 10 1
0 1 3 16 14 10 2
0 1 3 16 14 11 1
0 1 3 16 14 11 2
0 1 26 16 14 12 1
0 1 26 16 14 13 1
0 1 14 16 14 14 1
0 1 14 16 14 15 1
0 1 25 16 14 16 1
0 4 3 16 1 1 1
0 4 4 16 1 1 2
0 4 2 16 1 2 1
0 4 4 16 1 2 2
0 4 2 16 1 3 1
0 4 4 16 1 3 2
0 4 24 16 1 4 1
0 4 24 16 1 5 1
0 4 23 16 1 6 1
0 4 23 16 1 7 1
0 1 1 16 4 0 1
0 1 2 16 4 0 2
0 1 24 16 4 1 1
0 1 24 16 4 2 1
0 1 12 16 4 3 1
0 1 23 16 4 4 1
0 1 23 16 4 5 1
0 1 23 16 4 6 1
0 1 11 16 4 7 1
0 3 26 16 5 0 1
0 3 14 16 5 1 1
0 3 25 16 5 2 1
0 3 25 16 5 3 1
0 3 25 16 5 4 1
0 3 13 16 5 5 1
0 3 22 16 5 6 1
0 3 22 16 5 7 1
0 2 2 16 6 0 1
0 2 2 16 6 0 2
0 2 13 16 6 1 1
0 2 12 16 6 2 1
0 2 12 16 6 3 1
0 2 11 16 6 4 1
0 2 11 16 6 5 1
0 2 10 16 6 6 1
0 2 10 16 6 7 1
0 2 21 16 6 8 1
0 1 2 16 7 0 1
0 1 3 16 7 0 2
0 1 1 16 7 1 1
0 1 2 16 7 1 2
0 1 23 16 7 2 1
0 1 23 16 7 3 1
0 1 23 16 7 4 1
0 1 23 16 7 5 1
0 1 23 16 7 6 1
0 1 23 16 7 7 1
0 7 26 16 8 0 1
0 7 14 16 8 1 1
0 7 25 16 8 2 1
0 7 25 16 8 3 1
0 7 23 16 8 4 1
0 7 22 16 8 5 1
0 7 22 16 8 6 1
0 7 22 16 8 7 1
0 4 25 16 9 0 1
0 4 25 16 9 1 1
0 4 25 16 9 2 1
0 4 25 16 9 3 1
0 4 25 16 9 4 1
0 4 22 16 9 5 1
0 9 22 16 9 6 1
0 7 22 16 9 7 1
0 4 3 16 10 0 1
0 4 4 16 10 0 2
0 4 3 16 10 1 1
0 4 3 16 10 1 2
0 4 3 16 10 2 1
0 4 3 16 10 2 2
0 4 25 16 10 3 1
0 4 13 16 10 4 1
0 4 24 16 10 5 1
0 4 24 16 10 6 1
0 4 23 16 10 7 1
0 3 2 16 11 0 1
0 3 4 16 11 0 2
0 3 2 16 11 1 1
0 3 3 16 11 1 2
0 3 25 16 11 2 1
0 3 25 16 11 3 1
0 3 24 16 11 4 1
0 3 24 16 11 5 1
0 3 22 16 11 6 1
0 3 22 16 11 7 1
0 3 3 16 12 0 1
0 3 3 16 12 0 2
0 3 23 16 12 1 1
0 3 22 16 12 2 1
0 3 22 16 12 3 1
0 3 22 16 12 4 1
0 3 22 16 12 5 1
0 3 22 16 12 6 1
0 3 22 16 12 7 1
0 7 2 16 13 0 1
0 7 4 16 13 0 2
0 7 26 16 13 1 1
0 7 25 16 13 2 1
0 7 25 16 13 3 1
0 7 13 16 13 4 1
0 7 22 16 13 5 1
0 9 11 16 13 6 1
0 3 22 16 13 7 1
0 4 0 16 14 0 1
0 4 0 16 14 0 2
0 4 22 16 14 1 1
0 4 21 16 14 2 1
0 1 3 16 15 1 1
0 1 3 16 15 1 2
0 1 3 16 15 2 1
0 1 3 16 15 2 2
0 1 2 16 15 3 1
0 1 3 16 15 3 2
0 1 1 16 15 4 1
0 1 3 16 15 4 2
0 1 23 16 15 5 1
0 1 10 16 15 6 1
0 1 10 16 15 7 1
0 5 10 16 15 8 1
0 7 3 18 0 10 1
0 7 4 18 0 10 2
0 7 15 18 0 11 1
0 7 26 18 0 12 1
0 7 26 18 0 13 1
0 7 26 18 0 14 1
0 7 25 18 0 15 1
0 7 24 18 0 16 1
0 7 24 18 0 17 1
0 6 4 18 2 10 1
0 6 4 18 2 10 2
0 6 3 18 2 11 1
0 9 3 18 2 11 2
0 6 3 18 2 12 1
0 6 3 18 2 12 2
0 6 25 18 2 13 1
0 6 25 18 2 14 1
0 6 25 18 2 15 1
0 6 25 18 2 16 1
0 6 25 18 2 17 1
0 1 2 18 3 10 1
0 1 3 18 3 10 2
0 1 24 18 3 11 1
0 1 12 18 3 12 1
0 1 12 18 3 13 1
0 1 23 18 3 14 1
0 1 23 18 3 15 1
0 1 23 18 3 16 1
0 1 23 18 3 17 1
0 4 23 18 4 10 1
0 4 23 18 4 11 1
0 4 23 18 4 12 1
0 4 22 18 4 13 1
0 4 22 18 4 14 1
0 4 22 18 4 15 1
0 4 22 18 4 16 1
0 4 22 18 4 17 1
0 3 3 18 5 10 1
0 3 4 18 5 10 2
0 3 0 18 5 11 1
0 3 3 18 5 11 2
0 3 14 18 5 12 1
0 3 25 18 5 13 1
0 2 3 18 8 10 1
0 2 4 18 8 10 2
0 2 3 18 8 11 1
0 2 3 18 8 11 2
0 2 23 18 8 12 1
0 2 23 18 8 13 1
0 2 22 18 8 14 1
0 2 22 18 8 15 1
0 2 22 18 8 16 1
0 2 21 18 8 17 1
0 2 4 18 10 10 1
0 2 4 18 10 10 2
0 2 3 18 10 11 1
0 2 4 18 10 11 2
0 2 3 18 10 12 1
0 2 4 18 10 12 2
0 2 3 18 10 13 1
0 2 3 18 10 13 2
0 2 23 18 10 14 1
0 2 23 18 10 15 1
0 2 23 18 10 16 1
0 2 10 18 10 17 1
0 8 25 18 1 2 1
0 8 25 18 1 3 1
0 8 25 18 1 4 1
0 8 13 18 1 5 1
0 8 22 18 1 6 1
0 6 22 18 1 7 1
0 8 2 18 2 2 1
0 8 3 18 2 2 2
0 8 25 18 2 3 1
0 8 24 18 2 4 1
0 8 10 18 2 5 1
0 8 10 18 2 6 1
0 8 10 18 2 7 1
0 6 2 18 3 1 1
0 6 2 18 3 1 2
0 6 24 18 3 2 1
0 6 23 18 3 3 1
0 6 22 18 3 4 1
0 6 21 18 3 5 1
0 2 3 18 4 1 1
0 2 4 18 4 1 2
0 2 3 18 4 2 1
0 2 4 18 4 2 2
0 2 15 18 4 3 1
0 2 15 18 4 4 1
0 2 15 18 4 5 1
0 2 15 18 4 6 1
0 2 15 18 4 7 1
0 2 15 18 4 8 1
0 5 3 18 5 1 1
0 5 4 18 5 1 2
0 5 3 18 5 2 1
0 5 4 18 5 2 2
0 5 15 18 5 3 1
0 5 15 18 5 4 1
0 5 13 18 5 5 1
0 5 11 18 5 6 1
0 5 10 18 5 7 1
0 5 21 18 5 8 1
0 1 2 18 11 1 1
0 1 3 18 11 1 2
0 1 25 18 11 2 1
0 1 23 18 11 3 1
0 1 23 18 11 4 1
0 1 23 18 11 5 1
0 1 22 18 11 6 1
0 1 21 18 11 7 1
0 8 25 18 12 1 1
0 8 25 18 12 2 1
0 8 25 18 12 3 1
0 8 25 18 14 2 1
0 4 4 19 0 10 1
0 4 4 19 0 10 2
0 4 2 19 0 11 1
0 4 4 19 0 11 2
0 4 26 19 0 12 1
0 4 26 19 0 13 1
0 4 26 19 0 14 1
0 4 25 19 0 15 1
0 4 25 19 0 16 1
0 4 23 19 0 17 1
0 2 3 19 3 10 1
0 2 4 19 3 10 2
0 2 29 19 3 11 1
0 2 29 19 3 12 1
0 2 24 19 3 13 1
0 2 21 19 3 14 1
0 4 25 19 5 10 1
0 4 25 19 5 11 1
0 4 29 19 5 12 1
0 4 12 19 5 13 1
0 4 23 19 5 14 1
0 8 30 19 9 10 1
0 9 29 19 1 3 1
0 9 12 19 1 4 1
0 9 23 19 1 5 1
0 8 1 19 3 2 1
0 8 1 19 3 2 2
0 4 1 19 5 2 1
0 4 3 19 5 2 2
0 4 13 19 5 3 1
0 4 28 19 5 4 1
0 4 22 19 5 5 1
0 4 22 19 5 6 1
0 4 21 19 5 7 1
0 7 7 19 6 2 1
0 7 4 19 6 2 2
0 7 0 19 6 3 1
0 7 4 19 6 3 2
0 7 30 19 6 4 1
0 7 23 19 6 5 1
0 2 14 19 7 2 1
0 2 25 19 7 3 1
0 2 25 19 7 4 1
0 2 25 19 7 5 1
0 2 25 19 7 6 1
0 2 25 19 7 7 1
0 7 30 19 8 2 1
0 7 30 19 8 3 1
0 7 22 19 8 4 1
0 9 3 19 9 2 1
0 9 3 19 9 2 2
0 9 23 19 9 3 1
0 9 23 19 9 4 1
0 9 23 19 9 5 1
0 9 22 19 9 6 1
0 9 22 19 9 7 1
0 7 2 19 10 2 1
0 7 4 19 10 2 2
0 7 0 19 10 3 1
0 7 3 19 10 3 2
0 7 30 19 10 4 1
0 7 22 19 10 5 1
0 7 22 19 10 6 1
0 7 21 19 10 7 1
0 1 13 19 12 2 1
0 1 13 19 12 3 1
0 1 24 19 12 4 1
0 1 24 19 12 5 1
0 1 24 19 12 6 1
0 1 21 19 12 7 1
0 9 3 19 13 2 1
0 9 3 19 13 2 2
0 9 10 19 13 3 1
0 9 10 19 13 4 1
0 9 21 19 13 5 1
0 9 21 19 13 6 1
0 9 21 19 13 7 1
0 4 24 19 15 3 1
0 4 28 19 15 4 1
0 4 28 19 15 5 1
0 3 22 19 15 6 1
0 7 22 19 15 7 1
0 2 12 20 0 10 1
0 2 23 20 0 11 1
0 2 23 20 0 12 1
0 2 23 20 0 13 1
0 2 23 20 0 14 1
0 2 23 20 0 15 1
0 2 22 20 0 16 1
0 2 10 20 0 17 1
0 2 22 20 2 10 1
0 2 22 20 2 11 1
0 2 22 20 2 12 1
0 2 10 20 2 13 1
0 2 10 20 2 14 1
0 2 0 20 4 10 1
0 2 1 20 4 10 2
0 2 23 20 4 11 1
0 2 23 20 4 12 1
0 2 22 20 4 13 1
0 2 4 20 5 10 1
0 2 4 20 5 10 2
0 2 15 20 5 11 1
0 7 24 20 8 10 1
0 9 0 20 9 10 1
0 9 0 20 9 10 2
0 9 11 20 9 11 1
0 9 11 20 9 12 1
0 9 10 20 9 13 1
0 9 10 20 9 14 1
0 9 21 20 9 15 1
0 9 21 20 9 16 1
0 7 30 20 10 10 1
0 11 23 20 11 10 1
0 11 22 20 11 11 1
0 11 22 20 11 12 1
0 3 26 20 12 10 1
0 3 26 20 12 11 1
0 3 25 20 12 12 1
0 3 25 20 12 13 1
0 3 13 20 12 14 1
0 1 3 20 13 10 1
0 1 3 20 13 10 2
0 1 0 20 13 11 1
0 1 3 20 13 11 2
0 1 0 20 13 12 1
0 1 3 20 13 12 2
0 1 23 20 13 13 1
0 1 11 20 13 14 1
0 1 22 20 13 15 1
0 1 21 20 13 16 1
0 1 21 20 13 17 1
0 9 23 20 14 10 1
0 9 23 20 14 11 1
0 9 23 20 14 12 1
0 9 11 20 14 13 1
0 9 11 20 14 14 1
0 9 22 20 14 15 1
0 9 10 20 14 16 1
0 9 21 20 14 17 1
0 2 22 20 15 10 1
0 2 1 20 16 10 1
0 2 3 20 16 10 2
0 2 23 20 16 11 1
0 2 23 20 16 12 1
0 2 23 20 16 13 1
0 2 22 20 16 14 1
0 2 22 20 16 15 1
0 2 10 20 16 16 1
0 2 21 20 16 17 1
0 8 14 20 1 4 1
0 8 14 20 1 5 1
0 2 14 20 1 6 1
0 2 14 20 1 7 1
0 2 23 20 3 3 1
0 2 23 20 3 4 1
0 2 22 20 3 5 1
0 2 22 20 3 6 1
0 6 22 20 3 7 1
0 9 0 20 4 3 1
0 9 0 20 4 3 2
0 9 22 20 4 4 1
0 9 10 20 4 5 1
0 9 21 20 4 6 1
0 9 23 20 5 3 1
0 9 23 20 5 4 1
0 9 11 20 5 5 1
0 9 11 20 5 6 1
0 9 10 20 5 7 1
0 9 0 20 6 2 1
0 9 3 20 6 2 2
0 9 14 20 6 3 1
0 9 12 20 6 4 1
0 9 12 20 6 5 1
0 9 11 20 6 6 1
0 9 11 20 6 7 1
0 9 21 20 6 8 1
0 8 0 20 7 2 1
0 8 3 20 7 2 2
0 8 10 20 7 3 1
0 3 25 20 8 2 1
0 3 24 20 8 3 1
0 3 12 20 8 4 1
0 3 22 20 8 5 1
0 3 22 20 8 6 1
0 9 22 20 8 7 1
0 1 1 20 9 2 1
0 1 3 20 9 2 2
0 1 1 20 9 3 1
0 1 3 20 9 3 2
0 1 23 20 9 4 1
0 1 22 20 9 5 1
0 1 22 20 9 6 1
0 1 22 20 9 7 1
0 9 2 20 10 2 1
0 9 3 20 10 2 2
0 9 2 20 10 3 1
0 9 3 20 10 3 2
0 9 2 20 10 4 1
0 9 3 20 10 4 2
0 9 25 20 10 5 1
0 9 25 20 10 6 1
0 9 24 20 10 7 1
0 3 3 20 13 3 1
0 3 4 20 13 3 2
0 3 26 20 13 4 1
0 3 26 20 13 5 1
0 3 10 20 13 6 1
0 7 0 20 14 3 1
0 7 4 20 14 3 2
0 7 25 20 14 4 1
0 7 10 20 14 5 1
0 7 21 20 14 6 1
0 9 10 20 14 7 1
0 2 23 20 15 4 1
0 2 23 20 15 5 1
0 2 23 20 15 6 1
0 2 11 20 15 7 1
0 2 24 21 11 10 1
0 2 24 21 11 11 1
0 2 12 21 11 12 1
0 1 21 21 13 10 1
0 2 11 21 15 10 1
0 2 11 21 15 11 1
0 9 23 21 1 5 1
0 9 10 21 1 6 1
0 9 10 21 1 7 1
0 1 3 21 2 4 1
0 1 3 21 2 4 2
0 1 3 21 2 5 1
0 1 3 21 2 5 2
0 1 14 21 2 6 1
0 1 24 21 2 7 1
0 5 12 21 2 8 1
0 7 24 21 4 4 1
0 7 23 21 4 5 1
0 7 22 21 4 6 1
0 8 11 21 4 7 1
0 9 23 21 5 4 1
0 9 23 21 5 5 1
0 9 11 21 5 6 1
0 9 21 21 5 7 1
0 3 12 21 6 3 1
0 9 12 21 6 4 1
0 9 12 21 6 5 1
0 9 12 21 6 6 1
0 9 11 21 6 7 1
0 9 22 21 6 8 1
0 3 14 21 8 3 1
0 3 25 21 8 4 1
0 9 2 21 9 3 1
0 9 2 21 9 3 2
0 9 2 21 9 4 1
0 9 2 21 9 4 2
0 9 14 21 9 5 1
0 9 14 21 9 6 1
0 9 12 21 9 7 1
0 9 23 21 9 8 1
0 2 2 21 12 4 1
0 2 3 21 12 4 2
0 2 15 21 12 5 1
0 2 14 21 12 6 1
0 2 11 21 12 7 1
0 2 21 21 12 8 1
0 2 23 21 13 4 1
0 2 23 21 13 5 1
0 6 23 21 13 6 1
0 2 3 21 14 4 1
0 2 4 21 14 4 2
0 2 0 21 14 5 1
0 2 1 21 14 5 2
0 2 0 21 14 6 1
0 2 0 21 14 6 2
0 2 10 21 14 7 1
0 2 21 21 14 8 1
0 2 3 21 15 5 1
0 2 3 21 15 5 2
0 2 3 21 15 6 1
0 2 3 21 15 6 2
0 2 2 21 15 7 1
0 2 3 21 15 7 2
0 2 15 21 15 8 1
0 3 25 22 7 10 1
0 3 25 22 7 11 1
0 3 12 22 7 12 1
0 3 11 22 7 13 1
0 3 22 22 7 14 1
0 2 0 22 8 10 1
0 2 1 22 8 10 2
0 2 0 22 8 11 1
0 2 1 22 8 11 2
0 2 23 22 8 12 1
0 2 23 22 8 13 1
0 2 11 22 8 14 1
0 2 11 22 8 15 1
0 2 22 22 8 16 1
0 2 22 22 8 17 1
0 9 12 22 9 10 1
0 9 12 22 9 11 1
0 9 12 22 9 12 1
0 9 23 22 9 13 1
0 9 11 22 9 14 1
0 9 22 22 9 15 1
0 9 22 22 9 16 1
0 9 21 22 9 17 1
0 9 3 22 1 6 1
0 9 3 22 1 6 2
0 9 2 22 1 7 1
0 9 3 22 1 7 2
0 9 22 22 1 8 1
0 7 4 22 3 5 1
0 7 4 22 3 5 2
0 7 12 22 3 6 1
0 7 11 22 3 7 1
0 7 25 22 5 5 1
0 9 11 22 5 6 1
0 3 12 22 6 4 1
0 9 23 22 6 5 1
0 9 11 22 6 6 1
0 9 11 22 6 7 1
0 9 10 22 6 8 1
0 8 12 22 8 4 1
0 9 22 22 8 5 1
0 9 22 22 8 6 1
0 9 10 22 8 7 1
0 3 3 22 9 4 1
0 3 3 22 9 4 2
0 3 25 22 9 5 1
0 3 25 22 9 6 1
0 3 25 22 9 7 1
0 3 24 22 10 4 1
0 3 12 22 10 5 1
0 3 23 22 10 6 1
0 3 21 22 10 7 1
0 9 2 22 12 5 1
0 9 3 22 12 5 2
0 9 0 22 12 6 1
0 9 2 22 12 6 2
0 9 24 22 12 7 1
0 9 12 22 12 8 1
0 3 1 23 1 10 1
0 3 2 23 1 10 2
0 3 25 23 1 11 1
0 3 25 23 1 12 1
0 3 25 23 1 13 1
0 3 13 23 1 14 1
0 3 24 23 1 15 1
0 3 21 23 1 16 1
0 3 22 23 2 10 1
0 3 22 23 2 11 1
0 5 25 23 5 10 1
0 5 25 23 5 11 1
0 5 25 23 5 12 1
0 5 21 23 5 13 1
0 3 12 23 6 10 1
0 3 12 23 6 11 1
0 3 23 23 6 12 1
0 3 22 23 6 13 1
0 3 22 23 6 14 1
0 3 10 23 6 15 1
0 3 10 23 6 16 1
0 3 21 23 6 17 1
0 5 2 23 7 10 1
0 5 3 23 7 10 2
0 5 0 23 7 11 1
0 5 3 23 7 11 2
0 5 0 23 7 12 1
0 5 2 23 7 12 2
0 5 24 23 7 13 1
0 5 11 23 7 14 1
0 5 21 23 7 15 1
0 2 21 23 7 16 1
0 6 0 23 9 10 1
0 6 2 23 9 10 2
0 6 23 23 9 11 1
0 6 23 23 9 12 1
0 6 23 23 9 13 1
0 6 23 23 9 14 1
0 6 11 23 9 15 1
0 6 22 23 9 16 1
0 6 22 23 9 17 1
0 9 0 23 10 10 1
0 9 0 23 10 10 2
0 9 22 23 10 11 1
0 9 22 23 10 12 1
0 9 22 23 10 13 1
0 9 21 23 10 14 1
0 9 21 23 10 15 1
0 9 21 23 10 16 1
0 9 21 23 10 17 1
0 10 3
0 10 26
0 10 3
0 10 26
0 10 31
0 10 26
0 10 3
0 10 26
0 10 3
0 10 3
0 10 26
0 10 31
0 10 26
0 10 26
0 12 23
0 12 23
0 12 2
0 12 4
0 12 23
0 12 4
0 12 26
0 12 23
0 12 2
0 12 24
0 12 4
0 12 10
0 12 3
0 12 3
0 12 24
0 12 2
0 12 12
0 12 4
0 12 11
0 12 3
0 12 2
0 12 4
0 12 24
0 12 4
0 12 2
0 12 23
0 12 3
0 12 22
0 12 22
0 12 23
0 12 24
0 12 4
0 12 12
0 12 23
0 12 23
0 12 4
0 12 4
0 12 3
0 12 14
0 12 1
0 12 11
0 12 23
0 12 24
0 12 23
0 12 3
0 12 3
0 12 3
0 12 4
0 12 23
0 12 3
0 12 4
0 12 22
0 12 22
0 12 4
0 12 3
0 12 23
0 12 25
0 12 3
0 12 4
0 12 14
0 12 11
0 12 25
0 12 3
0 12 22
0 12 22
0 12 23
0 12 10
0 12 3
0 12 24
0 12 3
0 12 4
0 12 24
0 12 3
0 12 4
0 12 3
0 12 4
0 12 4
0 12 24
0 12 3
0 12 24
0 12 23
0 12 12
0 12 23
0 12 4
0 12 22
0 12 23
0 12 23
0 12 25
0 12 4
0 12 12
0 12 4
0 12 24
0 12 23
0 12 23
0 12 23
0 12 0
0 12 12
0 12 2
0 12 11
0 12 22
0 12 24
0 12 24
0 12 3
0 12 23
0 12 4
0 12 12
0 12 4
0 12 23
0 12 3
0 12 3
0 12 22
0 12 0
0 12 23
0 12 4
0 12 22
0 12 23
0 12 23
0 12 2
0 12 22
0 12 3
0 12 4
0 12 25
0 12 3
0 12 4
0 12 23
0 12 4
0 12 0
0 12 26
0 12 23
0 12 4
0 12 3
0 12 3
0 12 3
0 12 3
0 12 22
0 12 23
0 12 23
0 12 22
0 12 15
0 12 4
0 12 3
0 12 12
0 1 22
0 1 23
0 1 3
0 1 24
0 1 22
0 1 11
0 1 22
0 1 23
0 1 21
0 1 12
0 1 21
0 1 13
0 1 1
0 1 4
0 1 23
0 1 23
0 1 25
0 1 24
0 1 21
0 1 23
0 1 23
0 1 3
0 1 12
0 1 22
0 1 0
0 1 23
0 1 24
0 1 25
0 1 24
0 1 21
0 1 0
0 1 23
0 1 21
0 1 23
0 1 23
0 1 23
0 1 0
0 1 1
0 1 24
0 1 23
0 1 0
0 1 22
0 1 22
0 1 4
0 1 23
0 1 23
0 1 10
0 1 12
0 1 11
0 1 2
0 1 23
0 1 0
0 1 3
0 1 11
0 1 22
0 1 22
0 1 3
0 1 24
0 1 22
0 1 12
0 1 22
0 1 0
0 1 0
0 1 22
0 1 23
0 1 22
0 1 3
0 1 4
0 1 23
0 1 3
0 1 25
0 1 24
0 2 10
0 2 13
0 2 23
0 2 22
0 2 13
0 2 22
0 2 4
0 2 21
0 2 3
0 2 13
0 2 22
0 2 23
0 2 25
0 2 1
0 2 22
0 2 10
0 2 22
0 2 22
0 2 22
0 2 0
0 2 4
0 2 22
0 2 12
0 2 10
0 2 3
0 2 3
0 2 22
0 2 24
0 2 22
0 2 0
0 2 22
0 2 0
0 2 21
0 2 0
0 2 25
0 2 11
0 2 22
0 2 3
0 2 24
0 2 10
0 2 2
0 2 3
0 2 2
0 2 12
0 2 11
0 2 22
0 2 22
0 2 22
0 2 24
0 2 12
0 2 14
0 2 10
0 2 13
0 2 11
0 2 4
0 2 21
0 2 23
0 2 22
0 2 12
0 2 14
0 2 23
0 2 0
0 2 22
0 2 3
0 2 2
0 2 24
0 2 22
0 2 11
0 2 21
0 2 23
0 2 11
0 2 22
0 2 0
0 2 22
0 2 21
0 2 4
0 2 1
0 2 22
0 2 10
0 2 12
0 2 10
0 2 14
0 2 25
0 2 0
0 2 0
0 2 22
0 2 11
0 2 21
0 2 12
0 2 24
0 2 23
0 2 3
0 2 22
0 2 24
0 2 23
0 2 22
0 2 24
0 2 3
0 2 11
0 2 2
0 2 0
0 2 23
0 2 22
0 2 22
0 2 3
0 2 11
0 2 3
0 2 4
0 2 22
0 2 0
0 2 22
0 2 1
0 2 24
0 2 13
0 2 23
0 2 22
0 2 21
0 2 3
0 2 22
0 2 21
0 2 22
0 2 21
0 2 22
0 2 22
0 2 13
0 2 21
0 2 0
0 2 21
0 2 0
0 2 2
0 2 21
0 2 22
0 2 23
0 2 15
0 2 22
0 2 15
0 2 22
0 2 10
0 2 10
0 2 21
0 2 10
0 2 22
0 2 23
0 2 23
0 2 10
0 2 23
0 2 22
0 2 24
0 2 23
0 2 24
0 2 2
0 2 22
0 2 2
0 2 2
0 2 11
0 2 22
0 2 11
0 2 22
0 2 4
0 2 25
0 2 21
0 2 23
0 2 3
0 2 3
0 2 12
0 2 13
0 2 22
0 2 0
0 4 24
0 4 24
0 4 3
0 4 0
0 4 22
0 4 4
0 4 23
0 4 26
0 4 24
0 4 23
0 4 23
0 4 3
0 4 24
0 4 2
0 4 23
0 4 2
0 4 14
0 4 23
0 4 26
0 4 24
0 4 24
0 4 22
0 4 12
0 4 23
0 4 2
0 4 22
0 4 4
0 4 25
0 4 23
0 4 11
0 4 25
0 4 2
0 4 22
0 4 22
0 4 24
0 4 3
0 4 2
0 4 14
0 4 25
0 4 3
0 4 3
0 4 23
0 4 23
0 4 11
0 4 23
0 4 3
0 5 31
0 5 13
0 5 24
0 5 13
0 5 15
0 5 23
0 5 24
0 5 12
0 5 12
0 5 3
0 5 23
0 5 11
0 5 23
0 5 26
0 5 22
0 5 4
0 5 25
0 5 23
0 5 14
0 5 3
0 5 23
0 5 24
0 5 11
0 5 11
0 6 24
0 6 4
0 6 12
0 6 1
0 6 23
0 6 13
0 6 4
0 6 11
0 6 23
0 6 21
0 6 26
0 6 0
0 6 23
0 6 25
0 6 2
0 6 25
0 6 23
0 6 0
0 6 3
0 6 22
0 6 24
0 6 25
0 6 23
0 6 23
0 6 22
0 6 10
0 6 14
0 6 4
0 6 2
0 6 25
0 6 11
0 6 22
0 6 26
0 6 4
0 6 23
0 6 4
0 6 3
0 6 25
0 6 23
0 6 24
0 6 25
0 6 2
0 6 24
0 6 15
0 6 0
0 6 25
0 6 23
0 6 0
0 6 4
0 6 3
0 6 26
0 6 23
0 6 24
0 6 23
0 6 14
0 6 4
0 6 4
0 6 4
0 6 21
0 6 25
0 6 4
0 6 25
0 6 25
0 6 23
0 6 2
0 6 22
0 6 22
0 6 2
0 6 23
0 6 12
0 6 25
0 6 2
0 6 23
0 6 25
0 6 2
0 6 11
0 6 24
0 6 23
0 6 3
0 6 3
0 6 24
0 6 25
0 6 11
0 6 24
0 6 25
0 6 4
0 6 3
0 6 1
0 6 24
0 6 3
0 6 24
0 6 14
0 6 26
0 6 4
0 6 25
0 6 4
0 6 12
0 6 26
0 6 23
0 6 11
0 6 3
0 6 25
0 6 0
0 6 2
0 6 23
0 6 12
0 6 11
0 6 26
0 6 12
0 6 25
0 6 2
0 6 26
0 6 11
0 6 23
0 6 25
0 6 25
0 6 14
0 6 11
0 6 26
0 6 24
0 6 24
0 6 23
0 6 10
0 6 2
0 6 3
0 6 2
0 6 24
0 6 15
0 6 4
0 6 24
0 6 25
0 6 2
0 6 26
0 6 0
0 6 3
0 6 4
0 6 23
0 6 0
0 6 25
0 6 0
0 6 28
0 6 24
0 6 4
0 6 23
0 6 4
0 6 14
0 6 26
0 6 22
0 6 25
0 6 23
0 6 23
0 6 23
0 6 0
0 6 4
0 6 23
0 6 2
0 6 3
0 6 22
0 6 25
0 6 11
0 6 10
0 6 26
0 6 27
0 6 25
0 6 14
0 6 24
0 6 21
0 6 12
0 6 21
0 6 22
0 6 26
0 6 3
0 6 24
0 6 13
0 6 0
0 6 3
0 6 4
0 6 13
0 6 24
0 6 23
0 6 0
0 6 11
0 6 22
0 6 10
0 6 3
0 6 12
0 6 0
0 6 24
0 6 26
0 6 31
0 6 11
0 6 3
0 6 22
0 6 4
0 6 22
0 6 23
0 6 25
0 6 3
0 6 22
0 6 23
0 6 24
0 6 25
0 6 11
0 6 24
0 6 12
0 6 23
0 6 23
0 6 23
0 6 0
0 6 11
0 6 3
0 6 13
0 6 24
0 6 11
0 6 1
0 6 13
0 6 10
0 6 23
0 6 22
0 6 0
0 6 2
0 6 23
0 6 2
0 6 0
0 6 26
0 6 25
0 6 23
0 6 25
0 6 23
0 6 27
0 6 3
0 6 4
0 6 23
0 6 1
0 6 22
0 6 4
0 6 13
0 6 3
0 6 24
0 6 24
0 6 24
0 6 3
0 6 26
0 6 0
0 6 3
0 6 23
0 6 22
0 6 21
0 6 2
0 6 14
0 6 23
0 6 25
0 6 4
0 6 0
0 6 2
0 6 23
0 6 4
0 6 0
0 6 25
0 6 22
0 6 22
0 6 26
0 6 23
0 6 24
0 6 3
0 6 12
0 6 27
0 6 10
0 6 26
0 6 4
0 6 25
0 6 24
0 6 22
0 6 2
0 6 25
0 6 10
0 6 24
0 6 23
0 6 3
0 6 15
0 6 3
0 6 13
0 6 3
0 6 30
0 6 11
0 6 11
0 6 10
0 6 23
0 6 0
0 6 1
0 6 22
0 6 4
0 6 23
0 6 0
0 6 2
0 6 24
0 6 3
0 6 2
0 6 25
0 6 4
0 6 4
0 6 4
0 6 23
0 6 25
0 6 23
0 6 26
0 6 24
0 6 31
0 6 12
0 6 24
0 6 24
0 6 23
0 6 2
0 6 25
0 6 26
0 6 4
0 6 28
0 6 25
0 6 3
0 6 24
0 6 0
0 6 12
0 6 3
0 6 23
0 6 23
0 6 24
0 6 24
0 6 25
0 6 31
0 6 22
0 6 24
0 6 24
0 6 3
0 6 4
0 6 26
0 6 12
0 6 26
0 6 23
0 6 4
0 6 4
0 6 11
0 6 15
0 6 23
0 6 25
0 6 22
0 6 24
0 6 24
0 6 12
0 6 24
0 6 23
0 6 4
0 6 10
0 6 24
0 6 26
0 6 28
0 6 13
0 8 3
0 8 3
0 9 2
0 9 0
0 9 12
0 9 12
0 9 14
0 9 23
0 9 0
0 9 12
0 9 15
0 9 11
0 9 3
0 9 23
0 9 10
0 9 22
0 9 0
0 9 12
0 9 13
0 9 10
0 9 12
0 9 24
0 9 12
0 9 29
0 9 21
0 9 3
0 9 13
0 9 1
0 9 3
0 9 12
0 9 3
0 9 11
0 9 23
0 9 11
0 9 14
0 9 13
0 9 12
0 9 12
0 9 25
0 9 15
0 9 12
0 9 23
0 9 0
0 9 3
0 9 25
0 9 10
0 9 24
0 9 11
0 9 29
0 9 11
0 9 1
0 9 22
0 9 10
0 9 3
0 9 10
0 9 24
0 9 1
0 9 11
0 9 13
0 9 24
0 9 22
0 9 29
0 9 24
0 9 22
0 9 22
0 9 12
0 9 12
0 9 13
0 9 24
0 9 11
0 9 13
0 9 12
0 9 13
0 9 22
0 9 14
0 9 22
0 9 22
0 9 11
0 9 0
0 9 0
0 9 10
0 9 11
0 9 23
0 9 13
0 9 25
0 9 11
0 9 22
0 9 13
0 9 13
0 9 24
0 9 28
0 9 3
0 9 12
0 9 23
0 9 13
0 9 22
0 9 23
0 9 11
0 9 4
0 9 23
0 9 0
0 9 24
0 9 25
0 9 25
0 9 12
0 9 24
0 9 10
0 9 24
0 9 25
0 9 24
0 9 23
0 9 12
0 9 12
0 9 12
0 9 10
0 9 24
0 9 24
0 9 12
0 9 23
0 9 12
0 9 22
0 9 29
0 9 0
0 9 3
0 9 22
0 9 10
0 9 22
0 9 3
0 9 22
0 9 0
0 9 10
0 9 23
0 9 26
0 9 23
0 9 10
0 9 24
0 9 10
0 9 11
0 9 24
0 9 22
0 9 13
0 9 23
0 9 12
0 9 1
0 9 12
0 9 11
0 9 22
0 9 14
0 9 1
0 9 0
0 9 13
0 9 11
0 9 24
0 9 11
0 9 23
0 9 24
0 9 10
0 9 14
0 9 23
0 9 10
0 9 10
0 9 24
0 9 24
0 9 0
0 9 13
0 9 12
0 9 3
0 9 11
0 9 3
0 9 24
0 9 22
0 9 24
0 9 10
0 9 21
0 9 3
0 9 11
0 9 12
0 9 0
0 9 0
0 9 23
0 9 11
0 9 24
0 9 23
0 9 3
0 9 15
0 9 23
0 9 13
0 9 3
0 9 0
0 9 23
0 9 14
0 9 21
0 9 23
0 9 13
0 9 13
0 9 21
0 9 23
0 9 11
0 9 0
0 9 23
0 9 12
0 9 3
0 9 0
0 9 3
0 9 25
0 9 24
0 9 11
0 9 24
0 9 13
0 9 0
0 9 22
0 9 10
0 9 23
0 9 12
0 7 25
0 7 25
0 7 14
0 7 14
0 7 3
0 7 3
0 7 3
0 7 3
0 4 24
0 4 25
0 4 14
0 4 14
0 4 14
0 4 15
0 4 25
0 4 25
0 4 25
0 4 14
0 4 15
0 4 3
0 4 3
0 4 25
0 4 25
0 4 25
0 4 26
0 4 3
0 4 4
0 4 3
0 4 4
0 11 23
0 2 14
0 9 23
0 7 22
0 7 23
0 7 12
0 7 14
0 7 14
0 7 26
0 7 4
0 7 4
0 3 10
0 3 23
0 3 25
0 3 25
0 3 3
0 3 3
0 7 14
0 7 25
0 7 24
0 7 31
0 5 4
0 7 4
0 2 4
0 3 4
0 7 30
0 9 29
0 7 30
0 7 30
0 7 30
0 4 24
0 4 24
0 4 24
0 4 24
0 4 13
0 4 25
0 4 3
0 4 4
0 4 0
0 4 0
0 7 23
0 7 24
0 7 25
0 7 31
0 7 31
0 7 31
0 7 30
0 7 22
0 7 29
0 7 30
0 7 3
0 7 5
0 7 15
0 7 25
0 7 15
0 7 4
0 7 3
0 7 23
0 7 13
0 7 4
0 7 4
0 7 4
0 7 4
0 7 1
0 7 3
0 7 3
0 7 4
0 7 25
0 8 4
0 7 3
0 2 23
0 2 25
0 2 26
0 2 15
0 2 3
0 2 4
0 6 4
0 2 3
0 2 3
0 2 4
0 7 24
0 4 21
0 4 25
0 4 26
0 4 15
0 4 15
0 4 1
0 4 4
0 4 4
0 4 3
0 4 3
0 4 4
0 7 24
0 7 14
0 7 31
0 7 31
0 7 31
0 10 15
0 10 4
0 10 4
0 10 4
0 10 4
0 10 4
0 10 4
0 10 4
0 10 4
0 2 29
0 3 14
0 3 26
0 3 26
0 3 26
0 3 3
0 3 3
0 3 4
0 3 3
0 3 3
0 3 3
0 8 31
0 9 25
0 9 25
0 9 23
0 9 24
0 2 24
0 6 25
0 6 25
0 6 25
0 6 25
0 6 25
0 6 25
0 6 25
0 6 25
0 6 23
0 2 24
0 9 10
0 9 22
0 9 22
0 9 29
0 9 22
0 9 22
0 9 22
0 9 11
0 9 11
0 9 23
0 9 23
0 9 1
0 9 0
0 2 22
0 2 22
0 2 11
0 2 11
0 2 11
0 2 23
0 2 23
0 2 3
0 2 1
0 2 21
0 2 21
0 2 10
0 2 22
0 2 22
0 2 22
0 2 11
0 2 3
0 2 1
0 2 25
0 8 13
0 3 26
0 7 22
0 7 13
0 7 25
0 7 26
0 7 4
0 7 4
0 7 0
0 7 3
0 7 22
0 9 24
0 6 24
0 2 22
0 2 12
0 2 14
0 9 12
