# Parameters: nPorts nContainers
14 3021
# Transport type: id length=(20,40) weight type=(DC,RC,HC,HR)
0 20 3 DC
1 20 9 DC
2 20 14 DC
3 20 21 DC
4 20 27 DC
5 20 3 RC
6 20 9 RC
7 20 14 RC
8 20 21 RC
9 20 27 RC
10 40 3 DC
11 40 6 DC
12 40 9 DC
13 40 14 DC
14 40 21 DC
15 40 27 DC
16 40 3 RC
17 40 9 RC
18 40 14 RC
19 40 21 RC
20 40 27 RC
21 40 3 HC
22 40 6 HC
23 40 9 HC
24 40 14 HC
25 40 21 HC
26 40 27 HC
27 40 3 HR
28 40 9 HR
29 40 14 HR
30 40 21 HR
31 40 27 HR
32 40 3 HC
33 40 6 HC
34 40 9 HC
35 40 14 HC
36 40 21 HC
37 40 27 HC
# Container: startPort endPort typeId [bay stack tier slot]
0 4 4 1 4 10 1
0 4 4 1 4 10 2
0 4 3 1 4 11 1
0 4 3 1 4 11 2
0 4 3 1 4 12 1
0 4 3 1 4 12 2
0 4 2 1 4 13 1
0 4 2 1 4 13 2
0 4 24 1 4 14 1
0 4 23 1 4 15 1
0 4 4 1 11 10 1
0 4 4 1 11 10 2
0 4 26 1 11 11 1
0 4 26 1 11 12 1
0 4 25 1 11 13 1
0 4 25 1 11 14 1
0 4 23 1 11 15 1
0 4 26 1 12 10 1
0 3 23 1 12 11 1
0 2 3 1 7 6 1
0 2 4 1 7 6 2
0 2 26 1 7 7 1
0 4 26 1 9 6 1
0 4 12 1 9 7 1
0 4 10 1 9 8 1
0 2 26 1 10 7 1
0 2 15 1 10 8 1
0 4 26 2 1 10 1
0 4 14 2 1 11 1
0 4 14 2 1 12 1
0 4 25 2 1 13 1
0 4 25 2 1 14 1
0 4 25 2 1 15 1
0 4 14 2 3 10 1
0 4 25 2 3 11 1
0 4 25 2 3 12 1
0 4 24 2 3 13 1
0 4 24 2 3 14 1
0 4 24 2 3 15 1
0 5 15 2 4 10 1
0 5 26 2 4 11 1
0 5 26 2 4 12 1
0 5 26 2 4 13 1
0 5 12 2 4 14 1
0 4 24 2 11 10 1
0 4 24 2 11 11 1
0 4 23 2 12 10 1
0 4 23 2 12 11 1
0 4 23 2 12 12 1
0 4 23 2 12 13 1
0 4 23 2 12 14 1
0 4 26 2 14 10 1
0 4 25 2 14 11 1
0 4 25 2 14 12 1
0 4 25 2 14 13 1
0 4 25 2 14 14 1
0 4 25 2 14 15 1
0 7 15 2 3 7 1
0 5 15 2 3 8 1
0 5 3 2 4 7 1
0 5 3 2 4 7 2
0 4 23 2 4 8 1
0 5 3 2 5 6 1
0 5 3 2 5 6 2
0 4 1 2 5 7 1
0 5 2 2 5 7 2
0 4 13 2 5 8 1
0 4 3 2 6 5 1
0 4 3 2 6 5 2
0 4 3 2 6 6 1
0 4 3 2 6 6 2
0 4 14 2 6 7 1
0 4 25 2 6 8 1
0 8 3 2 9 3 1
0 8 3 2 9 3 2
0 8 3 2 9 4 1
0 8 3 2 9 4 2
0 5 15 2 9 5 1
0 5 15 2 9 6 1
0 5 15 2 9 7 1
0 5 26 2 9 8 1
0 3 4 2 10 5 1
0 3 4 2 10 5 2
0 3 3 2 10 6 1
0 3 4 2 10 6 2
0 3 15 2 10 7 1
0 3 26 2 10 8 1
0 5 26 2 11 6 1
0 5 26 2 11 7 1
0 6 1 2 12 7 1
0 6 3 2 12 7 2
0 6 22 2 12 8 1
0 6 2 2 13 7 1
0 5 3 2 13 7 2
0 4 25 2 13 8 1
0 4 25 3 0 10 1
0 4 25 3 0 11 1
0 4 1 3 2 10 1
0 4 4 3 2 10 2
0 4 1 3 2 11 1
0 4 3 3 2 11 2
0 4 0 3 2 12 1
0 4 2 3 2 12 2
0 4 11 3 2 13 1
0 4 22 3 2 14 1
0 4 22 3 3 10 1
0 4 26 3 4 10 1
0 4 25 3 4 11 1
0 4 25 3 4 12 1
0 4 25 3 4 13 1
0 4 25 3 4 14 1
0 4 25 3 4 15 1
0 6 26 3 11 10 1
0 3 26 3 11 11 1
0 3 25 3 11 12 1
0 3 25 3 11 13 1
0 2 25 3 11 14 1
0 2 26 3 12 10 1
0 2 26 3 12 11 1
0 3 3 3 14 10 1
0 3 3 3 14 10 2
0 3 2 3 14 11 1
0 3 3 3 14 11 2
0 3 25 3 14 12 1
0 3 24 3 14 13 1
0 3 22 3 14 14 1
0 3 3 3 15 10 1
0 3 4 3 15 10 2
0 3 3 3 15 11 1
0 3 3 3 15 11 2
0 8 13 3 15 12 1
0 3 22 3 15 13 1
0 4 15 3 2 7 1
0 4 26 3 2 8 1
0 6 3 3 3 6 1
0 6 3 3 3 6 2
0 6 13 3 3 7 1
0 6 12 3 3 8 1
0 4 15 3 4 5 1
0 4 21 3 4 6 1
0 4 3 3 5 4 1
0 4 4 3 5 4 2
0 4 26 3 5 5 1
0 4 14 3 5 6 1
0 4 13 3 5 7 1
0 4 12 3 5 8 1
0 4 12 3 10 3 1
0 4 23 3 10 4 1
0 4 11 3 10 5 1
0 4 22 3 10 6 1
0 4 10 3 10 7 1
0 3 4 3 11 4 1
0 3 4 3 11 4 2
0 3 15 3 11 5 1
0 3 26 3 11 6 1
0 3 14 3 11 7 1
0 3 26 3 12 5 1
0 3 26 3 12 6 1
0 3 15 3 12 7 1
0 6 3 3 13 6 1
0 6 3 3 13 6 2
0 6 22 3 13 7 1
0 3 26 3 14 7 1
0 3 15 3 14 8 1
0 4 0 4 1 10 1
0 8 4 4 1 10 2
0 3 26 4 1 11 1
0 3 25 4 1 12 1
0 8 22 4 1 13 1
0 8 22 4 1 14 1
0 6 22 4 2 10 1
0 6 22 4 2 11 1
0 3 26 4 3 10 1
0 3 26 4 3 11 1
0 8 24 4 4 10 1
0 8 22 4 4 11 1
0 8 10 4 4 12 1
0 8 21 4 4 13 1
0 3 0 4 5 10 1
0 3 4 4 5 10 2
0 3 25 4 5 11 1
0 3 25 4 5 12 1
0 3 25 4 5 13 1
0 3 24 4 5 14 1
0 3 3 4 1 7 1
0 3 3 4 1 7 2
0 3 26 4 1 8 1
0 5 26 4 2 6 1
0 4 26 4 2 7 1
0 9 23 4 3 5 1
0 9 23 4 3 6 1
0 7 22 4 3 7 1
0 8 2 4 4 4 1
0 8 3 4 4 4 2
0 8 22 4 4 5 1
0 8 21 4 4 6 1
0 8 21 4 4 7 1
0 8 14 4 5 3 1
0 4 3 4 6 1 1
0 4 4 4 6 1 2
0 4 2 4 6 2 1
0 4 4 4 6 2 2
0 4 2 4 6 3 1
0 4 4 4 6 3 2
0 4 2 4 6 4 1
0 4 4 4 6 4 2
0 4 0 4 6 5 1
0 4 3 4 6 5 2
0 4 14 4 6 6 1
0 4 25 4 6 7 1
0 4 12 4 6 8 1
0 4 15 4 10 1 1
0 4 14 4 10 2 1
0 7 23 4 10 3 1
0 4 11 4 10 4 1
0 8 10 4 10 5 1
0 5 24 4 12 4 1
0 5 24 4 12 5 1
0 5 12 4 12 6 1
0 8 26 5 0 10 1
0 8 26 5 2 10 1
0 2 26 5 4 10 1
0 2 26 5 4 11 1
0 8 3 5 5 10 1
0 8 3 5 5 10 2
0 2 26 5 7 10 1
0 2 26 5 7 11 1
0 2 26 5 7 12 1
0 2 3 5 8 10 1
0 2 4 5 8 10 2
0 2 3 5 8 11 1
0 2 3 5 8 11 2
0 2 26 5 8 12 1
0 2 26 5 8 13 1
0 2 25 5 8 14 1
0 3 26 5 1 6 1
0 3 26 5 1 7 1
0 2 3 5 2 5 1
0 2 3 5 2 5 2
0 2 26 5 2 6 1
0 2 26 5 2 7 1
0 3 29 5 3 4 1
0 3 23 5 3 5 1
0 3 23 5 3 6 1
0 3 23 5 3 7 1
0 3 3 5 4 2 1
0 3 4 5 4 2 2
0 3 3 5 4 3 1
0 3 4 5 4 3 2
0 3 7 5 4 4 1
0 3 3 5 4 4 2
0 3 31 5 4 5 1
0 3 15 5 4 6 1
0 3 15 5 4 7 1
0 3 15 5 4 8 1
0 4 3 5 5 1 1
0 4 4 5 5 1 2
0 4 3 5 5 2 1
0 4 3 5 5 2 2
0 4 3 5 5 3 1
0 4 3 5 5 3 2
0 4 3 5 5 4 1
0 4 3 5 5 4 2
0 4 2 5 5 5 1
0 4 3 5 5 5 2
0 4 15 5 5 6 1
0 4 26 5 5 7 1
0 4 11 5 5 8 1
0 9 3 5 6 1 1
0 9 4 5 6 1 2
0 9 2 5 6 2 1
0 9 4 5 6 2 2
0 9 31 5 6 3 1
0 9 26 5 6 4 1
0 8 26 5 6 5 1
0 6 26 5 6 6 1
0 8 25 5 6 7 1
0 2 15 5 7 0 1
0 3 4 5 8 0 1
0 3 4 5 8 0 2
0 3 31 5 8 1 1
0 3 31 5 8 2 1
0 3 15 5 8 3 1
0 3 15 5 8 4 1
0 8 31 5 8 5 1
0 7 15 5 8 6 1
0 7 15 5 8 7 1
0 5 30 5 9 0 1
0 5 30 5 9 1 1
0 5 30 5 9 2 1
0 5 25 5 9 3 1
0 5 25 5 9 4 1
0 5 25 5 9 5 1
0 5 23 5 9 6 1
0 5 23 5 9 7 1
0 9 23 5 10 1 1
0 9 23 5 10 2 1
0 9 23 5 10 3 1
0 9 22 5 10 4 1
0 9 22 5 10 5 1
0 4 11 5 10 6 1
0 4 22 5 10 7 1
0 4 3 5 11 1 1
0 4 4 5 11 1 2
0 4 4 5 11 2 1
0 4 0 5 11 2 2
0 7 26 5 11 3 1
0 4 15 5 11 4 1
0 5 25 5 11 5 1
0 4 3 5 12 2 1
0 4 4 5 12 2 2
0 4 3 5 12 3 1
0 4 4 5 12 3 2
0 4 3 5 12 4 1
0 4 4 5 12 4 2
0 4 1 5 12 5 1
0 4 4 5 12 5 2
0 4 30 5 12 6 1
0 4 13 5 12 7 1
0 4 12 5 12 8 1
0 5 31 5 13 4 1
0 5 15 5 13 5 1
0 5 15 5 13 6 1
0 5 15 5 13 7 1
0 5 15 5 13 8 1
0 7 3 5 15 6 1
0 7 3 5 15 6 2
0 7 1 5 15 7 1
0 7 3 5 15 7 2
0 7 0 5 15 8 1
0 7 3 5 15 8 2
0 5 3 6 3 2 1
0 5 4 6 3 2 2
0 5 3 6 3 3 1
0 5 3 6 3 3 2
0 5 15 6 3 4 1
0 5 15 6 3 5 1
0 5 15 6 3 6 1
0 5 14 6 3 7 1
0 5 25 6 3 8 1
0 4 26 6 5 1 1
0 4 25 6 5 2 1
0 4 25 6 5 3 1
0 4 25 6 5 4 1
0 4 24 6 5 5 1
0 3 23 6 5 6 1
0 4 24 6 6 0 1
0 4 24 6 6 1 1
0 4 24 6 6 2 1
0 4 12 6 6 3 1
0 4 23 6 6 4 1
0 4 23 6 6 5 1
0 4 11 6 6 6 1
0 4 22 6 6 7 1
0 4 23 6 7 0 1
0 4 23 6 7 1 1
0 4 23 6 7 2 1
0 4 11 6 7 3 1
0 4 22 6 7 4 1
0 4 22 6 7 5 1
0 4 22 6 7 6 1
0 4 22 6 7 7 1
0 7 0 6 8 0 1
0 7 0 6 8 0 2
0 7 11 6 8 1 1
0 7 11 6 8 2 1
0 7 11 6 8 3 1
0 7 11 6 8 4 1
0 7 11 6 8 5 1
0 7 11 6 8 6 1
0 7 22 6 8 7 1
0 7 0 6 10 0 1
0 7 4 6 10 0 2
0 7 0 6 10 1 1
0 7 3 6 10 1 2
0 7 0 6 10 2 1
0 7 2 6 10 2 2
0 7 24 6 10 3 1
0 7 23 6 10 4 1
0 9 2 6 11 1 1
0 9 4 6 11 1 2
0 9 1 6 11 2 1
0 9 4 6 11 2 2
0 9 25 6 11 3 1
0 9 24 6 11 4 1
0 9 24 6 11 5 1
0 9 24 6 11 6 1
0 9 24 6 11 7 1
0 5 15 6 13 2 1
0 5 15 6 13 3 1
0 5 26 6 13 4 1
0 5 26 6 13 5 1
0 4 12 6 13 6 1
0 4 23 6 13 7 1
0 4 0 6 14 4 1
0 4 4 6 14 4 2
0 4 26 6 14 5 1
0 4 26 6 14 6 1
0 4 26 6 14 7 1
0 6 4 6 15 5 1
0 6 4 6 15 5 2
0 2 4 6 15 6 1
0 6 4 6 15 6 2
0 4 3 6 15 7 1
0 6 3 6 15 7 2
0 4 15 7 0 10 1
0 4 15 7 0 11 1
0 3 31 7 0 12 1
0 2 25 7 0 13 1
0 5 13 7 0 14 1
0 4 24 7 0 15 1
0 4 15 7 1 10 1
0 2 26 7 1 11 1
0 2 25 7 1 12 1
0 2 25 7 1 13 1
0 2 25 7 1 14 1
0 2 25 7 1 15 1
0 2 25 7 1 16 1
0 4 15 7 2 10 1
0 4 15 7 2 11 1
0 2 14 7 2 12 1
0 2 14 7 2 13 1
0 2 25 7 2 14 1
0 2 25 7 2 15 1
0 2 25 7 2 16 1
0 3 3 7 3 10 1
0 3 4 7 3 10 2
0 3 3 7 3 11 1
0 3 3 7 3 11 2
0 3 3 7 3 12 1
0 3 3 7 3 12 2
0 2 26 7 3 13 1
0 2 26 7 3 14 1
0 5 12 7 3 15 1
0 4 23 7 3 16 1
0 4 3 7 4 10 1
0 4 3 7 4 10 2
0 4 1 7 4 11 1
0 4 3 7 4 11 2
0 4 15 7 4 12 1
0 4 26 7 4 13 1
0 4 24 7 4 14 1
0 4 23 7 4 15 1
0 4 22 7 4 16 1
0 2 3 7 5 10 1
0 2 4 7 5 10 2
0 2 26 7 5 11 1
0 2 25 7 5 12 1
0 2 25 7 5 13 1
0 2 25 7 5 14 1
0 2 25 7 5 15 1
0 2 25 7 5 16 1
0 4 4 7 1 4 1
0 4 4 7 1 4 2
0 4 24 7 1 5 1
0 4 23 7 1 6 1
0 4 22 7 1 7 1
0 4 0 7 2 4 1
0 4 0 7 2 4 2
0 4 11 7 2 5 1
0 4 10 7 2 6 1
0 4 10 7 2 7 1
0 4 21 7 2 8 1
0 6 3 7 3 4 1
0 6 3 7 3 4 2
0 6 3 7 3 5 1
0 6 3 7 3 5 2
0 6 3 7 3 6 1
0 6 3 7 3 6 2
0 6 3 7 3 7 1
0 6 3 7 3 7 2
0 6 3 7 3 8 1
0 6 3 7 3 8 2
0 7 4 7 4 4 1
0 7 4 7 4 4 2
0 7 4 7 4 5 1
0 7 4 7 4 5 2
0 7 14 7 4 6 1
0 7 13 7 4 7 1
0 7 24 7 4 8 1
0 5 25 7 5 4 1
0 5 25 7 5 5 1
0 5 25 7 5 6 1
0 5 24 7 5 7 1
0 4 3 7 7 4 1
0 4 4 7 7 4 2
0 4 3 7 7 5 1
0 4 3 7 7 5 2
0 4 3 7 7 6 1
0 4 3 7 7 6 2
0 4 14 7 7 7 1
0 4 25 7 7 8 1
0 2 4 7 8 4 1
0 2 4 7 8 4 2
0 2 4 7 8 5 1
0 2 4 7 8 5 2
0 2 4 7 8 6 1
0 2 4 7 8 6 2
0 2 3 7 8 7 1
0 2 4 7 8 7 2
0 2 25 7 8 8 1
0 2 4 7 9 4 1
0 2 4 7 9 4 2
0 2 25 7 9 5 1
0 2 25 7 9 6 1
0 2 25 7 9 7 1
0 4 25 7 11 4 1
0 4 25 7 11 5 1
0 4 25 7 11 6 1
0 4 25 7 11 7 1
0 4 26 7 12 4 1
0 4 26 7 12 5 1
0 4 26 7 12 6 1
0 4 26 7 12 7 1
0 2 4 7 13 4 1
0 2 4 7 13 4 2
0 2 15 7 13 5 1
0 2 26 7 13 6 1
0 5 4 7 14 4 1
0 5 4 7 14 4 2
0 5 4 7 14 5 1
0 5 4 7 14 5 2
0 5 3 7 14 6 1
0 5 4 7 14 6 2
0 5 3 7 14 7 1
0 5 4 7 14 7 2
0 4 13 7 14 8 1
0 2 3 7 15 4 1
0 2 4 7 15 4 2
0 2 3 7 15 5 1
0 2 3 7 15 5 2
0 2 3 7 15 6 1
0 2 3 7 15 6 2
0 6 3 8 1 1 1
0 6 3 8 1 1 2
0 6 0 8 1 2 1
0 6 3 8 1 2 2
0 6 24 8 1 3 1
0 6 24 8 1 4 1
0 6 24 8 1 5 1
0 6 23 8 1 6 1
0 6 23 8 1 7 1
0 7 0 8 2 0 1
0 6 1 8 2 0 2
0 7 0 8 2 1 1
0 7 0 8 2 1 2
0 7 0 8 2 2 1
0 7 0 8 2 2 2
0 7 0 8 2 3 1
0 6 0 8 2 3 2
0 4 0 8 5 0 1
0 4 3 8 5 0 2
0 4 12 8 5 1 1
0 4 12 8 5 2 1
0 4 23 8 5 3 1
0 4 22 8 5 4 1
0 4 22 8 5 5 1
0 4 22 8 5 6 1
0 4 22 8 5 7 1
0 4 2 8 6 0 1
0 2 3 8 6 0 2
0 5 15 8 7 0 1
0 5 15 8 7 1 1
0 5 26 8 7 2 1
0 5 26 8 7 3 1
0 5 26 8 7 4 1
0 5 26 8 7 5 1
0 3 22 8 7 6 1
0 3 3 8 8 0 1
0 3 4 8 8 0 2
0 3 3 8 8 1 1
0 3 4 8 8 1 2
0 3 15 8 8 2 1
0 3 15 8 8 3 1
0 3 26 8 8 4 1
0 3 26 8 8 5 1
0 3 25 8 8 6 1
0 3 25 8 8 7 1
0 9 4 8 10 0 1
0 9 4 8 10 0 2
0 9 4 8 10 1 1
0 9 4 8 10 1 2
0 9 3 8 10 2 1
0 9 4 8 10 2 2
0 9 3 8 10 3 1
0 9 4 8 10 3 2
0 9 3 8 10 4 1
0 9 4 8 10 4 2
0 9 2 8 10 5 1
0 9 4 8 10 5 2
0 9 14 8 10 6 1
0 9 14 8 10 7 1
0 9 25 8 10 8 1
0 4 3 8 11 0 1
0 4 3 8 11 0 2
0 4 0 8 11 1 1
0 4 3 8 11 1 2
0 4 0 8 11 2 1
0 4 3 8 11 2 2
0 4 25 8 11 3 1
0 4 25 8 11 4 1
0 4 25 8 11 5 1
0 4 13 8 11 6 1
0 4 22 8 11 7 1
0 3 14 8 14 0 1
0 3 14 8 14 1 1
0 3 14 8 14 2 1
0 3 14 8 14 3 1
0 3 25 8 14 4 1
0 3 25 8 14 5 1
0 3 13 8 14 6 1
0 3 22 8 14 7 1
0 4 6 9 2 0 1
0 7 4 9 2 0 2
0 6 0 9 2 1 1
0 3 2 9 2 1 2
0 4 7 9 2 2 1
0 7 0 9 2 2 2
0 4 7 9 2 3 1
0 6 0 9 2 3 2
0 6 24 9 2 4 1
0 4 29 9 2 5 1
0 4 24 9 2 6 1
0 2 3 9 3 0 1
0 2 4 9 3 0 2
0 2 3 9 3 1 1
0 2 4 9 3 1 2
0 2 0 9 3 2 1
0 2 3 9 3 2 2
0 2 25 9 3 3 1
0 6 28 9 3 4 1
0 6 22 9 3 5 1
0 3 22 9 3 6 1
0 7 3 9 4 0 1
0 7 4 9 4 0 2
0 7 1 9 4 1 1
0 7 3 9 4 1 2
0 7 14 9 4 2 1
0 7 24 9 4 3 1
0 2 3 9 6 0 1
0 2 4 9 6 0 2
0 2 3 9 6 1 1
0 2 4 9 6 1 2
0 2 3 9 6 2 1
0 2 4 9 6 2 2
0 2 0 9 6 3 1
0 2 4 9 6 3 2
0 2 25 9 6 4 1
0 2 25 9 6 5 1
0 5 25 9 6 6 1
0 5 25 9 6 7 1
0 8 3 9 7 0 1
0 9 4 9 7 0 2
0 8 31 9 7 1 1
0 5 15 9 7 2 1
0 8 22 9 7 3 1
0 8 22 9 7 4 1
0 8 22 9 7 5 1
0 8 22 9 7 6 1
0 8 21 9 7 7 1
0 2 4 9 8 0 1
0 2 4 9 8 0 2
0 2 3 9 8 1 1
0 2 4 9 8 1 2
0 2 3 9 8 2 1
0 2 4 9 8 2 2
0 2 15 9 8 3 1
0 4 15 9 8 4 1
0 4 14 9 8 5 1
0 4 14 9 8 6 1
0 4 14 9 8 7 1
0 4 23 9 8 8 1
0 3 4 9 9 0 1
0 3 4 9 9 0 2
0 3 4 9 9 1 1
0 3 4 9 9 1 2
0 3 26 9 9 2 1
0 2 15 9 9 3 1
0 3 4 9 10 0 1
0 8 4 9 10 0 2
0 3 4 9 10 1 1
0 4 3 9 10 1 2
0 3 3 9 10 2 1
0 3 4 9 10 2 2
0 3 1 9 10 3 1
0 3 4 9 10 3 2
0 3 0 9 10 4 1
0 3 4 9 10 4 2
0 3 0 9 10 5 1
0 3 3 9 10 5 2
0 3 14 9 10 6 1
0 3 14 9 10 7 1
0 3 23 9 10 8 1
0 5 30 9 11 0 1
0 5 30 9 11 1 1
0 5 30 9 11 2 1
0 5 30 9 11 3 1
0 5 29 9 11 4 1
0 5 24 9 11 5 1
0 5 23 9 11 6 1
0 5 23 9 11 7 1
0 2 31 9 13 0 1
0 5 5 9 15 1 1
0 5 3 9 15 1 2
0 5 14 9 15 2 1
0 5 25 9 15 3 1
0 5 25 9 15 4 1
0 5 25 9 15 5 1
0 5 13 9 15 6 1
0 5 22 9 15 7 1
0 2 4 10 1 1 1
0 2 4 10 1 1 2
0 2 4 10 1 2 1
0 2 4 10 1 2 2
0 8 22 10 1 3 1
0 2 3 10 2 0 1
0 2 4 10 2 0 2
0 2 3 10 2 1 1
0 2 4 10 2 1 2
0 2 3 10 2 2 1
0 2 4 10 2 2 2
0 2 2 10 2 3 1
0 2 3 10 2 3 2
0 2 26 10 2 4 1
0 2 25 10 2 5 1
0 2 25 10 2 6 1
0 2 24 10 2 7 1
0 4 3 10 7 0 1
0 4 4 10 7 0 2
0 5 1 10 7 1 1
0 4 4 10 7 1 2
0 3 1 10 7 2 1
0 4 4 10 7 2 2
0 4 0 10 7 3 1
0 4 4 10 7 3 2
0 3 26 10 7 4 1
0 3 24 10 7 5 1
0 3 24 10 7 6 1
0 3 23 10 7 7 1
0 7 2 10 9 0 1
0 7 3 10 9 0 2
0 7 2 10 9 1 1
0 7 3 10 9 1 2
0 7 0 10 9 2 1
0 7 3 10 9 2 2
0 7 0 10 9 3 1
0 7 3 10 9 3 2
0 7 14 10 9 4 1
0 7 12 10 9 5 1
0 7 11 10 9 6 1
0 7 21 10 9 7 1
0 3 4 10 10 0 1
0 3 4 10 10 0 2
0 3 3 10 10 1 1
0 3 4 10 10 1 2
0 3 3 10 10 2 1
0 3 4 10 10 2 2
0 3 14 10 10 3 1
0 3 13 10 10 4 1
0 3 12 10 10 5 1
0 3 12 10 10 6 1
0 3 10 10 10 7 1
0 3 21 10 10 8 1
0 3 3 10 11 0 1
0 3 4 10 11 0 2
0 3 26 10 11 1 1
0 3 25 10 11 2 1
0 3 25 10 11 3 1
0 3 24 10 11 4 1
0 3 10 10 11 5 1
0 3 3 10 12 0 1
0 3 3 10 12 0 2
0 3 14 10 12 1 1
0 3 14 10 12 2 1
0 3 13 10 12 3 1
0 3 13 10 12 4 1
0 3 12 10 12 5 1
0 3 12 10 12 6 1
0 3 10 10 12 7 1
0 3 21 10 12 8 1
0 3 3 10 13 0 1
0 3 4 10 13 0 2
0 3 3 10 13 1 1
0 3 4 10 13 1 2
0 3 2 10 13 2 1
0 3 4 10 13 2 2
0 3 2 10 13 3 1
0 3 3 10 13 3 2
0 3 2 10 13 4 1
0 3 3 10 13 4 2
0 3 2 10 13 5 1
0 3 3 10 13 5 2
0 3 2 10 13 6 1
0 3 3 10 13 6 2
0 3 0 10 13 7 1
0 3 3 10 13 7 2
0 3 24 10 13 8 1
0 3 1 10 15 1 1
0 3 2 10 15 1 2
0 3 25 10 15 2 1
0 3 25 10 15 3 1
0 3 13 10 15 4 1
0 3 13 10 15 5 1
0 3 24 10 15 6 1
0 3 24 10 15 7 1
0 2 3 11 3 4 1
0 2 4 11 3 4 2
0 2 0 11 3 5 1
0 2 4 11 3 5 2
0 2 25 11 3 6 1
0 2 25 11 3 7 1
0 2 14 11 4 4 1
0 2 25 11 4 5 1
0 4 4 11 7 4 1
0 4 4 11 7 4 2
0 4 15 11 7 5 1
0 4 14 11 7 6 1
0 4 14 11 7 7 1
0 4 25 11 7 8 1
0 9 2 11 8 4 1
0 9 3 11 8 4 2
0 9 14 11 8 5 1
0 9 13 11 8 6 1
0 9 13 11 8 7 1
0 9 13 11 8 8 1
0 3 3 11 9 4 1
0 3 3 11 9 4 2
0 3 3 11 9 5 1
0 3 3 11 9 5 2
0 3 3 11 9 6 1
0 3 3 11 9 6 2
0 3 3 11 9 7 1
0 3 3 11 9 7 2
0 3 3 11 9 8 1
0 3 3 11 9 8 2
0 7 3 11 10 4 1
0 7 4 11 10 4 2
0 7 0 11 10 5 1
0 7 3 11 10 5 2
0 7 25 11 10 6 1
0 7 22 11 10 7 1
0 4 2 11 15 4 1
0 4 3 11 15 4 2
0 4 14 11 15 5 1
0 4 14 11 15 6 1
0 4 14 11 15 7 1
0 4 24 11 15 8 1
0 4 3 12 1 1 1
0 4 4 12 1 1 2
0 4 3 12 1 2 1
0 4 3 12 1 2 2
0 4 15 12 1 3 1
0 4 15 12 1 4 1
0 4 15 12 1 5 1
0 4 15 12 1 6 1
0 4 14 12 1 7 1
0 4 25 12 1 8 1
0 7 3 12 2 0 1
0 7 4 12 2 0 2
0 7 15 12 2 1 1
0 7 13 12 2 2 1
0 7 24 12 2 3 1
0 7 23 12 2 4 1
0 7 23 12 2 5 1
0 7 23 12 2 6 1
0 7 23 12 2 7 1
0 10 2 12 3 0 1
0 10 3 12 3 0 2
0 10 26 12 3 1 1
0 10 25 12 3 2 1
0 10 25 12 3 3 1
0 9 13 12 3 4 1
0 9 24 12 3 5 1
0 9 24 12 3 6 1
0 9 24 12 3 7 1
0 7 3 12 5 0 1
0 7 4 12 5 0 2
0 7 3 12 5 1 1
0 7 4 12 5 1 2
0 7 3 12 5 2 1
0 7 4 12 5 2 2
0 7 3 12 5 3 1
0 7 4 12 5 3 2
0 7 14 12 5 4 1
0 7 12 12 5 5 1
0 7 11 12 5 6 1
0 7 11 12 5 7 1
0 7 22 12 5 8 1
0 6 3 12 6 0 1
0 6 4 12 6 0 2
0 6 3 12 6 1 1
0 6 4 12 6 1 2
0 6 3 12 6 2 1
0 6 4 12 6 2 2
0 6 3 12 6 3 1
0 3 4 12 6 3 2
0 3 3 12 6 4 1
0 3 3 12 6 4 2
0 3 3 12 6 5 1
0 3 3 12 6 5 2
0 3 3 12 6 6 1
0 3 3 12 6 6 2
0 3 3 12 6 7 1
0 3 3 12 6 7 2
0 3 24 12 6 8 1
0 5 4 12 7 0 1
0 5 4 12 7 0 2
0 5 4 12 7 1 1
0 5 4 12 7 1 2
0 5 4 12 7 2 1
0 5 4 12 7 2 2
0 3 26 12 7 3 1
0 3 26 12 7 4 1
0 3 26 12 7 5 1
0 3 25 12 7 6 1
0 3 25 12 7 7 1
0 6 3 12 9 0 1
0 6 3 12 9 0 2
0 6 24 12 9 1 1
0 6 24 12 9 2 1
0 6 24 12 9 3 1
0 6 11 12 9 4 1
0 6 22 12 9 5 1
0 6 22 12 9 6 1
0 7 4 12 10 0 1
0 7 4 12 10 0 2
0 5 4 12 10 1 1
0 7 4 12 10 1 2
0 5 3 12 10 2 1
0 6 1 12 10 2 2
0 5 15 12 10 3 1
0 5 26 12 10 4 1
0 7 14 12 10 5 1
0 5 25 12 10 6 1
0 5 24 12 10 7 1
0 4 0 12 11 0 1
0 4 4 12 11 0 2
0 4 15 12 11 1 1
0 4 14 12 11 2 1
0 4 14 12 11 3 1
0 4 14 12 11 4 1
0 4 14 12 11 5 1
0 4 13 12 11 6 1
0 4 22 12 11 7 1
0 4 10 12 11 8 1
0 4 26 12 12 0 1
0 4 26 12 12 1 1
0 4 26 12 12 2 1
0 4 26 12 12 3 1
0 4 14 12 12 4 1
0 4 25 12 12 5 1
0 4 1 12 14 0 1
0 4 2 12 14 0 2
0 4 13 12 14 1 1
0 4 23 12 14 2 1
0 4 11 12 14 3 1
0 4 11 12 14 4 1
0 4 22 12 14 5 1
0 4 22 12 14 6 1
0 7 4 13 1 1 1
0 7 4 13 1 1 2
0 7 4 13 1 2 1
0 7 4 13 1 2 2
0 2 4 13 1 3 1
0 7 4 13 1 3 2
0 2 4 13 1 4 1
0 7 4 13 1 4 2
0 4 3 13 1 5 1
0 4 3 13 1 5 2
0 4 3 13 1 6 1
0 4 3 13 1 6 2
0 4 15 13 1 7 1
0 4 15 13 1 8 1
0 8 0 13 3 0 1
0 8 3 13 3 0 2
0 8 22 13 3 1 1
0 8 22 13 3 2 1
0 8 22 13 3 3 1
0 8 22 13 3 4 1
0 8 22 13 3 5 1
0 8 22 13 3 6 1
0 8 21 13 3 7 1
0 7 25 13 4 0 1
0 7 25 13 4 1 1
0 7 25 13 4 2 1
0 7 24 13 4 3 1
0 7 22 13 4 4 1
0 7 22 13 4 5 1
0 7 22 13 4 6 1
0 6 21 13 4 7 1
0 6 2 13 5 0 1
0 5 3 13 5 0 2
0 7 3 13 7 0 1
0 7 4 13 7 0 2
0 7 3 13 7 1 1
0 7 4 13 7 1 2
0 7 2 13 7 2 1
0 7 3 13 7 2 2
0 7 12 13 7 3 1
0 7 12 13 7 4 1
0 7 11 13 7 5 1
0 7 11 13 7 6 1
0 7 11 13 7 7 1
0 7 22 13 7 8 1
0 6 0 13 8 0 1
0 6 3 13 8 0 2
0 6 0 13 8 1 1
0 6 3 13 8 1 2
0 6 0 13 8 2 1
0 6 3 13 8 2 2
0 6 13 13 8 3 1
0 6 12 13 8 4 1
0 6 12 13 8 5 1
0 6 11 13 8 6 1
0 6 10 13 8 7 1
0 6 21 13 8 8 1
0 4 25 13 9 0 1
0 4 25 13 9 1 1
0 4 25 13 9 2 1
0 4 24 13 9 3 1
0 4 11 13 9 4 1
0 4 11 13 9 5 1
0 4 11 13 9 6 1
0 4 22 13 9 7 1
0 4 0 13 10 0 1
0 4 3 13 10 0 2
0 4 25 13 10 1 1
0 4 24 13 10 2 1
0 4 24 13 10 3 1
0 4 12 13 10 4 1
0 4 23 13 10 5 1
0 4 23 13 10 6 1
0 4 10 13 10 7 1
0 4 3 13 11 0 1
0 4 3 13 11 0 2
0 4 26 13 11 1 1
0 4 26 13 11 2 1
0 4 26 13 11 3 1
0 4 26 13 11 4 1
0 4 14 13 11 5 1
0 4 25 13 11 6 1
0 4 12 13 11 7 1
0 10 26 14 4 0 1
0 10 14 14 4 1 1
0 10 25 14 4 2 1
0 10 25 14 4 3 1
0 10 24 14 4 4 1
0 4 11 14 4 5 1
0 4 11 14 4 6 1
0 4 22 14 4 7 1
0 11 15 14 6 0 1
0 11 25 14 6 1 1
0 11 25 14 6 2 1
0 11 25 14 6 3 1
0 11 22 14 6 4 1
0 11 22 14 6 5 1
0 8 22 14 6 6 1
0 8 22 14 6 7 1
0 8 3 14 7 0 1
0 8 3 14 7 0 2
0 8 3 14 7 1 1
0 8 3 14 7 1 2
0 8 15 14 7 2 1
0 8 26 14 7 3 1
0 8 30 14 7 4 1
0 8 25 14 7 5 1
0 8 25 14 7 6 1
0 3 24 14 7 7 1
0 3 26 14 8 0 1
0 3 26 14 8 1 1
0 3 25 14 8 2 1
0 7 3 14 9 0 1
0 7 4 14 9 0 2
0 7 29 14 9 1 1
0 7 12 14 9 2 1
0 7 12 14 9 3 1
0 7 11 14 9 4 1
0 7 22 14 9 5 1
0 7 22 14 9 6 1
0 7 22 14 9 7 1
0 7 3 14 10 0 1
0 7 3 14 10 0 2
0 7 23 14 10 1 1
0 7 23 14 10 2 1
0 7 23 14 10 3 1
0 7 23 14 10 4 1
0 7 22 14 10 5 1
0 7 22 14 10 6 1
0 7 22 14 10 7 1
0 7 23 14 12 0 1
0 7 23 14 12 1 1
0 6 23 14 12 2 1
0 6 23 14 12 3 1
0 4 12 14 12 4 1
0 4 23 14 12 5 1
0 7 22 14 12 6 1
0 4 11 14 12 7 1
0 3 3 14 14 0 1
0 6 4 14 14 0 2
0 3 2 14 14 1 1
0 4 4 14 14 1 2
0 3 23 14 14 2 1
0 3 23 14 14 3 1
0 3 23 14 14 4 1
0 3 23 14 14 5 1
0 3 11 14 14 6 1
0 3 22 14 14 7 1
0 4 3 14 15 1 1
0 4 4 14 15 1 2
0 4 12 14 15 2 1
0 4 12 14 15 3 1
0 4 12 14 15 4 1
0 4 12 14 15 5 1
0 4 12 14 15 6 1
0 4 12 14 15 7 1
0 4 21 14 15 8 1
0 2 4 15 0 10 1
0 2 4 15 0 10 2
0 2 3 15 1 10 1
0 2 4 15 1 10 2
0 2 3 15 1 11 1
0 2 3 15 1 11 2
0 2 25 15 1 12 1
0 2 25 15 1 13 1
0 2 25 15 1 14 1
0 2 25 15 1 15 1
0 2 25 15 1 16 1
0 2 25 15 1 17 1
0 2 31 15 2 10 1
0 2 26 15 3 10 1
0 2 3 15 4 10 1
0 2 4 15 4 10 2
0 2 25 15 4 11 1
0 2 25 15 4 12 1
0 2 3 15 1 1 1
0 5 4 15 1 1 2
0 2 3 15 1 2 1
0 2 4 15 1 2 2
0 2 3 15 1 3 1
0 2 3 15 1 3 2
0 5 30 15 1 4 1
0 5 30 15 1 5 1
0 5 30 15 1 6 1
0 3 3 15 2 0 1
0 3 4 15 2 0 2
0 3 3 15 2 1 1
0 3 4 15 2 1 2
0 3 26 15 2 2 1
0 3 25 15 2 3 1
0 3 25 15 2 4 1
0 2 30 15 2 5 1
0 2 30 15 2 6 1
0 2 25 15 2 7 1
0 5 26 15 3 0 1
0 5 26 15 3 1 1
0 5 26 15 3 2 1
0 5 26 15 3 3 1
0 5 26 15 3 4 1
0 5 30 15 3 5 1
0 5 24 15 3 6 1
0 5 11 15 3 7 1
0 7 30 15 4 0 1
0 7 30 15 4 1 1
0 7 30 15 4 2 1
0 7 30 15 4 3 1
0 7 14 15 4 4 1
0 7 14 15 4 5 1
0 7 14 15 4 6 1
0 7 24 15 4 7 1
0 7 30 15 5 0 1
0 7 30 15 5 1 1
0 4 30 15 5 2 1
0 4 25 15 5 3 1
0 7 24 15 5 4 1
0 4 13 15 5 5 1
0 4 24 15 5 6 1
0 9 3 15 11 0 1
0 9 4 15 11 0 2
0 9 23 15 11 1 1
0 9 23 15 11 2 1
0 9 23 15 11 3 1
0 9 23 15 11 4 1
0 7 23 15 11 5 1
0 6 23 15 11 6 1
0 8 22 15 11 7 1
0 4 2 15 12 0 1
0 1 3 15 12 0 2
0 4 26 15 13 0 1
0 4 25 15 13 1 1
0 4 25 15 13 2 1
0 4 12 15 13 3 1
0 4 23 15 13 4 1
0 4 23 15 13 5 1
0 4 23 15 13 6 1
0 4 23 15 13 7 1
0 4 3 15 14 0 1
0 4 4 15 14 0 2
0 4 22 15 14 1 1
0 4 22 15 14 2 1
0 4 10 15 14 3 1
0 4 10 15 14 4 1
0 4 10 15 14 5 1
0 4 21 15 14 6 1
0 4 21 15 14 7 1
0 7 26 16 0 10 1
0 4 15 16 0 11 1
0 4 26 16 0 12 1
0 4 26 16 0 13 1
0 2 26 16 1 10 1
0 2 26 16 1 11 1
0 2 26 16 1 12 1
0 2 26 16 1 13 1
0 2 26 16 1 14 1
0 3 26 16 1 15 1
0 7 25 16 2 10 1
0 6 25 16 2 11 1
0 3 25 16 2 12 1
0 3 25 16 2 13 1
0 3 25 16 2 14 1
0 6 24 16 2 15 1
0 3 24 16 2 16 1
0 3 23 16 2 17 1
0 3 3 16 3 10 1
0 5 4 16 3 10 2
0 3 3 16 3 11 1
0 5 4 16 3 11 2
0 3 3 16 3 12 1
0 3 2 16 3 12 2
0 3 3 16 4 10 1
0 3 4 16 4 10 2
0 3 26 16 4 11 1
0 3 15 16 5 10 1
0 3 26 16 5 11 1
0 3 26 16 5 12 1
0 3 26 16 5 13 1
0 3 26 16 5 14 1
0 3 26 16 5 15 1
0 4 0 16 1 1 1
0 4 4 16 1 1 2
0 4 13 16 1 2 1
0 4 12 16 1 3 1
0 4 12 16 1 4 1
0 4 12 16 1 5 1
0 4 11 16 1 6 1
0 4 10 16 1 7 1
0 4 21 16 1 8 1
0 4 3 16 2 0 1
0 4 3 16 2 0 2
0 4 26 16 2 1 1
0 4 25 16 2 2 1
0 4 25 16 2 3 1
0 4 25 16 2 4 1
0 4 25 16 2 5 1
0 4 24 16 2 6 1
0 4 12 16 2 7 1
0 3 3 16 3 0 1
0 3 4 16 3 0 2
0 3 2 16 3 1 1
0 3 4 16 3 1 2
0 3 0 16 3 2 1
0 3 4 16 3 2 2
0 3 15 16 3 3 1
0 3 26 16 3 4 1
0 3 26 16 3 5 1
0 3 25 16 3 6 1
0 3 21 16 3 7 1
0 4 15 16 4 0 1
0 4 26 16 4 1 1
0 4 22 16 4 2 1
0 4 22 16 4 3 1
0 4 22 16 4 4 1
0 7 2 16 5 0 1
0 7 4 16 5 0 2
0 7 2 16 5 1 1
0 7 3 16 5 1 2
0 7 2 16 5 2 1
0 7 3 16 5 2 2
0 7 0 16 5 3 1
0 7 3 16 5 3 2
0 4 25 16 5 4 1
0 4 25 16 5 5 1
0 4 25 16 5 6 1
0 7 24 16 5 7 1
0 3 3 16 7 0 1
0 3 4 16 7 0 2
0 3 3 16 7 1 1
0 3 4 16 7 1 2
0 3 3 16 7 2 1
0 3 4 16 7 2 2
0 3 26 16 7 3 1
0 3 26 16 7 4 1
0 3 23 16 7 5 1
0 3 23 16 7 6 1
0 3 23 16 7 7 1
0 3 26 16 8 0 1
0 3 25 16 8 1 1
0 3 25 16 8 2 1
0 3 25 16 8 3 1
0 3 22 16 8 4 1
0 3 21 16 8 5 1
0 4 0 16 9 0 1
0 4 4 16 9 0 2
0 4 15 16 9 1 1
0 4 26 16 9 2 1
0 4 26 16 9 3 1
0 4 26 16 9 4 1
0 9 22 16 9 5 1
0 4 22 16 9 6 1
0 2 3 16 10 0 1
0 2 4 16 10 0 2
0 2 3 16 10 1 1
0 2 4 16 10 1 2
0 2 3 16 10 2 1
0 2 4 16 10 2 2
0 2 0 16 10 3 1
0 2 3 16 10 3 2
0 2 25 16 10 4 1
0 2 25 16 10 5 1
0 4 3 16 11 0 1
0 4 4 16 11 0 2
0 4 3 16 11 1 1
0 4 3 16 11 1 2
0 4 25 16 11 2 1
0 4 24 16 11 3 1
0 4 23 16 11 4 1
0 4 22 16 11 5 1
0 4 21 16 11 6 1
0 4 21 16 11 7 1
0 9 2 16 14 0 1
0 9 3 16 14 0 2
0 9 23 16 14 1 1
0 9 23 16 14 2 1
0 9 23 16 14 3 1
0 9 23 16 14 4 1
0 7 3 16 15 1 1
0 7 4 16 15 1 2
0 7 3 16 15 2 1
0 7 4 16 15 2 2
0 7 3 16 15 3 1
0 7 3 16 15 3 2
0 7 24 16 15 4 1
0 7 23 16 15 5 1
0 7 23 16 15 6 1
0 7 23 16 15 7 1
0 8 3 18 6 10 1
0 8 3 18 6 10 2
0 8 3 18 6 11 1
0 8 3 18 6 11 2
0 8 14 18 6 12 1
0 8 25 18 6 13 1
0 8 25 18 6 14 1
0 8 25 18 6 15 1
0 8 25 18 6 16 1
0 8 21 18 6 17 1
0 5 3 18 7 10 1
0 5 4 18 7 10 2
0 5 3 18 7 11 1
0 5 3 18 7 11 2
0 5 0 18 7 12 1
0 5 3 18 7 12 2
0 5 0 18 7 13 1
0 5 3 18 7 13 2
0 5 0 18 7 14 1
0 5 3 18 7 14 2
0 5 22 18 7 15 1
0 5 22 18 7 16 1
0 5 10 18 7 17 1
0 2 4 18 8 10 1
0 2 4 18 8 10 2
0 2 3 18 8 11 1
0 2 4 18 8 11 2
0 2 3 18 8 12 1
0 2 4 18 8 12 2
0 7 25 18 10 10 1
0 7 12 18 10 11 1
0 11 22 18 10 12 1
0 7 11 18 10 13 1
0 7 22 18 10 14 1
0 7 22 18 10 15 1
0 7 22 18 10 16 1
0 2 4 18 1 2 1
0 2 4 18 1 2 2
0 2 26 18 1 3 1
0 2 26 18 1 4 1
0 2 25 18 1 5 1
0 4 2 18 3 1 1
0 4 3 18 3 1 2
0 4 25 18 3 2 1
0 4 25 18 3 3 1
0 4 25 18 3 4 1
0 4 25 18 3 5 1
0 4 24 18 3 6 1
0 4 12 18 3 7 1
0 4 26 18 4 1 1
0 4 25 18 4 2 1
0 4 22 18 4 3 1
0 4 10 18 4 4 1
0 5 26 18 11 1 1
0 5 26 18 11 2 1
0 4 15 18 11 3 1
0 4 26 18 11 4 1
0 4 26 18 11 5 1
0 3 15 18 11 6 1
0 2 25 18 11 7 1
0 5 25 18 13 1 1
0 5 25 18 13 2 1
0 5 24 18 13 3 1
0 5 23 18 13 4 1
0 5 23 18 13 5 1
0 5 23 18 13 6 1
0 8 3 18 15 2 1
0 8 3 18 15 2 2
0 8 14 18 15 3 1
0 8 25 18 15 4 1
0 8 25 18 15 5 1
0 8 25 18 15 6 1
0 8 24 18 15 7 1
0 10 4 19 2 2 1
0 10 4 19 2 2 2
0 10 27 19 2 3 1
0 5 3 19 5 2 1
0 5 3 19 5 2 2
0 5 31 19 5 3 1
0 5 31 19 5 4 1
0 5 26 19 5 5 1
0 5 30 19 5 6 1
0 3 4 19 6 2 1
0 3 4 19 6 2 2
0 2 4 19 6 3 1
0 3 4 19 6 3 2
0 2 4 19 6 4 1
0 3 4 19 6 4 2
0 2 4 19 6 5 1
0 3 4 19 6 5 2
0 2 25 19 6 6 1
0 8 25 19 7 2 1
0 8 25 19 7 3 1
0 6 25 19 7 4 1
0 5 30 19 7 5 1
0 8 24 19 8 2 1
0 8 23 19 8 3 1
0 8 23 19 8 4 1
0 8 23 19 8 5 1
0 8 23 19 8 6 1
0 8 22 19 8 7 1
0 8 14 19 10 2 1
0 8 14 19 10 3 1
0 5 30 19 10 4 1
0 5 13 19 10 5 1
0 5 13 19 10 6 1
0 5 13 19 10 7 1
0 6 31 19 11 2 1
0 6 14 19 11 3 1
0 6 24 19 11 4 1
0 6 23 19 11 5 1
0 6 23 19 11 6 1
0 6 23 19 11 7 1
0 7 31 19 12 2 1
0 7 25 19 12 3 1
0 7 12 19 12 4 1
0 7 23 19 12 5 1
0 7 22 19 12 6 1
0 7 22 19 12 7 1
0 4 30 19 13 2 1
0 4 30 19 13 3 1
0 4 29 19 13 4 1
0 4 30 19 14 2 1
0 4 30 19 14 3 1
0 4 30 19 14 4 1
0 4 30 19 14 5 1
0 4 29 19 14 6 1
0 4 7 20 0 10 1
0 4 3 20 0 10 2
0 4 15 20 0 11 1
0 4 30 20 0 12 1
0 4 25 20 0 13 1
0 4 24 20 3 10 1
0 4 23 20 3 11 1
0 4 23 20 3 12 1
0 4 23 20 3 13 1
0 4 23 20 3 14 1
0 4 23 20 3 15 1
0 4 23 20 3 16 1
0 4 23 20 3 17 1
0 4 30 20 5 10 1
0 4 0 20 1 4 1
0 4 2 20 1 4 2
0 4 23 20 1 5 1
0 4 23 20 1 6 1
0 4 10 20 1 7 1
0 4 3 20 2 3 1
0 4 4 20 2 3 2
0 4 3 20 2 4 1
0 4 3 20 2 4 2
0 4 25 20 2 5 1
0 4 24 20 2 6 1
0 4 13 20 2 7 1
0 4 1 20 3 3 1
0 4 3 20 3 3 2
0 4 25 20 3 4 1
0 4 25 20 3 5 1
0 4 24 20 3 6 1
0 4 23 20 3 7 1
0 4 24 20 5 3 1
0 4 24 20 5 4 1
0 4 24 20 5 5 1
0 4 24 20 5 6 1
0 4 23 20 5 7 1
0 10 0 20 10 2 1
0 10 4 20 10 2 2
0 10 26 20 10 3 1
0 10 26 20 10 4 1
0 10 26 20 10 5 1
0 10 26 20 10 6 1
0 8 0 20 11 3 1
0 8 0 20 11 3 2
0 8 10 20 11 4 1
0 8 10 20 11 5 1
0 8 10 20 11 6 1
0 9 23 20 12 3 1
0 3 26 20 13 3 1
0 8 22 20 14 3 1
0 8 22 20 14 4 1
0 8 22 20 14 5 1
0 8 21 20 14 6 1
0 3 3 20 15 4 1
0 3 3 20 15 4 2
0 3 26 20 15 5 1
0 3 26 20 15 6 1
0 3 26 20 15 7 1
0 4 22 21 4 10 1
0 4 21 21 4 11 1
0 4 21 21 4 12 1
0 4 25 21 5 10 1
0 4 24 21 5 11 1
0 4 12 21 5 12 1
0 4 23 21 5 13 1
0 4 23 21 5 14 1
0 4 11 21 5 15 1
0 4 22 21 5 16 1
0 4 10 21 5 17 1
0 5 3 21 1 5 1
0 5 4 21 1 5 2
0 5 3 21 1 6 1
0 5 4 21 1 6 2
0 5 3 21 1 7 1
0 5 3 21 1 7 2
0 10 3 21 2 4 1
0 10 4 21 2 4 2
0 10 3 21 2 5 1
0 10 4 21 2 5 2
0 10 3 21 2 6 1
0 10 3 21 2 6 2
0 10 2 21 2 7 1
0 10 3 21 2 7 2
0 10 0 21 2 8 1
0 10 3 21 2 8 2
0 10 2 21 4 4 1
0 10 3 21 4 4 2
0 10 2 21 4 5 1
0 10 3 21 4 5 2
0 10 0 21 4 6 1
0 10 3 21 4 6 2
0 10 0 21 4 7 1
0 10 3 21 4 7 2
0 10 24 21 4 8 1
0 6 26 21 7 3 1
0 6 25 21 7 4 1
0 6 24 21 7 5 1
0 6 22 21 7 6 1
0 6 22 21 7 7 1
0 7 23 21 12 4 1
0 7 15 21 15 5 1
0 6 2 22 2 10 1
0 6 3 22 2 10 2
0 6 25 22 2 11 1
0 6 23 22 2 12 1
0 6 23 22 2 13 1
0 6 23 22 2 14 1
0 6 22 22 2 15 1
0 6 22 22 2 16 1
0 6 22 22 2 17 1
0 5 26 22 3 10 1
0 5 26 22 3 11 1
0 5 26 22 3 12 1
0 5 26 22 3 13 1
0 5 26 22 3 14 1
0 5 24 22 3 15 1
0 5 24 22 3 16 1
0 5 23 22 3 17 1
0 3 3 22 14 10 1
0 3 3 22 14 10 2
0 3 3 22 14 11 1
0 3 3 22 14 11 2
0 3 2 22 14 12 1
0 3 3 22 14 12 2
0 3 14 22 14 13 1
0 3 25 22 14 14 1
0 3 25 22 14 15 1
0 3 13 22 14 16 1
0 3 21 22 14 17 1
0 3 3 22 15 10 1
0 3 4 22 15 10 2
0 3 2 22 15 11 1
0 3 4 22 15 11 2
0 3 26 22 15 12 1
0 2 25 22 15 13 1
0 2 25 22 15 14 1
0 2 25 22 15 15 1
0 2 25 22 15 16 1
0 6 13 22 1 6 1
0 6 3 22 2 5 1
0 6 3 22 2 5 2
0 6 25 22 3 5 1
0 6 23 22 3 6 1
0 6 23 22 3 7 1
0 9 10 22 4 5 1
0 6 25 22 5 5 1
0 6 25 22 5 6 1
0 7 10 22 6 4 1
0 7 21 22 6 5 1
0 7 21 22 6 6 1
0 7 21 22 6 7 1
0 9 21 22 8 4 1
0 6 21 22 8 5 1
0 6 21 22 8 6 1
0 6 21 22 8 7 1
0 9 2 22 10 4 1
0 11 3 22 10 4 2
0 4 2 22 10 5 1
0 4 3 22 10 5 2
0 4 2 22 10 6 1
0 4 3 22 10 6 2
0 7 0 22 12 5 1
0 7 4 22 12 5 2
0 7 0 22 12 6 1
0 7 3 22 12 6 2
0 7 0 22 12 7 1
0 7 3 22 12 7 2
0 7 10 22 12 8 1
0 3 4 22 13 5 1
0 3 4 22 13 5 2
0 3 26 22 13 6 1
0 3 26 22 13 7 1
0 3 15 22 14 5 1
0 3 25 22 14 6 1
0 3 3 22 15 6 1
0 3 4 22 15 6 2
0 3 25 22 15 7 1
0 4 26 23 0 10 1
0 4 25 23 0 11 1
0 4 25 23 0 12 1
0 4 25 23 0 13 1
0 4 25 23 0 14 1
0 4 25 23 0 15 1
0 4 21 23 0 16 1
0 4 21 23 0 17 1
0 3 4 23 1 10 1
0 3 4 23 1 10 2
0 3 14 23 1 11 1
0 3 23 23 1 12 1
0 3 4 23 2 10 1
0 3 4 23 2 10 2
0 3 25 23 2 11 1
0 3 25 23 2 12 1
0 3 25 23 2 13 1
0 3 25 23 2 14 1
0 3 25 23 2 15 1
0 3 24 23 2 16 1
0 3 24 23 2 17 1
0 4 25 23 3 10 1
0 4 23 23 3 11 1
0 4 22 23 3 12 1
0 4 22 23 3 13 1
0 4 10 23 3 14 1
0 3 26 23 4 10 1
0 3 26 23 4 11 1
0 3 26 23 4 12 1
0 3 22 23 4 13 1
0 3 22 23 4 14 1
0 3 23 23 5 10 1
0 3 22 23 5 11 1
0 3 10 23 5 12 1
0 3 10 23 5 13 1
0 7 23 23 7 10 1
0 7 23 23 7 11 1
0 7 22 23 7 12 1
0 7 10 23 7 13 1
0 7 10 23 7 14 1
0 7 21 23 7 15 1
0 7 12 23 8 10 1
0 7 22 23 8 11 1
0 7 22 23 8 12 1
0 4 11 23 8 13 1
0 4 22 23 8 14 1
0 4 22 23 8 15 1
0 4 21 23 8 16 1
0 4 3 23 9 10 1
0 4 4 23 9 10 2
0 4 22 23 9 11 1
0 4 22 23 9 12 1
0 4 22 23 9 13 1
0 4 10 23 9 14 1
0 4 10 23 9 15 1
0 4 10 23 9 16 1
0 4 21 23 9 17 1
0 4 10 23 10 10 1
0 4 10 23 10 11 1
0 4 10 23 10 12 1
0 4 10 23 10 13 1
0 4 13 23 11 10 1
0 4 24 23 11 11 1
0 4 23 23 11 12 1
0 4 23 23 11 13 1
0 4 23 23 11 14 1
0 4 10 23 11 15 1
0 4 21 23 11 16 1
0 7 4 23 12 10 1
0 7 4 23 12 10 2
0 7 14 23 12 11 1
0 7 25 23 12 12 1
0 7 25 23 12 13 1
0 7 25 23 12 14 1
0 7 13 23 12 15 1
0 7 24 23 12 16 1
0 7 24 23 12 17 1
0 4 11 23 13 10 1
0 4 22 23 13 11 1
0 4 22 23 13 12 1
0 4 22 23 13 13 1
0 4 22 23 13 14 1
0 4 22 23 13 15 1
0 4 22 23 13 16 1
0 4 10 23 13 17 1
0 4 11 23 15 10 1
0 4 11 23 15 11 1
0 4 22 23 15 12 1
0 4 21 23 15 13 1
0 4 21 23 15 14 1
0 4 21 23 15 15 1
0 4 21 23 15 16 1
0 4 21 23 15 17 1
0 5 13 23 16 10 1
0 5 24 23 16 11 1
0 4 23 23 16 12 1
1 2 25
1 2 25
1 2 25
1 2 26
1 2 31
1 2 26
1 2 4
1 2 26
1 2 0
1 2 14
1 2 26
1 2 7
1 2 26
1 3 25
1 3 25
1 3 25
1 3 1
1 3 14
1 3 25
1 3 14
1 3 26
1 3 25
1 3 3
1 3 25
1 3 15
1 3 15
1 3 14
1 3 10
1 3 25
1 3 2
1 3 22
1 3 14
1 3 21
1 3 3
1 3 3
1 3 14
1 3 26
1 3 15
1 3 2
1 3 25
1 3 10
1 3 25
1 3 25
1 3 25
1 3 25
1 3 14
1 3 22
1 3 25
1 3 25
1 3 14
1 3 15
1 3 11
1 3 23
1 3 1
1 3 21
1 3 25
1 3 25
1 3 25
1 3 12
1 3 10
1 3 14
1 3 14
1 4 25
1 4 4
1 4 12
1 4 23
1 4 24
1 4 14
1 4 3
1 4 26
1 4 25
1 4 3
1 4 14
1 4 22
1 4 15
1 4 25
1 4 3
1 4 23
1 4 23
1 4 25
1 4 15
1 4 3
1 4 26
1 4 3
1 4 14
1 4 26
1 4 3
1 4 14
1 4 3
1 4 15
1 4 15
1 4 26
1 4 4
1 4 26
1 4 26
1 4 15
1 4 25
1 4 15
1 4 23
1 4 25
1 4 25
1 4 25
1 4 11
1 4 15
1 4 14
1 4 26
1 4 25
1 4 25
1 4 25
1 4 0
1 4 21
1 4 3
1 4 15
1 4 24
1 4 26
1 4 26
1 4 3
1 4 31
1 4 14
1 4 15
1 4 14
1 4 25
1 4 4
1 4 3
1 4 22
1 4 0
1 4 25
1 4 14
1 4 24
1 4 26
1 4 25
1 4 3
1 4 23
1 4 4
1 4 14
1 4 26
1 4 10
1 4 11
1 4 25
1 4 11
1 4 0
1 4 30
1 4 25
1 4 14
1 4 3
1 4 3
1 4 10
1 4 3
1 4 23
1 4 25
1 4 25
1 4 23
1 4 22
1 4 12
1 4 3
1 4 21
1 4 22
1 4 25
1 4 3
1 4 26
1 4 21
1 4 12
1 4 21
1 4 22
1 4 14
1 4 14
1 4 15
1 4 14
1 4 3
1 4 10
1 4 24
1 4 25
1 4 26
1 4 26
1 4 15
1 4 24
1 4 22
1 4 3
1 4 13
1 4 21
1 4 0
1 4 23
1 4 26
1 4 27
1 4 26
1 4 15
1 4 0
1 4 25
1 4 14
1 4 25
1 4 24
1 4 25
1 4 0
1 4 3
1 4 26
1 4 25
1 4 0
1 4 15
1 4 21
1 4 4
1 4 23
1 4 25
1 4 11
1 4 14
1 4 12
1 4 3
1 4 25
1 4 2
1 4 3
1 4 11
1 4 15
1 4 15
1 4 3
1 4 25
1 4 22
1 4 12
1 4 31
1 4 0
1 4 0
1 4 15
1 4 25
1 4 21
1 4 3
1 4 3
1 4 22
1 4 3
1 4 24
1 4 26
1 4 10
1 4 14
1 4 26
1 4 25
1 4 15
1 4 24
1 4 4
1 4 21
1 5 10
1 5 26
1 5 31
1 5 31
1 5 31
1 5 3
1 5 31
1 5 25
1 5 31
1 5 31
1 5 31
1 5 3
1 5 25
1 5 31
1 5 25
1 5 25
1 5 4
1 5 4
1 5 31
1 5 31
1 5 31
1 5 3
1 5 31
1 6 2
1 6 2
1 6 2
1 7 31
1 7 3
1 7 15
1 7 3
1 7 25
1 7 3
1 7 3
1 7 3
1 7 3
1 7 3
1 7 3
1 7 3
1 7 15
1 7 15
1 7 25
1 7 3
1 7 3
1 7 3
1 7 3
1 7 3
1 7 3
1 7 3
1 7 25
1 8 25
1 8 15
1 8 22
1 8 25
1 8 0
1 8 25
1 8 14
1 8 12
1 8 30
1 8 25
1 8 14
1 8 23
1 8 25
1 8 14
1 8 25
1 8 2
1 8 25
1 8 23
1 8 14
1 8 10
1 8 25
1 8 14
1 8 14
1 8 14
1 8 22
1 8 31
1 8 2
1 8 1
1 8 25
1 8 14
1 8 23
1 8 21
1 8 31
1 8 27
1 8 12
1 8 25
1 8 30
1 8 25
1 8 24
1 8 30
1 8 12
1 8 14
1 8 10
1 8 0
1 8 26
1 8 25
1 8 25
1 8 14
1 8 14
1 8 12
1 8 14
1 8 25
1 8 1
1 8 25
1 8 10
1 8 30
1 8 22
1 8 25
1 8 25
1 8 23
1 9 4
1 9 24
1 9 24
1 9 25
1 9 24
1 9 25
1 9 24
1 9 21
1 9 24
1 9 0
1 9 24
1 9 0
1 9 3
1 9 24
1 9 25
1 9 25
1 9 24
1 9 25
1 9 24
1 9 25
1 9 13
1 9 13
1 9 24
1 9 13
1 9 25
1 9 31
1 9 26
1 9 13
1 9 28
1 9 25
1 9 31
1 9 26
1 9 31
1 9 3
1 9 25
1 9 3
1 9 3
1 9 14
1 9 25
1 9 14
1 9 24
1 9 12
1 9 31
1 9 24
1 9 26
1 9 4
1 9 4
1 9 14
1 9 14
1 9 25
1 9 3
1 9 28
1 9 28
1 9 4
1 9 0
1 9 24
1 9 13
1 9 24
1 9 26
1 9 31
1 9 24
1 9 28
1 9 11
1 9 25
1 9 3
1 9 26
1 9 3
1 9 14
1 9 25
1 9 26
1 9 25
1 9 28
1 10 24
1 10 21
1 10 25
1 10 3
1 10 24
1 10 12
1 10 30
1 10 25
1 10 15
1 10 26
1 10 3
1 10 24
1 10 24
1 10 26
1 10 3
1 10 3
1 10 22
1 10 28
1 10 10
1 10 10
1 10 25
1 10 25
1 11 25
1 11 25
1 11 25
1 11 31
1 11 25
1 11 25
1 11 25
1 11 25
1 11 25
1 11 25
1 11 25
1 11 25
1 11 25
1 11 25
1 11 25
1 11 25
1 12 25
1 12 22
1 12 12
1 12 26
1 12 25
1 12 21
1 12 4
1 12 25
1 12 26
1 12 13
1 12 13
1 12 25
1 12 11
1 12 14
1 12 3
1 12 23
1 12 15
1 12 13
1 12 14
1 12 23
1 12 21
1 12 30
1 12 2
1 12 24
1 12 26
1 12 3
1 12 26
1 12 25
1 12 0
1 12 10
1 12 22
1 12 25
1 12 26
1 12 25
1 12 25
1 12 22
1 12 14
1 12 15
1 12 12
1 12 3
1 12 26
1 12 14
1 12 22
1 12 8
1 12 11
1 12 24
1 12 11
1 12 10
1 12 26
1 12 25
1 12 25
1 12 26
1 12 3
1 12 25
1 12 21
1 12 1
1 12 26
1 12 25
1 12 3
1 12 12
1 12 4
1 12 26
1 12 23
1 12 25
1 12 23
1 12 15
1 12 10
1 12 12
1 12 11
1 12 21
1 12 31
1 12 10
1 12 26
1 12 31
1 12 23
1 12 4
1 12 22
1 12 22
1 12 3
1 12 25
1 12 15
1 12 26
1 12 3
1 12 25
1 12 26
1 12 3
1 12 14
1 12 25
1 12 23
1 12 4
1 12 4
1 12 25
1 12 26
1 12 14
1 12 25
1 12 26
1 12 12
1 12 4
1 12 3
1 12 25
1 12 4
1 12 26
1 12 15
1 12 8
1 12 12
1 12 26
1 12 10
1 12 14
1 12 7
1 12 25
1 12 14
1 12 10
1 12 26
1 12 0
1 12 3
1 12 25
1 12 15
1 12 14
1 12 25
1 12 15
1 12 26
1 12 4
1 12 30
1 12 14
1 12 23
1 12 26
1 12 26
1 12 15
1 12 14
1 12 25
1 12 25
1 12 26
1 12 24
1 12 13
1 12 3
1 12 4
1 13 3
1 13 25
1 13 23
1 13 14
1 13 25
1 13 26
1 13 3
1 13 31
1 13 3
1 13 4
1 13 14
1 13 25
1 13 3
1 13 26
1 13 1
1 13 31
1 13 25
1 13 14
1 13 25
1 13 14
1 13 22
1 13 31
1 13 24
1 13 26
1 13 25
1 13 25
1 13 25
1 13 1
1 13 13
1 13 25
1 13 3
1 13 4
1 13 25
1 13 26
1 13 15
1 13 14
1 13 30
1 13 31
1 13 26
1 13 22
1 13 25
1 13 23
1 13 21
1 13 23
1 13 24
1 13 27
1 13 4
1 13 25
1 13 21
1 13 1
1 13 12
1 13 14
1 13 21
1 13 25
1 13 25
1 13 0
1 13 15
1 13 24
1 13 14
1 13 4
1 13 21
1 13 3
1 13 25
1 13 31
1 13 31
1 13 15
1 13 12
1 13 25
1 13 12
1 13 24
1 13 25
1 13 26
1 13 10
1 13 24
1 13 25
1 13 25
1 13 26
1 13 15
1 13 25
1 13 21
1 13 25
1 13 25
1 13 25
1 13 2
1 13 15
1 13 11
1 13 22
1 13 25
1 13 15
1 13 3
1 13 22
1 13 14
1 13 25
1 13 24
1 13 3
1 13 3
1 13 25
1 13 3
1 13 3
1 13 30
1 13 26
1 13 25
1 13 26
1 13 25
1 13 31
1 13 10
1 13 14
1 13 25
1 13 3
1 13 31
1 13 14
1 13 22
1 13 12
1 13 25
1 13 25
1 13 25
1 13 11
1 13 30
1 13 0
1 13 11
1 13 25
1 13 24
1 13 23
1 13 3
1 13 22
1 13 25
1 13 26
1 13 13
1 13 0
1 13 3
1 13 25
1 13 14
1 13 1
1 13 26
1 13 25
1 13 23
1 13 31
1 13 25
1 13 25
1 13 11
1 13 15
1 13 31
1 13 14
1 13 25
1 13 14
1 13 26
1 13 25
1 13 24
1 13 3
1 13 25
1 13 14
1 13 25
1 13 25
1 13 10
1 13 23
1 13 10
1 13 21
1 13 10
1 13 31
1 13 15
1 13 15
1 13 14
1 13 25
1 13 2
1 13 3
1 13 24
1 13 14
1 13 25
1 13 0
1 13 3
1 13 31
1 13 10
1 13 3
1 13 31
1 13 14
1 13 14
1 13 14
1 13 25
1 13 26
1 13 25
1 13 28
1 13 25
1 13 31
1 13 15
1 13 25
1 13 25
1 13 25
1 13 3
1 13 26
0 7 21
0 4 12
0 4 24
0 5 25
0 5 25
0 5 25
0 5 26
0 5 26
0 5 4
0 5 3
0 3 22
0 3 26
0 3 26
0 3 26
0 3 26
0 3 26
0 3 25
0 3 25
0 3 26
0 3 26
0 4 3
0 8 3
0 3 3
0 4 3
0 3 26
0 10 26
0 10 26
0 3 4
0 10 4
0 3 4
0 3 4
0 3 15
0 3 25
0 3 4
0 3 3
0 8 26
0 3 25
0 3 26
0 3 26
0 3 26
0 3 3
0 3 3
0 10 25
0 8 25
0 3 22
0 10 25
0 10 25
0 3 23
0 8 21
0 8 21
0 8 21
0 8 22
0 8 22
0 8 23
0 8 24
0 3 26
0 3 24
0 4 21
0 4 22
0 4 23
0 4 4
0 4 4
0 4 4
0 4 2
0 4 3
0 4 3
0 6 22
0 6 22
0 6 24
0 6 24
0 6 24
0 6 24
0 6 26
0 4 26
0 4 26
0 4 15
0 8 25
0 7 25
0 3 26
0 3 26
0 3 2
0 8 4
0 8 4
0 3 3
0 3 3
0 7 4
0 3 24
0 3 25
0 3 26
0 3 26
0 3 26
0 4 3
0 7 4
0 4 7
0 3 4
0 3 26
0 3 26
0 3 26
0 3 26
0 8 3
0 8 3
0 3 8
0 8 3
0 6 24
0 8 3
0 8 6
0 3 4
0 3 4
0 3 15
0 9 22
0 9 23
0 9 24
0 9 25
0 9 25
0 9 30
0 9 4
0 9 4
0 8 31
0 8 25
0 9 30
0 8 25
0 8 31
0 3 24
0 3 26
0 3 26
0 3 26
0 3 26
0 3 26
0 3 4
0 3 8
0 4 25
0 8 25
0 8 25
0 8 26
0 8 26
0 8 3
0 8 3
0 8 3
0 8 7
0 8 3
0 8 4
0 7 23
0 7 26
0 7 26
0 7 26
0 7 15
0 7 4
0 7 3
0 7 22
0 3 30
0 9 4
0 7 2
0 9 4
0 7 10
0 7 11
0 7 1
0 9 5
0 3 25
0 3 25
0 3 25
0 3 26
0 8 3
0 3 4
0 3 4
0 3 3
0 3 4
0 3 4
0 8 25
0 8 25
0 8 30
0 8 30
0 8 31
0 8 22
0 8 13
0 8 25
0 8 26
0 8 26
0 8 3
0 8 3
0 8 4
0 8 3
0 8 3
0 8 4
0 8 30
0 8 22
0 8 22
0 8 25
0 8 26
0 8 15
0 8 15
0 8 31
0 8 3
0 8 3
0 3 26
0 3 31
0 3 25
0 3 26
0 3 26
0 3 26
0 4 3
0 8 3
0 3 4
0 3 3
0 3 3
0 3 4
0 4 22
0 6 23
0 2 26
0 3 2
0 4 3
0 2 3
0 2 3
0 2 26
0 2 26
0 2 15
0 2 15
0 2 4
0 2 3
0 5 26
0 5 26
0 5 26
0 5 26
0 5 15
0 5 15
0 4 23
0 7 12
0 4 26
0 4 15
0 4 31
0 4 31
0 4 3
0 8 2
0 3 26
0 3 26
0 10 30
0 3 26
0 3 26
0 3 15
0 4 26
0 4 26
0 3 4
0 3 4
0 4 26
0 7 22
0 7 24
0 7 25
0 7 25
0 7 14
0 7 15
0 7 4
0 7 0
0 7 21
0 7 21
0 7 22
0 7 22
0 7 11
0 7 23
0 7 23
0 7 3
0 7 2
0 3 12
0 3 25
0 3 25
0 3 26
0 3 26
0 3 31
0 3 4
0 3 4
0 3 2
0 3 4
0 3 24
0 5 24
0 3 25
0 3 25
0 3 25
0 3 14
0 5 3
0 5 3
0 3 8
0 3 4
0 7 6
0 7 8
0 7 4
0 7 3
0 7 3
0 7 30
0 5 31
0 4 26
0 4 15
0 4 15
0 5 4
0 5 4
0 5 4
0 5 4
0 4 2
0 4 24
0 4 24
0 4 25
0 4 15
0 4 15
0 4 31
0 4 31
0 4 4
0 4 3
0 3 25
0 3 25
0 10 25
0 10 25
0 8 22
0 8 22
0 8 24
0 8 25
0 8 25
0 8 3
0 8 3
0 8 22
0 8 26
0 8 26
0 8 26
0 8 26
0 8 31
0 8 3
0 8 3
0 8 7
0 8 3
0 8 31
0 8 31
0 4 23
0 4 24
0 4 13
0 4 25
0 4 26
0 4 26
0 4 31
0 4 3
0 4 8
0 4 25
0 4 3
0 4 2
0 4 7
0 4 15
0 7 4
0 4 24
0 4 25
0 4 25
0 4 30
0 4 31
0 6 4
0 4 4
0 7 12
0 7 24
0 7 25
0 7 25
0 7 14
0 7 26
0 7 4
0 7 4
0 7 4
0 7 4
0 8 15
0 8 26
0 8 15
0 8 26
0 8 15
0 4 4
0 4 8
0 8 23
0 4 21
0 4 23
0 4 12
0 4 24
0 4 3
0 4 4
0 4 2
0 4 8
0 3 24
0 3 25
0 3 26
0 3 26
0 3 26
0 8 2
0 3 3
0 3 4
0 3 3
0 3 3
0 3 3
0 8 25
0 8 25
0 8 4
0 8 4
0 8 25
0 8 30
0 8 22
0 8 24
0 8 25
0 3 15
0 5 26
0 5 26
0 5 26
0 5 26
0 5 26
0 8 26
0 8 26
0 8 26
0 8 26
0 8 15
0 8 2
0 8 2
0 8 3
0 8 2
0 8 2
0 8 2
0 5 31
0 5 31
0 2 26
0 2 26
0 8 30
0 8 22
0 8 22
0 8 23
0 8 13
0 8 30
0 8 22
0 10 13
0 10 25
0 10 15
0 10 15
0 6 2
0 10 3
0 2 4
0 4 8
0 4 8
0 4 8
0 3 4
0 3 4
0 2 3
0 3 3
0 3 3
0 3 15
0 2 4
0 3 23
0 3 4
0 3 4
0 3 4
0 3 3
0 3 4
0 3 4
0 3 4
0 2 3
0 4 3
0 4 4
0 4 4
0 2 3
0 2 3
0 2 3
0 2 3
0 2 25
0 2 25
0 2 25
0 3 3
0 4 3
0 2 3
0 3 3
0 3 24
0 3 26
0 3 26
0 3 26
0 3 15
0 3 3
0 3 3
0 3 2
0 3 3
0 3 26
0 3 15
0 6 15
0 10 24
0 3 22
0 8 13
0 7 11
0 3 15
0 8 22
0 8 22
0 8 22
0 8 22
0 11 25
0 4 25
0 4 14
0 4 3
0 4 23
0 8 11
0 8 23
0 5 29
0 5 3
0 3 2
0 5 2
0 6 3
