# Parameters: nPorts nContainers
14 4970
# Transport type: id length=(20,40) weight type=(DC,RC,HC,HR)
0 20 3 DC
1 20 9 DC
2 20 14 DC
3 20 21 DC
4 20 27 DC
5 20 3 RC
6 20 9 RC
7 20 14 RC
8 20 21 RC
9 20 27 RC
10 40 3 DC
11 40 6 DC
12 40 9 DC
13 40 14 DC
14 40 21 DC
15 40 27 DC
16 40 3 RC
17 40 9 RC
18 40 14 RC
19 40 21 RC
20 40 27 RC
21 40 3 HC
22 40 6 HC
23 40 9 HC
24 40 14 HC
25 40 21 HC
26 40 27 HC
27 40 3 HR
28 40 9 HR
29 40 14 HR
30 40 21 HR
31 40 27 HR
32 40 3 HC
33 40 6 HC
34 40 9 HC
35 40 14 HC
36 40 21 HC
37 40 27 HC
# Container: startPort endPort typeId [bay stack tier slot]
0 5 26 1 4 10 1
0 5 26 1 4 11 1
0 9 22 1 4 12 1
0 9 22 1 4 13 1
0 9 21 1 4 14 1
0 9 21 1 4 15 1
0 8 0 1 5 10 1
0 8 3 1 5 10 2
0 10 3 1 5 11 1
0 10 0 1 5 11 2
0 10 25 1 5 12 1
0 10 24 1 5 13 1
0 10 23 1 5 14 1
0 10 23 1 5 15 1
0 9 1 1 11 10 1
0 9 4 1 11 10 2
0 9 22 1 11 11 1
0 2 22 1 11 12 1
0 2 26 1 12 10 1
0 2 26 1 12 11 1
0 5 0 1 6 7 1
0 5 0 1 6 7 2
0 6 3 1 7 6 1
0 6 4 1 7 6 2
0 6 3 1 7 7 1
0 6 4 1 7 7 2
0 6 25 1 7 8 1
0 5 3 1 9 6 1
0 5 4 1 9 6 2
0 10 4 1 9 7 1
0 10 3 1 9 7 2
0 10 3 1 9 8 1
0 10 3 1 9 8 2
0 5 3 1 10 7 1
0 5 3 1 10 7 2
0 3 2 2 11 10 1
0 3 3 2 11 10 2
0 3 26 2 11 11 1
0 3 14 2 11 12 1
0 3 14 2 11 13 1
0 3 13 2 11 14 1
0 6 26 2 12 10 1
0 2 3 2 13 10 1
0 2 3 2 13 10 2
0 2 3 2 13 11 1
0 2 3 2 13 11 2
0 2 25 2 13 12 1
0 2 24 2 13 13 1
0 2 24 2 13 14 1
0 2 23 2 13 15 1
0 2 3 2 14 10 1
0 2 4 2 14 10 2
0 2 10 2 14 11 1
0 5 25 2 15 10 1
0 4 15 2 3 7 1
0 4 26 2 3 8 1
0 6 24 2 5 6 1
0 4 13 2 5 7 1
0 3 3 2 6 5 1
0 3 3 2 6 5 2
0 7 2 2 8 0 1
0 7 3 2 8 0 2
0 7 0 2 8 1 1
0 7 3 2 8 1 2
0 7 24 2 8 2 1
0 7 12 2 8 3 1
0 7 12 2 8 4 1
0 7 12 2 8 5 1
0 7 12 2 8 6 1
0 7 23 2 8 7 1
0 7 13 2 9 3 1
0 7 24 2 9 4 1
0 7 12 2 9 5 1
0 7 12 2 9 6 1
0 7 12 2 9 7 1
0 7 11 2 9 8 1
0 3 4 2 11 6 1
0 3 4 2 11 6 2
0 3 4 2 11 7 1
0 3 4 2 11 7 2
0 8 3 2 12 7 1
0 8 3 2 12 7 2
0 6 23 2 13 7 1
0 4 12 2 13 8 1
0 4 3 3 0 10 1
0 4 4 3 0 10 2
0 4 0 3 0 11 1
0 4 4 3 0 11 2
0 4 24 3 0 12 1
0 4 23 3 0 13 1
0 4 23 3 0 14 1
0 4 22 3 0 15 1
0 5 15 3 4 10 1
0 5 25 3 4 11 1
0 5 25 3 4 12 1
0 5 23 3 4 13 1
0 3 4 3 5 10 1
0 5 4 3 5 10 2
0 5 23 3 5 11 1
0 6 3 3 10 10 1
0 6 4 3 10 10 2
0 6 2 3 10 11 1
0 6 3 3 10 11 2
0 6 25 3 10 12 1
0 6 24 3 10 13 1
0 6 24 3 10 14 1
0 6 23 3 10 15 1
0 3 14 3 11 10 1
0 3 25 3 11 11 1
0 3 25 3 11 12 1
0 3 25 3 11 13 1
0 3 13 3 11 14 1
0 3 12 3 11 15 1
0 3 23 3 11 16 1
0 9 2 3 2 7 1
0 9 3 3 2 7 2
0 9 25 3 2 8 1
0 6 3 3 3 6 1
0 6 3 3 3 6 2
0 7 0 3 3 7 1
0 7 0 3 3 7 2
0 7 22 3 3 8 1
0 9 3 3 4 5 1
0 9 4 3 4 5 2
0 9 22 3 4 6 1
0 7 22 3 4 7 1
0 9 26 3 5 4 1
0 9 14 3 5 5 1
0 10 3 3 6 3 1
0 10 3 3 6 3 2
0 10 1 3 6 4 1
0 10 3 3 6 4 2
0 10 15 3 6 5 1
0 10 14 3 6 6 1
0 10 25 3 6 7 1
0 10 13 3 6 8 1
0 10 23 3 8 0 1
0 10 23 3 8 1 1
0 10 23 3 8 2 1
0 10 11 3 8 3 1
0 9 10 3 8 4 1
0 10 4 3 9 1 1
0 10 4 3 9 1 2
0 10 3 3 9 2 1
0 10 4 3 9 2 2
0 10 0 3 9 3 1
0 10 4 3 9 3 2
0 10 26 3 9 4 1
0 10 14 3 9 5 1
0 10 25 3 9 6 1
0 10 24 3 9 7 1
0 7 0 3 10 3 1
0 7 3 3 10 3 2
0 7 14 3 10 4 1
0 7 24 3 10 5 1
0 7 24 3 10 6 1
0 7 24 3 10 7 1
0 5 3 3 11 4 1
0 5 3 3 11 4 2
0 7 25 3 11 5 1
0 7 13 3 11 6 1
0 7 12 3 11 7 1
0 7 12 3 11 8 1
0 10 3 3 12 5 1
0 10 3 3 12 5 2
0 10 13 3 12 6 1
0 10 11 3 12 7 1
0 10 21 3 12 8 1
0 3 26 3 13 6 1
0 5 22 3 14 7 1
0 9 10 3 14 8 1
0 5 3 4 0 10 1
0 5 4 4 0 10 2
0 5 26 4 0 11 1
0 5 24 4 0 12 1
0 10 13 4 0 13 1
0 6 4 4 1 10 1
0 6 4 4 1 10 2
0 6 3 4 1 11 1
0 6 3 4 1 11 2
0 6 25 4 1 12 1
0 6 25 4 1 13 1
0 6 25 4 1 14 1
0 6 25 4 1 15 1
0 10 2 4 2 10 1
0 6 3 4 2 10 2
0 6 25 4 2 11 1
0 7 25 4 4 10 1
0 2 24 4 8 10 1
0 2 24 4 8 11 1
0 2 24 4 8 12 1
0 2 23 4 8 13 1
0 2 22 4 8 14 1
0 2 22 4 8 15 1
0 9 4 4 9 10 1
0 9 4 4 9 10 2
0 9 3 4 9 11 1
0 9 4 4 9 11 2
0 7 3 4 9 12 1
0 7 4 4 9 12 2
0 7 15 4 9 13 1
0 2 4 4 10 10 1
0 2 4 4 10 10 2
0 2 4 4 10 11 1
0 2 4 4 10 11 2
0 2 3 4 10 12 1
0 2 3 4 10 12 2
0 2 26 4 10 13 1
0 2 23 4 10 14 1
0 2 21 4 10 15 1
0 2 25 4 11 10 1
0 2 25 4 11 11 1
0 2 24 4 11 12 1
0 2 24 4 11 13 1
0 2 24 4 11 14 1
0 2 21 4 11 15 1
0 5 1 4 12 10 1
0 5 3 4 12 10 2
0 5 14 4 12 11 1
0 5 11 4 12 12 1
0 5 22 4 12 13 1
0 5 21 4 12 14 1
0 5 0 4 14 10 1
0 5 3 4 14 10 2
0 5 14 4 14 11 1
0 5 14 4 14 12 1
0 5 14 4 14 13 1
0 5 14 4 14 14 1
0 5 25 4 14 15 1
0 5 2 4 15 10 1
0 5 3 4 15 10 2
0 5 25 4 15 11 1
0 5 25 4 15 12 1
0 5 23 4 15 13 1
0 5 3 4 16 10 1
0 5 4 4 16 10 2
0 5 1 4 16 11 1
0 5 4 4 16 11 2
0 5 25 4 16 12 1
0 5 3 4 1 7 1
0 6 3 4 1 7 2
0 4 0 4 1 8 1
0 4 3 4 1 8 2
0 6 10 4 2 6 1
0 5 3 4 3 5 1
0 6 3 4 3 5 2
0 6 3 4 3 6 1
0 6 3 4 3 6 2
0 6 14 4 3 7 1
0 6 23 4 3 8 1
0 6 14 4 4 4 1
0 6 25 4 4 5 1
0 6 24 4 4 6 1
0 6 21 4 4 7 1
0 2 15 4 5 3 1
0 2 13 4 5 4 1
0 2 24 4 5 5 1
0 2 12 4 5 6 1
0 2 10 4 5 7 1
0 4 10 4 5 8 1
0 4 1 4 7 0 1
0 4 4 4 7 0 2
0 4 26 4 7 1 1
0 4 25 4 7 2 1
0 4 25 4 7 3 1
0 4 25 4 7 4 1
0 4 25 4 7 5 1
0 4 13 4 7 6 1
0 4 23 4 7 7 1
0 10 0 4 8 0 1
0 10 0 4 8 0 2
0 10 22 4 8 1 1
0 7 25 4 9 0 1
0 7 25 4 9 1 1
0 7 24 4 9 2 1
0 7 24 4 9 3 1
0 7 23 4 9 4 1
0 7 23 4 9 5 1
0 7 11 4 9 6 1
0 7 21 4 9 7 1
0 2 3 4 10 1 1
0 2 3 4 10 1 2
0 2 25 4 10 2 1
0 2 25 4 10 3 1
0 2 25 4 10 4 1
0 2 25 4 10 5 1
0 2 25 4 10 6 1
0 2 24 4 10 7 1
0 8 3 4 11 3 1
0 8 4 4 11 3 2
0 5 26 4 11 4 1
0 5 26 4 11 5 1
0 7 13 4 11 6 1
0 7 23 4 11 7 1
0 6 3 4 12 4 1
0 6 3 4 12 4 2
0 5 24 4 12 5 1
0 5 1 4 13 5 1
0 5 4 4 13 5 2
0 5 26 4 13 6 1
0 5 22 4 13 7 1
0 5 3 4 14 6 1
0 5 3 4 14 6 2
0 5 15 4 14 7 1
0 7 24 4 14 8 1
0 5 14 4 15 7 1
0 5 26 5 11 10 1
0 5 26 5 11 11 1
0 5 14 5 11 12 1
0 5 25 5 11 13 1
0 5 24 5 11 14 1
0 5 24 5 11 15 1
0 7 14 5 12 10 1
0 7 14 5 12 11 1
0 7 14 5 12 12 1
0 7 14 5 12 13 1
0 7 25 5 12 14 1
0 7 25 5 12 15 1
0 5 3 5 14 10 1
0 5 4 5 14 10 2
0 5 3 5 14 11 1
0 5 4 5 14 11 2
0 5 25 5 14 12 1
0 5 25 5 14 13 1
0 5 12 5 14 14 1
0 5 22 5 14 15 1
0 5 3 5 16 10 1
0 5 4 5 16 10 2
0 5 1 5 16 11 1
0 5 3 5 16 11 2
0 5 25 5 16 12 1
0 5 11 5 16 13 1
0 5 22 5 16 14 1
0 5 22 5 16 15 1
0 6 4 5 1 6 1
0 6 4 5 1 6 2
0 6 26 5 1 7 1
0 4 15 5 1 8 1
0 5 4 5 2 5 1
0 6 4 5 2 5 2
0 5 30 5 2 6 1
0 7 14 5 2 7 1
0 7 12 5 2 8 1
0 6 2 5 3 4 1
0 6 4 5 3 4 2
0 6 0 5 3 5 1
0 6 4 5 3 5 2
0 6 31 5 3 6 1
0 5 14 5 3 7 1
0 5 13 5 3 8 1
0 7 15 5 4 2 1
0 7 2 5 5 1 1
0 7 3 5 5 1 2
0 7 0 5 5 2 1
0 7 2 5 5 2 2
0 7 13 5 5 3 1
0 7 12 5 5 4 1
0 7 12 5 5 5 1
0 7 11 5 5 6 1
0 7 10 5 5 7 1
0 7 21 5 5 8 1
0 4 4 5 7 0 1
0 4 4 5 7 0 2
0 4 0 5 7 1 1
0 4 4 5 7 1 2
0 4 31 5 7 2 1
0 4 26 5 7 3 1
0 4 26 5 7 4 1
0 4 25 5 7 5 1
0 4 25 5 7 6 1
0 4 24 5 7 7 1
0 7 14 5 8 0 1
0 7 25 5 8 1 1
0 7 25 5 8 2 1
0 4 25 5 8 3 1
0 4 25 5 8 4 1
0 4 12 5 8 5 1
0 4 22 5 8 6 1
0 4 22 5 8 7 1
0 7 15 5 10 1 1
0 7 26 5 11 1 1
0 7 14 5 11 2 1
0 7 14 5 11 3 1
0 7 14 5 11 4 1
0 7 22 5 11 5 1
0 7 21 5 11 6 1
0 7 21 5 11 7 1
0 7 3 5 12 2 1
0 7 3 5 12 2 2
0 7 3 5 12 3 1
0 7 3 5 12 3 2
0 7 3 5 12 4 1
0 7 3 5 12 4 2
0 7 2 5 12 5 1
0 7 3 5 12 5 2
0 7 25 5 12 6 1
0 7 10 5 12 7 1
0 7 10 5 12 8 1
0 5 30 5 13 4 1
0 5 30 5 13 5 1
0 5 30 5 13 6 1
0 5 23 5 13 7 1
0 5 30 5 14 5 1
0 5 30 5 14 6 1
0 5 25 5 14 7 1
0 7 2 5 15 6 1
0 7 3 5 15 6 2
0 7 2 5 15 7 1
0 7 3 5 15 7 2
0 7 23 5 15 8 1
0 10 4 6 0 10 1
0 10 4 6 0 10 2
0 10 3 6 0 11 1
0 10 3 6 0 11 2
0 10 26 6 0 12 1
0 10 26 6 0 13 1
0 10 26 6 0 14 1
0 10 25 6 0 15 1
0 10 23 6 0 16 1
0 10 13 6 3 10 1
0 4 2 6 5 10 1
0 4 3 6 5 10 2
0 4 1 6 5 11 1
0 4 3 6 5 11 2
0 4 25 6 5 12 1
0 4 25 6 5 13 1
0 4 25 6 5 14 1
0 4 25 6 5 15 1
0 4 25 6 5 16 1
0 6 4 6 10 10 1
0 6 4 6 10 10 2
0 6 4 6 10 11 1
0 6 4 6 10 11 2
0 6 4 6 10 12 1
0 6 4 6 10 12 2
0 6 26 6 10 13 1
0 6 26 6 10 14 1
0 7 0 6 12 10 1
0 7 3 6 12 10 2
0 7 0 6 12 11 1
0 7 1 6 12 11 2
0 7 11 6 12 12 1
0 7 11 6 12 13 1
0 7 22 6 12 14 1
0 7 22 6 12 15 1
0 7 22 6 12 16 1
0 6 4 6 16 10 1
0 6 4 6 16 10 2
0 6 3 6 16 11 1
0 6 3 6 16 11 2
0 6 26 6 16 12 1
0 6 26 6 16 13 1
0 6 26 6 16 14 1
0 6 14 6 16 15 1
0 6 12 6 16 16 1
0 5 21 6 1 5 1
0 11 3 6 2 4 1
0 11 4 6 2 4 2
0 11 3 6 2 5 1
0 11 4 6 2 5 2
0 11 3 6 2 6 1
0 11 3 6 2 6 2
0 11 3 6 2 7 1
0 11 3 6 2 7 2
0 11 3 6 2 8 1
0 11 3 6 2 8 2
0 10 4 6 3 2 1
0 10 4 6 3 2 2
0 10 3 6 3 3 1
0 10 4 6 3 3 2
0 10 25 6 3 4 1
0 10 25 6 3 5 1
0 10 24 6 3 6 1
0 10 24 6 3 7 1
0 8 3 6 4 1 1
0 8 4 6 4 1 2
0 8 3 6 4 2 1
0 8 4 6 4 2 2
0 8 26 6 4 3 1
0 8 26 6 4 4 1
0 8 26 6 4 5 1
0 8 26 6 4 6 1
0 8 26 6 4 7 1
0 4 3 6 5 1 1
0 4 4 6 5 1 2
0 4 2 6 5 2 1
0 4 4 6 5 2 2
0 4 26 6 5 3 1
0 4 26 6 5 4 1
0 4 26 6 5 5 1
0 4 26 6 5 6 1
0 4 26 6 5 7 1
0 7 24 6 6 0 1
0 7 24 6 6 1 1
0 7 23 6 6 2 1
0 7 23 6 6 3 1
0 7 23 6 6 4 1
0 7 11 6 6 5 1
0 7 11 6 6 6 1
0 7 22 6 6 7 1
0 2 2 6 7 0 1
0 2 4 6 7 0 2
0 2 0 6 7 1 1
0 2 3 6 7 1 2
0 2 23 6 7 2 1
0 2 23 6 7 3 1
0 2 22 6 7 4 1
0 2 22 6 7 5 1
0 2 21 6 7 6 1
0 5 21 6 7 7 1
0 2 26 6 8 0 1
0 2 24 6 8 1 1
0 2 24 6 8 2 1
0 2 24 6 8 3 1
0 2 23 6 8 4 1
0 2 23 6 8 5 1
0 2 23 6 8 6 1
0 2 23 6 8 7 1
0 7 24 6 9 0 1
0 7 24 6 9 1 1
0 7 12 6 9 2 1
0 7 12 6 9 3 1
0 7 12 6 9 4 1
0 7 23 6 9 5 1
0 7 23 6 9 6 1
0 5 23 6 9 7 1
0 7 0 6 10 0 1
0 7 2 6 10 0 2
0 7 24 6 10 1 1
0 7 12 6 10 2 1
0 7 12 6 10 3 1
0 7 12 6 10 4 1
0 7 23 6 10 5 1
0 7 23 6 10 6 1
0 7 22 6 10 7 1
0 5 3 6 11 1 1
0 5 3 6 11 1 2
0 5 0 6 11 2 1
0 5 3 6 11 2 2
0 5 13 6 11 3 1
0 5 24 6 11 4 1
0 5 11 6 11 5 1
0 5 22 6 11 6 1
0 5 22 6 11 7 1
0 7 13 6 12 1 1
0 7 13 6 12 2 1
0 7 23 6 12 3 1
0 7 11 6 12 4 1
0 7 11 6 12 5 1
0 7 11 6 12 6 1
0 7 11 6 12 7 1
0 7 10 6 12 8 1
0 7 24 6 13 2 1
0 7 24 6 13 3 1
0 7 12 6 13 4 1
0 7 11 6 13 5 1
0 7 22 6 13 6 1
0 7 22 6 13 7 1
0 6 4 6 14 4 1
0 6 4 6 14 4 2
0 6 4 6 14 5 1
0 6 4 6 14 5 2
0 6 3 6 14 6 1
0 6 4 6 14 6 2
0 6 3 6 14 7 1
0 6 4 6 14 7 2
0 6 22 6 14 8 1
0 7 2 6 15 5 1
0 7 3 6 15 5 2
0 7 2 6 15 6 1
0 7 2 6 15 6 2
0 7 11 6 15 7 1
0 7 22 6 15 8 1
0 4 30 7 1 10 1
0 2 30 7 1 11 1
0 2 29 7 1 12 1
0 2 24 7 1 13 1
0 2 22 7 1 14 1
0 2 1 7 2 10 1
0 2 3 7 2 10 2
0 2 15 7 2 11 1
0 2 26 7 2 12 1
0 2 14 7 2 13 1
0 2 25 7 2 14 1
0 2 25 7 2 15 1
0 2 25 7 2 16 1
0 7 25 7 3 10 1
0 2 3 7 4 10 1
0 2 3 7 4 10 2
0 2 23 7 4 11 1
0 2 23 7 4 12 1
0 2 23 7 4 13 1
0 2 23 7 4 14 1
0 2 23 7 4 15 1
0 2 22 7 4 16 1
0 7 24 7 5 10 1
0 2 26 7 7 10 1
0 2 26 7 7 11 1
0 2 26 7 7 12 1
0 2 26 7 7 13 1
0 8 25 7 7 14 1
0 2 4 7 8 10 1
0 2 4 7 8 10 2
0 2 30 7 8 11 1
0 2 30 7 8 12 1
0 2 25 7 8 13 1
0 2 24 7 8 14 1
0 2 10 7 8 15 1
0 4 2 7 1 4 1
0 4 4 7 1 4 2
0 4 26 7 1 5 1
0 4 25 7 1 6 1
0 4 24 7 1 7 1
0 5 4 7 2 4 1
0 5 4 7 2 4 2
0 5 4 7 2 5 1
0 5 4 7 2 5 2
0 5 15 7 2 6 1
0 5 12 7 2 7 1
0 4 23 7 2 8 1
0 5 4 7 3 4 1
0 8 4 7 3 4 2
0 5 3 7 3 5 1
0 3 4 7 3 5 2
0 5 15 7 3 6 1
0 4 14 7 3 7 1
0 4 23 7 3 8 1
0 6 3 7 4 4 1
0 6 4 7 4 4 2
0 6 3 7 4 5 1
0 6 4 7 4 5 2
0 6 3 7 4 6 1
0 6 4 7 4 6 2
0 6 3 7 4 7 1
0 6 3 7 4 7 2
0 6 26 7 4 8 1
0 3 3 7 5 4 1
0 3 4 7 5 4 2
0 3 3 7 5 5 1
0 3 3 7 5 5 2
0 3 0 7 5 6 1
0 3 3 7 5 6 2
0 3 14 7 5 7 1
0 3 23 7 5 8 1
0 7 3 7 6 4 1
0 7 4 7 6 4 2
0 4 3 7 6 5 1
0 7 4 7 6 5 2
0 4 3 7 6 6 1
0 7 3 7 6 6 2
0 4 3 7 6 7 1
0 7 2 7 6 7 2
0 7 22 7 6 8 1
0 2 25 7 7 4 1
0 2 13 7 7 5 1
0 2 24 7 7 6 1
0 4 23 7 7 7 1
0 2 3 7 8 4 1
0 4 4 7 8 4 2
0 2 3 7 8 5 1
0 4 4 7 8 5 2
0 2 2 7 8 6 1
0 2 3 7 8 6 2
0 2 2 7 8 7 1
0 2 3 7 8 7 2
0 2 22 7 8 8 1
0 7 26 7 9 4 1
0 7 24 7 9 5 1
0 7 12 7 9 6 1
0 7 23 7 9 7 1
0 4 25 7 10 4 1
0 4 24 7 10 5 1
0 4 23 7 10 6 1
0 4 23 7 10 7 1
0 9 4 7 12 4 1
0 9 4 7 12 4 2
0 9 4 7 12 5 1
0 9 4 7 12 5 2
0 9 3 7 12 6 1
0 9 4 7 12 6 2
0 9 3 7 12 7 1
0 9 4 7 12 7 2
0 9 21 7 12 8 1
0 5 4 7 13 4 1
0 5 4 7 13 4 2
0 5 3 7 13 5 1
0 5 4 7 13 5 2
0 5 25 7 13 6 1
0 5 22 7 13 7 1
0 5 4 7 14 4 1
0 5 4 7 14 4 2
0 5 4 7 14 5 1
0 5 4 7 14 5 2
0 5 14 7 14 6 1
0 5 22 7 14 7 1
0 2 3 8 2 10 1
0 4 3 8 2 10 2
0 2 11 8 4 10 1
0 4 14 8 5 10 1
0 4 25 8 5 11 1
0 4 25 8 5 12 1
0 4 25 8 5 13 1
0 4 25 8 5 14 1
0 2 12 8 5 15 1
0 2 22 8 5 16 1
0 2 10 8 5 17 1
0 4 30 8 7 10 1
0 4 25 8 7 11 1
0 4 25 8 7 12 1
0 4 12 8 7 13 1
0 4 23 8 7 14 1
0 4 23 8 7 15 1
0 4 11 8 7 16 1
0 4 22 8 7 17 1
0 4 24 8 8 10 1
0 4 24 8 8 11 1
0 4 12 8 8 12 1
0 4 23 8 8 13 1
0 4 23 8 8 14 1
0 4 11 8 8 15 1
0 4 22 8 8 16 1
0 4 10 8 8 17 1
0 4 1 8 11 10 1
0 4 2 8 11 10 2
0 4 25 8 11 11 1
0 4 25 8 11 12 1
0 4 24 8 11 13 1
0 4 24 8 11 14 1
0 2 11 8 13 10 1
0 2 22 8 13 11 1
0 2 22 8 13 12 1
0 2 22 8 13 13 1
0 2 22 8 13 14 1
0 2 22 8 13 15 1
0 2 22 8 13 16 1
0 2 22 8 13 17 1
0 2 4 8 14 10 1
0 2 4 8 14 10 2
0 2 4 8 14 11 1
0 2 4 8 14 11 2
0 2 3 8 14 12 1
0 2 4 8 14 12 2
0 2 3 8 14 13 1
0 2 4 8 14 13 2
0 2 2 8 14 14 1
0 2 0 8 14 14 2
0 2 23 8 14 15 1
0 2 23 8 14 16 1
0 2 21 8 14 17 1
0 7 26 8 15 10 1
0 7 14 8 15 11 1
0 7 29 8 15 12 1
0 7 13 8 15 13 1
0 7 24 8 15 14 1
0 7 24 8 15 15 1
0 7 23 8 15 16 1
0 7 23 8 15 17 1
0 10 4 8 16 10 1
0 10 4 8 16 10 2
0 10 4 8 16 11 1
0 10 4 8 16 11 2
0 10 4 8 16 12 1
0 10 4 8 16 12 2
0 10 3 8 16 13 1
0 10 3 8 16 13 2
0 10 15 8 16 14 1
0 10 22 8 16 15 1
0 10 22 8 16 16 1
0 7 0 8 1 1 1
0 7 3 8 1 1 2
0 7 0 8 1 2 1
0 7 1 8 1 2 2
0 7 0 8 1 3 1
0 7 0 8 1 3 2
0 7 10 8 1 4 1
0 7 21 8 1 5 1
0 7 21 8 1 6 1
0 7 21 8 1 7 1
0 7 13 8 2 0 1
0 7 13 8 2 1 1
0 7 12 8 2 2 1
0 7 11 8 2 3 1
0 7 11 8 2 4 1
0 7 11 8 2 5 1
0 7 11 8 2 6 1
0 7 22 8 2 7 1
0 7 10 8 2 8 1
0 4 24 8 3 0 1
0 4 24 8 3 1 1
0 4 24 8 3 2 1
0 4 12 8 3 3 1
0 4 23 8 3 4 1
0 4 23 8 3 5 1
0 4 23 8 3 6 1
0 4 22 8 3 7 1
0 7 25 8 4 0 1
0 7 25 8 4 1 1
0 7 24 8 4 2 1
0 7 24 8 4 3 1
0 7 24 8 4 4 1
0 7 23 8 4 5 1
0 7 23 8 4 6 1
0 7 11 8 4 7 1
0 7 24 8 5 0 1
0 7 24 8 5 1 1
0 7 24 8 5 2 1
0 7 12 8 5 3 1
0 7 23 8 5 4 1
0 7 23 8 5 5 1
0 7 23 8 5 6 1
0 7 11 8 5 7 1
0 8 3 8 7 0 1
0 8 4 8 7 0 2
0 8 3 8 7 1 1
0 8 4 8 7 1 2
0 8 26 8 7 2 1
0 8 25 8 7 3 1
0 8 25 8 7 4 1
0 10 25 8 7 5 1
0 10 25 8 7 6 1
0 10 13 8 7 7 1
0 4 4 8 8 0 1
0 4 4 8 8 0 2
0 4 4 8 8 1 1
0 4 4 8 8 1 2
0 4 3 8 8 2 1
0 4 4 8 8 2 2
0 4 15 8 8 3 1
0 4 14 8 8 4 1
0 4 24 8 8 5 1
0 4 12 8 8 6 1
0 4 11 8 8 7 1
0 4 11 8 8 8 1
0 8 3 8 9 0 1
0 8 4 8 9 0 2
0 8 3 8 9 1 1
0 8 4 8 9 1 2
0 8 3 8 9 2 1
0 8 4 8 9 2 2
0 8 3 8 9 3 1
0 8 4 8 9 3 2
0 8 3 8 9 4 1
0 8 4 8 9 4 2
0 8 3 8 9 5 1
0 8 4 8 9 5 2
0 8 3 8 9 6 1
0 8 3 8 9 6 2
0 8 26 8 9 7 1
0 10 13 8 9 8 1
0 10 3 8 10 0 1
0 10 4 8 10 0 2
0 10 3 8 10 1 1
0 10 4 8 10 1 2
0 10 24 8 10 2 1
0 10 12 8 10 3 1
0 10 12 8 10 4 1
0 10 12 8 10 5 1
0 10 12 8 10 6 1
0 10 11 8 10 7 1
0 10 10 8 10 8 1
0 10 4 8 11 0 1
0 10 4 8 11 0 2
0 10 2 8 11 1 1
0 10 4 8 11 1 2
0 10 26 8 11 2 1
0 10 23 8 11 3 1
0 10 23 8 11 4 1
0 10 23 8 11 5 1
0 10 23 8 11 6 1
0 10 23 8 11 7 1
0 7 24 8 12 0 1
0 7 23 8 12 1 1
0 7 23 8 12 2 1
0 7 23 8 12 3 1
0 7 23 8 12 4 1
0 7 23 8 12 5 1
0 5 23 8 12 6 1
0 5 23 8 12 7 1
0 7 23 8 13 0 1
0 7 11 8 13 1 1
0 7 11 8 13 2 1
0 7 11 8 13 3 1
0 7 22 8 13 4 1
0 7 22 8 13 5 1
0 7 21 8 13 6 1
0 7 21 8 13 7 1
0 10 3 8 14 0 1
0 10 4 8 14 0 2
0 10 3 8 14 1 1
0 10 4 8 14 1 2
0 10 3 8 14 2 1
0 10 4 8 14 2 2
0 10 2 8 14 3 1
0 10 3 8 14 3 2
0 10 15 8 14 4 1
0 10 24 8 14 5 1
0 10 12 8 14 6 1
0 10 12 8 14 7 1
0 10 12 8 14 8 1
0 4 24 8 15 1 1
0 4 24 8 15 2 1
0 4 24 8 15 3 1
0 4 23 8 15 4 1
0 4 23 8 15 5 1
0 4 22 8 15 6 1
0 7 22 8 15 7 1
0 4 3 9 8 10 1
0 4 4 9 8 10 2
0 4 3 9 8 11 1
0 4 3 9 8 11 2
0 5 21 9 8 12 1
0 4 21 9 8 13 1
0 5 4 9 10 10 1
0 5 4 9 10 10 2
0 5 7 9 10 11 1
0 5 4 9 10 11 2
0 5 1 9 10 12 1
0 5 4 9 10 12 2
0 5 26 9 10 13 1
0 5 25 9 10 14 1
0 5 24 9 10 15 1
0 5 23 9 10 16 1
0 5 22 9 10 17 1
0 6 31 9 16 10 1
0 3 4 9 1 1 1
0 3 4 9 1 1 2
0 3 4 9 1 2 1
0 3 4 9 1 2 2
0 3 4 9 1 3 1
0 3 4 9 1 3 2
0 3 4 9 1 4 1
0 3 4 9 1 4 2
0 3 4 9 1 5 1
0 3 4 9 1 5 2
0 3 3 9 1 6 1
0 3 4 9 1 6 2
0 3 3 9 1 7 1
0 3 4 9 1 7 2
0 9 22 9 1 8 1
0 7 0 9 2 0 1
0 7 2 9 2 0 2
0 7 0 9 2 1 1
0 7 2 9 2 1 2
0 7 29 9 2 2 1
0 7 22 9 2 3 1
0 7 10 9 2 4 1
0 7 10 9 2 5 1
0 7 10 9 2 6 1
0 7 21 9 2 7 1
0 4 3 9 3 0 1
0 4 4 9 3 0 2
0 4 3 9 3 1 1
0 4 4 9 3 1 2
0 4 3 9 3 2 1
0 4 4 9 3 2 2
0 4 3 9 3 3 1
0 4 4 9 3 3 2
0 4 3 9 3 4 1
0 4 3 9 3 4 2
0 4 3 9 3 5 1
0 4 3 9 3 5 2
0 4 2 9 3 6 1
0 4 3 9 3 6 2
0 4 11 9 3 7 1
0 4 21 9 3 8 1
0 7 3 9 4 0 1
0 7 3 9 4 0 2
0 7 1 9 5 0 1
0 7 2 9 5 0 2
0 7 12 9 5 1 1
0 7 12 9 5 2 1
0 7 12 9 5 3 1
0 7 11 9 5 4 1
0 7 11 9 5 5 1
0 7 11 9 5 6 1
0 7 10 9 5 7 1
0 7 21 9 5 8 1
0 7 24 9 6 0 1
0 7 24 9 6 1 1
0 7 24 9 6 2 1
0 7 23 9 6 3 1
0 7 11 9 6 4 1
0 7 21 9 6 5 1
0 7 14 9 7 0 1
0 7 14 9 7 1 1
0 7 14 9 7 2 1
0 7 25 9 7 3 1
0 7 23 9 7 4 1
0 7 11 9 7 5 1
0 7 11 9 7 6 1
0 7 10 9 7 7 1
0 7 0 9 8 0 1
0 7 3 9 8 0 2
0 7 24 9 8 1 1
0 7 24 9 8 2 1
0 7 24 9 8 3 1
0 7 12 9 8 4 1
0 7 12 9 8 5 1
0 7 23 9 8 6 1
0 7 22 9 8 7 1
0 7 0 9 9 0 1
0 7 3 9 9 0 2
0 7 24 9 9 1 1
0 7 24 9 9 2 1
0 7 24 9 9 3 1
0 7 24 9 9 4 1
0 7 24 9 9 5 1
0 7 12 9 9 6 1
0 7 23 9 9 7 1
0 7 0 9 10 0 1
0 7 3 9 10 0 2
0 7 14 9 10 1 1
0 7 11 9 10 2 1
0 7 22 9 10 3 1
0 7 22 9 10 4 1
0 7 21 9 10 5 1
0 7 21 9 10 6 1
0 7 21 9 10 7 1
0 2 24 9 11 0 1
0 2 24 9 11 1 1
0 2 24 9 11 2 1
0 2 23 9 11 3 1
0 4 22 9 11 4 1
0 4 10 9 11 5 1
0 9 21 9 11 6 1
0 4 24 9 13 0 1
0 4 23 9 13 1 1
0 4 23 9 13 2 1
0 4 22 9 13 3 1
0 4 27 9 13 4 1
0 4 27 9 13 5 1
0 4 10 9 13 6 1
0 4 21 9 13 7 1
0 4 31 9 14 0 1
0 4 24 9 14 1 1
0 4 23 9 14 2 1
0 4 11 9 14 3 1
0 4 11 9 14 4 1
0 4 22 9 14 5 1
0 4 22 9 14 6 1
0 4 22 9 14 7 1
0 7 2 9 15 1 1
0 7 3 9 15 1 2
0 7 2 9 15 2 1
0 7 3 9 15 2 2
0 7 2 9 15 3 1
0 7 2 9 15 3 2
0 7 1 9 15 4 1
0 7 2 9 15 4 2
0 7 14 9 15 5 1
0 7 25 9 15 6 1
0 7 21 9 15 7 1
0 5 3 10 6 10 1
0 5 4 10 6 10 2
0 5 3 10 6 11 1
0 5 3 10 6 11 2
0 5 30 10 6 12 1
0 5 25 10 6 13 1
0 5 25 10 6 14 1
0 5 25 10 6 15 1
0 5 25 10 6 16 1
0 5 10 10 6 17 1
0 5 3 10 7 10 1
0 5 4 10 7 10 2
0 5 2 10 7 11 1
0 5 3 10 7 11 2
0 5 30 10 7 12 1
0 5 25 10 7 13 1
0 5 25 10 7 14 1
0 5 25 10 7 15 1
0 5 24 10 7 16 1
0 5 23 10 7 17 1
0 6 3 10 8 10 1
0 6 3 10 8 10 2
0 6 7 10 8 11 1
0 6 3 10 8 11 2
0 6 30 10 8 12 1
0 6 25 10 8 13 1
0 6 13 10 8 14 1
0 6 24 10 8 15 1
0 6 23 10 8 16 1
0 6 23 10 8 17 1
0 3 3 10 9 10 1
0 3 3 10 9 10 2
0 3 3 10 9 11 1
0 3 3 10 9 11 2
0 3 3 10 9 12 1
0 3 3 10 9 12 2
0 3 23 10 9 13 1
0 3 23 10 9 14 1
0 3 11 10 9 15 1
0 3 11 10 9 16 1
0 3 22 10 9 17 1
0 7 1 10 11 10 1
0 7 3 10 11 10 2
0 7 1 10 11 11 1
0 7 3 10 11 11 2
0 7 0 10 11 12 1
0 7 3 10 11 12 2
0 7 10 10 11 13 1
0 7 10 10 11 14 1
0 7 10 10 11 15 1
0 7 21 10 11 16 1
0 7 21 10 11 17 1
0 6 3 10 12 10 1
0 6 4 10 12 10 2
0 6 2 10 12 11 1
0 6 4 10 12 11 2
0 6 25 10 12 12 1
0 6 25 10 12 13 1
0 6 25 10 12 14 1
0 6 24 10 12 15 1
0 6 24 10 12 16 1
0 6 24 10 12 17 1
0 6 3 10 13 10 1
0 6 4 10 13 10 2
0 6 3 10 13 11 1
0 6 4 10 13 11 2
0 6 1 10 13 12 1
0 6 2 10 13 12 2
0 6 25 10 13 13 1
0 6 25 10 13 14 1
0 6 25 10 13 15 1
0 6 25 10 13 16 1
0 6 25 10 13 17 1
0 10 3 10 14 10 1
0 10 4 10 14 10 2
0 10 3 10 14 11 1
0 10 4 10 14 11 2
0 10 3 10 14 12 1
0 7 4 10 14 12 2
0 10 3 10 14 13 1
0 7 0 10 14 13 2
0 7 14 10 14 14 1
0 7 14 10 14 15 1
0 7 25 10 14 16 1
0 7 23 10 14 17 1
0 6 3 10 15 10 1
0 6 4 10 15 10 2
0 6 3 10 15 11 1
0 6 4 10 15 11 2
0 6 3 10 15 12 1
0 6 4 10 15 12 2
0 6 24 10 15 13 1
0 6 24 10 15 14 1
0 6 24 10 15 15 1
0 6 24 10 15 16 1
0 6 12 10 15 17 1
0 7 4 10 16 10 1
0 7 4 10 16 10 2
0 7 3 10 16 11 1
0 7 4 10 16 11 2
0 7 3 10 16 12 1
0 7 3 10 16 12 2
0 7 26 10 16 13 1
0 7 26 10 16 14 1
0 7 26 10 16 15 1
0 7 23 10 16 16 1
0 7 21 10 16 17 1
0 7 25 10 2 0 1
0 2 24 10 2 1 1
0 2 24 10 2 2 1
0 2 23 10 2 3 1
0 2 23 10 2 4 1
0 2 23 10 2 5 1
0 2 23 10 2 6 1
0 3 23 10 2 7 1
0 4 4 10 3 0 1
0 4 4 10 3 0 2
0 4 3 10 3 1 1
0 4 4 10 3 1 2
0 4 14 10 3 2 1
0 4 14 10 3 3 1
0 4 13 10 3 4 1
0 4 13 10 3 5 1
0 4 12 10 3 6 1
0 4 12 10 3 7 1
0 4 22 10 3 8 1
0 7 3 10 4 0 1
0 1 4 10 4 0 2
0 7 24 10 5 0 1
0 7 23 10 5 1 1
0 7 23 10 5 2 1
0 7 23 10 5 3 1
0 7 11 10 5 4 1
0 7 11 10 5 5 1
0 7 11 10 5 6 1
0 7 11 10 5 7 1
0 7 12 10 6 0 1
0 7 12 10 6 1 1
0 7 12 10 6 2 1
0 7 23 10 6 3 1
0 7 23 10 6 4 1
0 7 11 10 6 5 1
0 7 13 10 7 0 1
0 7 13 10 7 1 1
0 7 12 10 7 2 1
0 7 12 10 7 3 1
0 7 11 10 7 4 1
0 7 11 10 7 5 1
0 7 11 10 7 6 1
0 7 22 10 7 7 1
0 7 10 10 7 8 1
0 7 0 10 8 0 1
0 7 0 10 8 0 2
0 7 0 10 8 1 1
0 7 0 10 8 1 2
0 7 11 10 8 2 1
0 7 11 10 8 3 1
0 7 11 10 8 4 1
0 7 10 10 8 5 1
0 7 10 10 8 6 1
0 7 10 10 8 7 1
0 7 21 10 8 8 1
0 7 24 10 9 0 1
0 7 24 10 9 1 1
0 7 24 10 9 2 1
0 7 24 10 9 3 1
0 7 23 10 9 4 1
0 7 23 10 9 5 1
0 7 11 10 9 6 1
0 7 22 10 9 7 1
0 7 13 10 10 0 1
0 7 12 10 10 1 1
0 7 12 10 10 2 1
0 7 12 10 10 3 1
0 7 12 10 10 4 1
0 7 12 10 10 5 1
0 7 12 10 10 6 1
0 7 12 10 10 7 1
0 7 23 10 10 8 1
0 7 1 10 11 0 1
0 7 3 10 11 0 2
0 7 14 10 11 1 1
0 7 13 10 11 2 1
0 7 13 10 11 3 1
0 7 12 10 11 4 1
0 7 11 10 11 5 1
0 7 11 10 11 6 1
0 7 10 10 11 7 1
0 7 21 10 11 8 1
0 7 12 10 12 0 1
0 7 23 10 12 1 1
0 7 23 10 12 2 1
0 7 23 10 12 3 1
0 7 23 10 12 4 1
0 7 23 10 12 5 1
0 7 11 10 12 6 1
0 7 22 10 12 7 1
0 7 23 10 13 0 1
0 7 23 10 13 1 1
0 7 23 10 13 2 1
0 7 23 10 13 3 1
0 7 23 10 13 4 1
0 7 23 10 13 5 1
0 7 23 10 13 6 1
0 7 23 10 13 7 1
0 7 3 10 14 0 1
0 7 4 10 14 0 2
0 7 2 10 14 1 1
0 7 3 10 14 1 2
0 7 0 10 14 2 1
0 7 3 10 14 2 2
0 7 24 10 14 3 1
0 7 12 10 14 4 1
0 7 12 10 14 5 1
0 7 23 10 14 6 1
0 7 11 10 14 7 1
0 7 1 10 15 1 1
0 7 3 10 15 1 2
0 7 0 10 15 2 1
0 7 3 10 15 2 2
0 7 0 10 15 3 1
0 7 2 10 15 3 2
0 7 11 10 15 4 1
0 7 10 10 15 5 1
0 7 10 10 15 6 1
0 7 10 10 15 7 1
0 7 21 10 15 8 1
0 10 3 11 0 10 1
0 10 3 11 0 10 2
0 10 3 11 0 11 1
0 10 3 11 0 11 2
0 10 15 11 0 12 1
0 10 15 11 0 13 1
0 10 25 11 0 14 1
0 10 25 11 0 15 1
0 10 25 11 0 16 1
0 10 25 11 0 17 1
0 6 23 11 2 10 1
0 6 22 11 2 11 1
0 10 30 11 3 10 1
0 7 25 11 12 10 1
0 7 25 11 12 11 1
0 7 13 11 12 12 1
0 7 24 11 12 13 1
0 7 24 11 12 14 1
0 3 22 11 12 15 1
0 6 22 11 12 16 1
0 7 3 11 14 10 1
0 7 3 11 14 10 2
0 7 12 11 15 10 1
0 7 12 11 15 11 1
0 7 12 11 15 12 1
0 7 23 11 15 13 1
0 7 23 11 15 14 1
0 7 23 11 15 15 1
0 7 22 11 15 16 1
0 7 22 11 15 17 1
0 7 3 11 16 10 1
0 7 4 11 16 10 2
0 7 12 11 16 11 1
0 7 23 11 16 12 1
0 7 23 11 16 13 1
0 7 23 11 16 14 1
0 7 11 11 16 15 1
0 7 10 11 16 16 1
0 7 21 11 16 17 1
0 6 3 11 1 4 1
0 6 4 11 1 4 2
0 6 15 11 1 5 1
0 6 15 11 1 6 1
0 6 14 11 1 7 1
0 6 25 11 1 8 1
0 2 0 11 2 4 1
0 2 2 11 2 4 2
0 2 23 11 2 5 1
0 2 22 11 2 6 1
0 10 22 11 2 7 1
0 6 4 11 3 4 1
0 6 4 11 3 4 2
0 6 4 11 3 5 1
0 6 4 11 3 5 2
0 6 4 11 3 6 1
0 6 4 11 3 6 2
0 6 12 11 3 7 1
0 6 23 11 3 8 1
0 2 3 11 4 4 1
0 2 4 11 4 4 2
0 2 3 11 4 5 1
0 2 3 11 4 5 2
0 2 1 11 4 6 1
0 2 3 11 4 6 2
0 2 14 11 4 7 1
0 2 23 11 4 8 1
0 10 3 11 5 4 1
0 10 4 11 5 4 2
0 10 13 11 5 5 1
0 10 12 11 5 6 1
0 10 12 11 5 7 1
0 10 22 11 5 8 1
0 6 4 11 7 4 1
0 6 4 11 7 4 2
0 6 4 11 7 5 1
0 6 4 11 7 5 2
0 6 3 11 7 6 1
0 6 4 11 7 6 2
0 6 3 11 7 7 1
0 6 4 11 7 7 2
0 6 3 11 7 8 1
0 6 0 11 7 8 2
0 10 3 11 8 4 1
0 10 4 11 8 4 2
0 10 26 11 8 5 1
0 10 26 11 8 6 1
0 10 26 11 8 7 1
0 6 4 11 9 4 1
0 6 4 11 9 4 2
0 6 3 11 9 5 1
0 6 4 11 9 5 2
0 6 3 11 9 6 1
0 6 4 11 9 6 2
0 6 3 11 9 7 1
0 6 4 11 9 7 2
0 6 22 11 9 8 1
0 6 4 11 10 4 1
0 6 4 11 10 4 2
0 6 4 11 10 5 1
0 6 4 11 10 5 2
0 6 15 11 10 6 1
0 6 13 11 10 7 1
0 6 24 11 10 8 1
0 7 4 11 11 4 1
0 7 4 11 11 4 2
0 7 3 11 11 5 1
0 7 4 11 11 5 2
0 7 3 11 11 6 1
0 7 4 11 11 6 2
0 7 3 11 11 7 1
0 7 3 11 11 7 2
0 7 2 11 11 8 1
0 7 2 11 11 8 2
0 7 22 11 12 4 1
0 7 22 11 12 5 1
0 7 22 11 12 6 1
0 7 22 11 12 7 1
0 7 25 11 13 4 1
0 7 13 11 13 5 1
0 7 24 11 13 6 1
0 7 24 11 13 7 1
0 7 24 11 14 4 1
0 7 24 11 14 5 1
0 7 24 11 14 6 1
0 7 24 11 14 7 1
0 7 0 11 15 4 1
0 7 0 11 15 4 2
0 7 0 11 15 5 1
0 7 0 11 15 5 2
0 7 0 11 15 6 1
0 7 0 11 15 6 2
0 7 0 11 15 7 1
0 7 0 11 15 7 2
0 6 4 12 0 10 1
0 6 4 12 0 10 2
0 6 3 12 0 11 1
0 6 3 12 0 11 2
0 6 3 12 0 12 1
0 6 3 12 0 12 2
0 6 26 12 0 13 1
0 6 26 12 0 14 1
0 6 25 12 0 15 1
0 6 25 12 0 16 1
0 6 23 12 0 17 1
0 3 3 12 1 10 1
0 3 4 12 1 10 2
0 3 0 12 1 11 1
0 3 4 12 1 11 2
0 3 13 12 1 12 1
0 3 13 12 1 13 1
0 3 13 12 1 14 1
0 3 24 12 1 15 1
0 3 12 12 1 16 1
0 3 21 12 1 17 1
0 3 3 12 2 10 1
0 3 4 12 2 10 2
0 3 3 12 2 11 1
0 3 4 12 2 11 2
0 3 2 12 2 12 1
0 3 3 12 2 12 2
0 3 24 12 2 13 1
0 3 12 12 2 14 1
0 3 12 12 2 15 1
0 3 12 12 2 16 1
0 3 10 12 2 17 1
0 6 4 12 3 10 1
0 6 4 12 3 10 2
0 6 4 12 3 11 1
0 6 4 12 3 11 2
0 6 3 12 3 12 1
0 6 3 12 3 12 2
0 6 26 12 3 13 1
0 6 14 12 3 14 1
0 6 25 12 3 15 1
0 6 25 12 3 16 1
0 4 3 12 4 10 1
0 4 1 12 4 10 2
0 4 7 12 4 11 1
0 4 0 12 4 11 2
0 4 2 12 4 12 1
0 4 0 12 4 12 2
0 4 13 12 4 13 1
0 4 24 12 4 14 1
0 4 24 12 4 15 1
0 4 24 12 4 16 1
0 4 12 12 4 17 1
0 4 1 12 5 10 1
0 4 3 12 5 10 2
0 4 25 12 5 11 1
0 4 13 12 5 12 1
0 4 24 12 5 13 1
0 4 24 12 5 14 1
0 4 12 12 5 15 1
0 4 23 12 5 16 1
0 4 22 12 5 17 1
0 4 3 12 9 10 1
0 4 4 12 9 10 2
0 4 15 12 10 10 1
0 4 26 12 10 11 1
0 4 26 12 10 12 1
0 4 25 12 10 13 1
0 4 25 12 10 14 1
0 4 25 12 10 15 1
0 4 13 12 10 16 1
0 4 24 12 10 17 1
0 3 4 12 11 10 1
0 3 4 12 11 10 2
0 3 30 12 11 11 1
0 3 30 12 11 12 1
0 3 25 12 11 13 1
0 3 13 12 11 14 1
0 3 23 12 11 15 1
0 3 23 12 11 16 1
0 3 22 12 11 17 1
0 4 25 12 12 10 1
0 4 25 12 12 11 1
0 4 24 12 12 12 1
0 4 24 12 12 13 1
0 4 24 12 12 14 1
0 4 24 12 12 15 1
0 4 12 12 12 16 1
0 4 23 12 12 17 1
0 4 28 12 13 10 1
0 4 12 12 13 11 1
0 4 23 12 13 12 1
0 4 11 12 13 13 1
0 5 8 12 14 10 1
0 5 4 12 14 10 2
0 5 31 12 14 11 1
0 5 31 12 14 12 1
0 5 15 12 14 13 1
0 5 14 12 14 14 1
0 5 10 12 14 15 1
0 4 4 12 15 10 1
0 4 4 12 15 10 2
0 4 25 12 15 11 1
0 4 29 12 15 12 1
0 4 13 12 15 13 1
0 4 24 12 15 14 1
0 4 24 12 15 15 1
0 4 24 12 15 16 1
0 4 12 12 15 17 1
0 5 3 12 16 10 1
0 5 3 12 16 10 2
0 5 1 12 16 11 1
0 5 3 12 16 11 2
0 5 30 12 16 12 1
0 5 25 12 16 13 1
0 5 25 12 16 14 1
0 5 24 12 16 15 1
0 5 23 12 16 16 1
0 5 10 12 16 17 1
0 10 3 12 1 1 1
0 10 4 12 1 1 2
0 10 3 12 1 2 1
0 10 3 12 1 2 2
0 10 1 12 1 3 1
0 10 3 12 1 3 2
0 10 22 12 1 4 1
0 10 22 12 1 5 1
0 10 10 12 1 6 1
0 10 21 12 1 7 1
0 9 4 12 2 0 1
0 9 4 12 2 0 2
0 9 4 12 2 1 1
0 9 4 12 2 1 2
0 9 4 12 2 2 1
0 9 4 12 2 2 2
0 9 3 12 2 3 1
0 9 4 12 2 3 2
0 9 26 12 2 4 1
0 9 26 12 2 5 1
0 9 26 12 2 6 1
0 9 26 12 2 7 1
0 4 0 12 3 0 1
0 4 2 12 3 0 2
0 4 23 12 3 1 1
0 4 23 12 3 2 1
0 4 23 12 3 3 1
0 4 23 12 3 4 1
0 4 23 12 3 5 1
0 4 23 12 3 6 1
0 4 22 12 3 7 1
0 4 0 12 4 0 1
0 4 3 12 4 0 2
0 4 0 12 4 1 1
0 4 3 12 4 1 2
0 4 24 12 4 2 1
0 4 24 12 4 3 1
0 4 23 12 4 4 1
0 4 23 12 4 5 1
0 4 23 12 4 6 1
0 4 22 12 4 7 1
0 10 3 12 5 0 1
0 10 3 12 5 0 2
0 10 24 12 5 1 1
0 10 12 12 5 2 1
0 10 23 12 5 3 1
0 10 23 12 5 4 1
0 10 23 12 5 5 1
0 7 11 12 6 0 1
0 7 11 12 6 1 1
0 7 11 12 6 2 1
0 7 11 12 6 3 1
0 7 11 12 6 4 1
0 7 11 12 6 5 1
0 7 11 12 6 6 1
0 7 11 12 6 7 1
0 7 21 12 6 8 1
0 7 11 12 7 0 1
0 7 11 12 7 1 1
0 7 11 12 7 2 1
0 7 11 12 7 3 1
0 7 22 12 7 4 1
0 7 22 12 7 5 1
0 7 22 12 7 6 1
0 7 22 12 7 7 1
0 7 14 12 8 0 1
0 7 24 12 8 1 1
0 7 12 12 8 2 1
0 7 12 12 8 3 1
0 7 12 12 8 4 1
0 7 12 12 8 5 1
0 7 12 12 8 6 1
0 7 23 12 8 7 1
0 7 25 12 9 0 1
0 7 25 12 9 1 1
0 7 13 12 9 2 1
0 7 13 12 9 3 1
0 7 24 12 9 4 1
0 7 24 12 9 5 1
0 7 24 12 9 6 1
0 7 24 12 9 7 1
0 7 25 12 10 0 1
0 7 25 12 10 1 1
0 7 24 12 10 2 1
0 7 24 12 10 3 1
0 7 24 12 10 4 1
0 7 24 12 10 5 1
0 5 24 12 10 6 1
0 4 13 12 10 7 1
0 7 1 12 11 0 1
0 7 3 12 11 0 2
0 7 0 12 11 1 1
0 7 3 12 11 1 2
0 7 0 12 11 2 1
0 7 1 12 11 2 2
0 7 11 12 11 3 1
0 7 10 12 11 4 1
0 7 10 12 11 5 1
0 7 10 12 11 6 1
0 7 10 12 11 7 1
0 7 21 12 11 8 1
0 10 4 12 12 0 1
0 10 4 12 12 0 2
0 10 3 12 12 1 1
0 10 4 12 12 1 2
0 10 3 12 12 2 1
0 8 4 12 12 2 2
0 10 3 12 12 3 1
0 7 4 12 12 3 2
0 10 3 12 12 4 1
0 5 4 12 12 4 2
0 10 25 12 12 5 1
0 10 24 12 12 6 1
0 7 2 12 13 0 1
0 7 4 12 13 0 2
0 7 1 12 13 1 1
0 7 4 12 13 1 2
0 7 0 12 13 2 1
0 7 3 12 13 2 2
0 7 13 12 13 3 1
0 7 11 12 13 4 1
0 7 11 12 13 5 1
0 7 11 12 13 6 1
0 7 22 12 13 7 1
0 7 10 12 13 8 1
0 7 24 12 14 0 1
0 7 24 12 14 1 1
0 7 23 12 14 2 1
0 7 23 12 14 3 1
0 7 23 12 14 4 1
0 7 23 12 14 5 1
0 7 23 12 14 6 1
0 5 22 12 14 7 1
0 7 12 12 15 1 1
0 7 12 12 15 2 1
0 7 23 12 15 3 1
0 7 23 12 15 4 1
0 7 23 12 15 5 1
0 7 23 12 15 6 1
0 7 23 12 15 7 1
0 4 0 13 0 10 1
0 4 3 13 0 10 2
0 4 13 13 0 11 1
0 4 24 13 0 12 1
0 4 24 13 0 13 1
0 4 12 13 0 14 1
0 4 23 13 0 15 1
0 4 11 13 0 16 1
0 4 22 13 0 17 1
0 5 4 13 1 10 1
0 5 4 13 1 10 2
0 5 4 13 1 11 1
0 5 4 13 1 11 2
0 5 3 13 1 12 1
0 5 4 13 1 12 2
0 4 2 13 1 13 1
0 4 2 13 1 13 2
0 4 24 13 1 14 1
0 4 24 13 1 15 1
0 4 23 13 1 16 1
0 4 10 13 1 17 1
0 4 1 13 2 10 1
0 4 3 13 2 10 2
0 4 1 13 2 11 1
0 4 3 13 2 11 2
0 4 24 13 2 12 1
0 4 24 13 2 13 1
0 4 12 13 2 14 1
0 4 11 13 2 15 1
0 4 11 13 2 16 1
0 4 22 13 2 17 1
0 4 2 13 4 10 1
0 4 4 13 4 10 2
0 4 2 13 4 11 1
0 4 3 13 4 11 2
0 4 2 13 4 12 1
0 4 3 13 4 12 2
0 4 0 13 4 13 1
0 4 2 13 4 13 2
0 4 24 13 4 14 1
0 4 11 13 4 15 1
0 4 10 13 4 16 1
0 4 2 13 5 10 1
0 8 4 13 5 10 2
0 4 0 13 5 11 1
0 3 4 13 5 11 2
0 4 25 13 5 12 1
0 9 14 13 5 13 1
0 9 14 13 5 14 1
0 9 25 13 5 15 1
0 9 25 13 5 16 1
0 9 25 13 5 17 1
0 4 3 13 11 10 1
0 4 4 13 11 10 2
0 4 2 13 11 11 1
0 4 3 13 11 11 2
0 4 12 13 11 12 1
0 4 23 13 11 13 1
0 4 23 13 11 14 1
0 4 23 13 11 15 1
0 4 11 13 11 16 1
0 4 11 13 11 17 1
0 4 2 13 12 10 1
0 4 4 13 12 10 2
0 4 25 13 12 11 1
0 4 25 13 12 12 1
0 4 25 13 12 13 1
0 4 25 13 12 14 1
0 4 25 13 12 15 1
0 4 25 13 12 16 1
0 4 24 13 12 17 1
0 4 3 13 13 10 1
0 4 4 13 13 10 2
0 4 25 13 13 11 1
0 4 25 13 13 12 1
0 4 24 13 13 13 1
0 4 24 13 13 14 1
0 4 23 13 13 15 1
0 4 23 13 13 16 1
0 4 23 13 13 17 1
0 3 3 13 14 10 1
0 3 4 13 14 10 2
0 3 3 13 14 11 1
0 3 4 13 14 11 2
0 3 1 13 14 12 1
0 3 4 13 14 12 2
0 3 0 13 14 13 1
0 3 4 13 14 13 2
0 3 23 13 14 14 1
0 3 23 13 14 15 1
0 3 22 13 14 16 1
0 3 10 13 14 17 1
0 3 4 13 15 10 1
0 3 4 13 15 10 2
0 3 26 13 15 11 1
0 3 26 13 15 12 1
0 3 14 13 15 13 1
0 3 25 13 15 14 1
0 3 25 13 15 15 1
0 3 25 13 15 16 1
0 4 2 13 16 10 1
0 4 3 13 16 10 2
0 4 0 13 16 11 1
0 4 2 13 16 11 2
0 4 24 13 16 12 1
0 4 12 13 16 13 1
0 4 11 13 16 14 1
0 7 12 13 1 1 1
0 7 12 13 1 2 1
0 7 12 13 1 3 1
0 7 23 13 1 4 1
0 7 11 13 1 5 1
0 7 21 13 1 6 1
0 6 10 13 1 7 1
0 7 24 13 2 0 1
0 7 24 13 2 1 1
0 7 24 13 2 2 1
0 7 24 13 2 3 1
0 7 24 13 2 4 1
0 5 21 13 2 5 1
0 6 21 13 2 6 1
0 4 21 13 2 7 1
0 7 25 13 3 0 1
0 7 13 13 3 1 1
0 7 24 13 3 2 1
0 5 22 13 3 3 1
0 7 11 13 3 4 1
0 7 11 13 3 5 1
0 7 11 13 3 6 1
0 7 11 13 3 7 1
0 7 23 13 4 0 1
0 7 23 13 4 1 1
0 7 11 13 4 2 1
0 7 11 13 4 3 1
0 7 21 13 4 4 1
0 7 21 13 4 5 1
0 7 21 13 4 6 1
0 7 21 13 4 7 1
0 7 0 13 5 0 1
0 7 1 13 5 0 2
0 7 11 13 5 1 1
0 7 11 13 5 2 1
0 7 11 13 5 3 1
0 7 11 13 5 4 1
0 7 10 13 5 5 1
0 7 10 13 5 6 1
0 7 10 13 5 7 1
0 7 21 13 5 8 1
0 5 3 13 8 0 1
0 5 4 13 8 0 2
0 5 24 13 8 1 1
0 5 24 13 8 2 1
0 5 23 13 8 3 1
0 5 11 13 8 4 1
0 5 22 13 8 5 1
0 5 22 13 8 6 1
0 5 22 13 8 7 1
0 4 26 13 9 0 1
0 4 26 13 9 1 1
0 7 11 13 9 2 1
0 7 11 13 9 3 1
0 7 11 13 9 4 1
0 7 22 13 9 5 1
0 7 10 13 9 6 1
0 7 10 13 9 7 1
0 2 25 13 10 0 1
0 2 24 13 10 1 1
0 2 24 13 10 2 1
0 2 24 13 10 3 1
0 2 23 13 10 4 1
0 2 23 13 10 5 1
0 2 23 13 10 6 1
0 2 11 13 10 7 1
0 5 22 13 11 0 1
0 5 22 13 11 1 1
0 5 22 13 11 2 1
0 5 22 13 11 3 1
0 5 22 13 11 4 1
0 5 22 13 11 5 1
0 5 10 13 11 6 1
0 5 21 13 11 7 1
0 4 4 13 12 0 1
0 4 4 13 12 0 2
0 4 3 13 12 1 1
0 4 4 13 12 1 2
0 4 0 13 12 2 1
0 4 4 13 12 2 2
0 4 12 13 12 3 1
0 4 12 13 12 4 1
0 4 11 13 12 5 1
0 4 10 13 12 6 1
0 4 10 13 12 7 1
0 4 21 13 12 8 1
0 7 24 13 13 0 1
0 7 24 13 13 1 1
0 7 24 13 13 2 1
0 7 24 13 13 3 1
0 7 12 13 13 4 1
0 7 12 13 13 5 1
0 7 12 13 13 6 1
0 7 11 13 13 7 1
0 4 3 13 14 0 1
0 4 4 13 14 0 2
0 4 23 13 14 1 1
0 4 23 13 14 2 1
0 4 11 13 14 3 1
0 4 22 13 14 4 1
0 4 22 13 14 5 1
0 4 22 13 14 6 1
0 4 21 13 14 7 1
0 4 3 13 15 1 1
0 4 4 13 15 1 2
0 4 24 13 15 2 1
0 4 24 13 15 3 1
0 4 12 13 15 4 1
0 4 23 13 15 5 1
0 4 23 13 15 6 1
0 4 11 13 15 7 1
0 2 4 14 6 10 1
0 2 4 14 6 10 2
0 2 2 14 6 11 1
0 2 4 14 6 11 2
0 2 30 14 6 12 1
0 2 25 14 6 13 1
0 2 30 14 7 10 1
0 5 4 14 8 10 1
0 5 4 14 8 10 2
0 5 4 14 8 11 1
0 5 4 14 8 11 2
0 5 31 14 8 12 1
0 5 26 14 8 13 1
0 5 26 14 8 14 1
0 5 25 14 8 15 1
0 5 24 14 8 16 1
0 5 23 14 8 17 1
0 2 3 14 10 10 1
0 2 4 14 10 10 2
0 2 3 14 10 11 1
0 2 4 14 10 11 2
0 2 2 14 10 12 1
0 2 4 14 10 12 2
0 2 2 14 10 13 1
0 2 3 14 10 13 2
0 2 0 14 10 14 1
0 2 1 14 10 14 2
0 2 22 14 10 15 1
0 2 22 14 10 16 1
0 2 21 14 10 17 1
0 6 4 14 12 10 1
0 6 4 14 12 10 2
0 6 4 14 12 11 1
0 6 4 14 12 11 2
0 6 4 14 12 12 1
0 6 4 14 12 12 2
0 6 26 14 12 13 1
0 6 26 14 12 14 1
0 6 26 14 12 15 1
0 4 3 14 13 10 1
0 4 4 14 13 10 2
0 4 3 14 13 11 1
0 4 4 14 13 11 2
0 4 3 14 13 12 1
0 4 2 14 13 12 2
0 4 25 14 13 13 1
0 4 25 14 13 14 1
0 4 25 14 13 15 1
0 4 25 14 13 16 1
0 4 25 14 13 17 1
0 5 3 14 14 10 1
0 5 3 14 14 10 2
0 5 31 14 14 11 1
0 5 31 14 14 12 1
0 5 26 14 14 13 1
0 5 26 14 14 14 1
0 5 25 14 14 15 1
0 5 25 14 14 16 1
0 5 22 14 14 17 1
0 7 3 14 15 10 1
0 7 4 14 15 10 2
0 7 1 14 15 11 1
0 7 4 14 15 11 2
0 7 31 14 15 12 1
0 7 26 14 15 13 1
0 7 24 14 15 14 1
0 7 24 14 15 15 1
0 7 24 14 15 16 1
0 7 23 14 15 17 1
0 5 31 14 16 10 1
0 5 31 14 16 11 1
0 5 31 14 16 12 1
0 7 25 14 16 13 1
0 7 24 14 16 14 1
0 6 4 14 2 0 1
0 6 4 14 2 0 2
0 6 4 14 2 1 1
0 6 4 14 2 1 2
0 6 4 14 2 2 1
0 6 4 14 2 2 2
0 6 4 14 2 3 1
0 6 4 14 2 3 2
0 6 3 14 2 4 1
0 6 4 14 2 4 2
0 6 3 14 2 5 1
0 6 4 14 2 5 2
0 6 3 14 2 6 1
0 6 4 14 2 6 2
0 6 15 14 2 7 1
0 6 25 14 2 8 1
0 4 3 14 6 0 1
0 4 3 14 6 0 2
0 4 3 14 6 1 1
0 4 3 14 6 1 2
0 4 2 14 6 2 1
0 4 3 14 6 2 2
0 7 1 14 7 0 1
0 7 3 14 7 0 2
0 7 0 14 7 1 1
0 7 3 14 7 1 2
0 7 0 14 7 2 1
0 7 1 14 7 2 2
0 7 11 14 7 3 1
0 7 22 14 7 4 1
0 7 22 14 7 5 1
0 7 22 14 7 6 1
0 7 21 14 7 7 1
0 7 2 14 8 0 1
0 7 3 14 8 0 2
0 7 15 14 8 1 1
0 7 25 14 8 2 1
0 7 29 14 8 3 1
0 7 22 14 8 4 1
0 7 22 14 8 5 1
0 7 22 14 8 6 1
0 7 22 14 8 7 1
0 7 3 14 9 0 1
0 7 4 14 9 0 2
0 7 3 14 9 1 1
0 7 4 14 9 1 2
0 6 15 14 9 2 1
0 6 15 14 9 3 1
0 6 26 14 9 4 1
0 7 24 14 10 0 1
0 7 12 14 10 1 1
0 7 12 14 10 2 1
0 7 12 14 10 3 1
0 7 23 14 10 4 1
0 7 23 14 10 5 1
0 7 23 14 10 6 1
0 7 23 14 10 7 1
0 7 0 14 11 0 1
0 7 1 14 11 0 2
0 7 12 14 11 1 1
0 7 12 14 11 2 1
0 7 23 14 11 3 1
0 7 23 14 11 4 1
0 7 23 14 11 5 1
0 7 22 14 11 6 1
0 7 10 14 11 7 1
0 6 4 14 12 0 1
0 6 4 14 12 0 2
0 6 4 14 12 1 1
0 6 4 14 12 1 2
0 6 4 14 12 2 1
0 6 4 14 12 2 2
0 6 3 14 12 3 1
0 6 4 14 12 3 2
0 6 3 14 12 4 1
0 6 4 14 12 4 2
0 6 31 14 12 5 1
0 6 15 14 12 6 1
0 6 15 14 12 7 1
0 6 15 14 12 8 1
0 4 24 14 13 0 1
0 4 24 14 13 1 1
0 4 12 14 13 2 1
0 4 27 14 13 3 1
0 5 4 14 14 0 1
0 5 4 14 14 0 2
0 5 0 14 14 1 1
0 5 4 14 14 1 2
0 5 24 14 14 2 1
0 5 28 14 14 3 1
0 5 28 14 14 4 1
0 5 22 14 14 5 1
0 5 22 14 14 6 1
0 5 22 14 14 7 1
0 7 14 14 15 1 1
0 7 24 14 15 2 1
0 7 24 14 15 3 1
0 7 12 14 15 4 1
0 7 23 14 15 5 1
0 7 22 14 15 6 1
0 7 21 14 15 7 1
0 6 30 15 0 10 1
0 9 4 15 1 10 1
0 9 4 15 1 10 2
0 9 4 15 1 11 1
0 9 4 15 1 11 2
0 9 4 15 1 12 1
0 9 4 15 1 12 2
0 9 4 15 1 13 1
0 9 4 15 1 13 2
0 9 26 15 1 14 1
0 5 2 15 2 10 1
0 5 3 15 2 10 2
0 5 2 15 2 11 1
0 5 3 15 2 11 2
0 5 0 15 2 12 1
0 5 3 15 2 12 2
0 5 14 15 2 13 1
0 5 13 15 2 14 1
0 5 24 15 2 15 1
0 5 23 15 2 16 1
0 5 21 15 2 17 1
0 5 3 15 3 10 1
0 5 3 15 3 10 2
0 5 30 15 3 11 1
0 5 30 15 3 12 1
0 5 25 15 3 13 1
0 5 25 15 3 14 1
0 5 25 15 3 15 1
0 5 24 15 3 16 1
0 5 22 15 3 17 1
0 6 31 15 4 10 1
0 6 30 15 4 11 1
0 6 30 15 4 12 1
0 6 14 15 4 13 1
0 6 14 15 4 14 1
0 6 25 15 4 15 1
0 6 25 15 4 16 1
0 6 25 15 4 17 1
0 5 4 15 5 10 1
0 5 4 15 5 10 2
0 5 3 15 5 11 1
0 5 4 15 5 11 2
0 5 30 15 5 12 1
0 5 14 15 5 13 1
0 5 25 15 5 14 1
0 5 24 15 5 15 1
0 5 22 15 5 16 1
0 5 22 15 5 17 1
0 5 30 15 6 10 1
0 5 30 15 6 11 1
0 5 30 15 6 12 1
0 5 25 15 6 13 1
0 5 25 15 6 14 1
0 5 23 15 6 15 1
0 5 22 15 6 16 1
0 5 22 15 6 17 1
0 7 15 15 7 10 1
0 5 2 15 8 10 1
0 5 4 15 8 10 2
0 5 15 15 8 11 1
0 5 26 15 8 12 1
0 5 26 15 8 13 1
0 5 25 15 8 14 1
0 5 25 15 8 15 1
0 5 25 15 8 16 1
0 5 24 15 8 17 1
0 7 31 15 9 10 1
0 2 15 15 9 11 1
0 2 26 15 9 12 1
0 2 24 15 9 13 1
0 2 23 15 9 14 1
0 2 23 15 9 15 1
0 7 24 15 1 1 1
0 7 23 15 1 2 1
0 7 23 15 1 3 1
0 7 23 15 1 4 1
0 7 23 15 1 5 1
0 9 23 15 1 6 1
0 9 23 15 1 7 1
0 7 15 15 2 0 1
0 7 12 15 2 1 1
0 7 12 15 2 2 1
0 7 11 15 2 3 1
0 7 11 15 2 4 1
0 7 11 15 2 5 1
0 7 11 15 2 6 1
0 7 22 15 2 7 1
0 7 10 15 2 8 1
0 7 23 15 3 0 1
0 7 23 15 3 1 1
0 7 23 15 3 2 1
0 7 23 15 3 3 1
0 7 11 15 3 4 1
0 7 11 15 3 5 1
0 7 11 15 3 6 1
0 7 22 15 3 7 1
0 7 14 15 4 0 1
0 7 25 15 4 1 1
0 7 25 15 4 2 1
0 7 11 15 4 3 1
0 4 11 15 4 4 1
0 4 22 15 4 5 1
0 4 27 15 4 6 1
0 4 10 15 4 7 1
0 7 4 15 5 0 1
0 7 4 15 5 0 2
0 7 0 15 5 1 1
0 7 4 15 5 1 2
0 7 0 15 5 2 1
0 7 4 15 5 2 2
0 7 14 15 5 3 1
0 7 13 15 5 4 1
0 7 13 15 5 5 1
0 7 12 15 5 6 1
0 7 11 15 5 7 1
0 7 22 15 5 8 1
0 8 4 15 6 0 1
0 8 4 15 6 0 2
0 8 4 15 6 1 1
0 8 4 15 6 1 2
0 8 4 15 6 2 1
0 8 4 15 6 2 2
0 8 4 15 6 3 1
0 8 4 15 6 3 2
0 8 4 15 6 4 1
0 8 4 15 6 4 2
0 8 3 15 6 5 1
0 8 4 15 6 5 2
0 8 3 15 6 6 1
0 8 4 15 6 6 2
0 8 15 15 6 7 1
0 8 25 15 6 8 1
0 5 31 15 7 0 1
0 5 31 15 7 1 1
0 5 31 15 7 2 1
0 5 31 15 7 3 1
0 5 31 15 7 4 1
0 5 31 15 7 5 1
0 5 31 15 7 6 1
0 5 26 15 7 7 1
0 9 3 15 8 0 1
0 9 3 15 8 0 2
0 9 0 15 8 1 1
0 9 3 15 8 1 2
0 9 25 15 8 2 1
0 9 25 15 8 3 1
0 9 12 15 8 4 1
0 9 23 15 8 5 1
0 10 23 15 8 6 1
0 10 22 15 8 7 1
0 9 23 15 9 0 1
0 9 23 15 9 1 1
0 9 23 15 9 2 1
0 9 11 15 9 3 1
0 9 3 15 10 0 1
0 9 3 15 10 0 2
0 9 3 15 10 1 1
0 9 3 15 10 1 2
0 9 0 15 10 2 1
0 9 3 15 10 2 2
0 9 30 15 10 3 1
0 9 24 15 10 4 1
0 9 23 15 10 5 1
0 9 23 15 10 6 1
0 9 22 15 10 7 1
0 4 2 15 11 0 1
0 4 3 15 11 0 2
0 4 24 15 11 1 1
0 4 24 15 11 2 1
0 4 23 15 11 3 1
0 4 22 15 11 4 1
0 4 22 15 11 5 1
0 4 22 15 11 6 1
0 4 22 15 11 7 1
0 4 3 15 12 0 1
0 7 3 15 12 0 2
0 4 3 15 12 1 1
0 4 3 15 12 1 2
0 4 25 15 12 2 1
0 7 22 15 13 0 1
0 7 22 15 13 1 1
0 7 22 15 13 2 1
0 7 22 15 13 3 1
0 7 22 15 13 4 1
0 7 22 15 13 5 1
0 7 22 15 13 6 1
0 7 10 15 13 7 1
0 7 29 15 14 0 1
0 7 29 15 14 1 1
0 7 11 15 14 2 1
0 7 11 15 14 3 1
0 7 22 15 14 4 1
0 7 22 15 14 5 1
0 7 22 15 14 6 1
0 7 21 15 14 7 1
0 2 2 16 7 10 1
0 2 2 16 7 10 2
0 2 25 16 7 11 1
0 2 25 16 7 12 1
0 2 25 16 7 13 1
0 2 25 16 7 14 1
0 2 22 16 7 15 1
0 9 22 16 7 16 1
0 10 4 16 8 10 1
0 10 4 16 8 10 2
0 10 3 16 8 11 1
0 12 3 16 8 11 2
0 10 3 16 8 12 1
0 12 3 16 8 12 2
0 10 15 16 8 13 1
0 10 26 16 8 14 1
0 10 26 16 8 15 1
0 10 14 16 8 16 1
0 10 26 16 9 10 1
0 2 14 16 10 10 1
0 2 25 16 10 11 1
0 2 13 16 10 12 1
0 2 13 16 10 13 1
0 5 24 16 10 14 1
0 5 24 16 10 15 1
0 5 22 16 10 16 1
0 2 22 16 10 17 1
0 2 3 16 11 10 1
0 2 3 16 11 10 2
0 2 3 16 11 11 1
0 2 3 16 11 11 2
0 2 2 16 11 12 1
0 2 3 16 11 12 2
0 2 25 16 11 13 1
0 2 24 16 11 14 1
0 2 24 16 11 15 1
0 2 23 16 11 16 1
0 2 21 16 11 17 1
0 10 26 16 12 10 1
0 5 4 16 13 10 1
0 8 4 16 13 10 2
0 5 4 16 13 11 1
0 5 4 16 13 11 2
0 5 25 16 13 12 1
0 5 25 16 13 13 1
0 5 25 16 13 14 1
0 5 25 16 13 15 1
0 5 25 16 13 16 1
0 5 25 16 13 17 1
0 2 3 16 14 10 1
0 2 3 16 14 10 2
0 2 3 16 14 11 1
0 2 3 16 14 11 2
0 2 2 16 14 12 1
0 2 3 16 14 12 2
0 2 2 16 14 13 1
0 2 3 16 14 13 2
0 2 11 16 14 14 1
0 2 22 16 14 15 1
0 2 10 16 14 16 1
0 2 10 16 14 17 1
0 10 25 16 15 10 1
0 2 14 16 16 10 1
0 2 14 16 16 11 1
0 2 25 16 16 12 1
0 2 25 16 16 13 1
0 2 25 16 16 14 1
0 4 14 16 1 1 1
0 6 3 16 2 0 1
0 6 4 16 2 0 2
0 6 3 16 2 1 1
0 6 4 16 2 1 2
0 6 3 16 2 2 1
0 6 4 16 2 2 2
0 6 3 16 2 3 1
0 6 4 16 2 3 2
0 6 2 16 2 4 1
0 6 4 16 2 4 2
0 6 1 16 2 5 1
0 6 4 16 2 5 2
0 6 15 16 2 6 1
0 6 26 16 2 7 1
0 6 14 16 2 8 1
0 4 4 16 3 0 1
0 4 4 16 3 0 2
0 4 25 16 3 1 1
0 4 13 16 3 2 1
0 4 13 16 3 3 1
0 4 24 16 3 4 1
0 4 24 16 3 5 1
0 4 23 16 3 6 1
0 4 23 16 3 7 1
0 6 3 16 4 0 1
0 6 4 16 4 0 2
0 6 3 16 4 1 1
0 6 4 16 4 1 2
0 6 0 16 4 2 1
0 6 3 16 4 2 2
0 6 0 16 4 3 1
0 6 3 16 4 3 2
0 6 12 16 4 4 1
0 6 23 16 4 5 1
0 6 11 16 4 6 1
0 6 22 16 4 7 1
0 9 13 16 5 0 1
0 9 13 16 5 1 1
0 9 13 16 5 2 1
0 9 13 16 5 3 1
0 9 12 16 5 4 1
0 9 12 16 5 5 1
0 9 23 16 5 6 1
0 9 10 16 5 7 1
0 9 10 16 5 8 1
0 7 12 16 6 0 1
0 7 12 16 6 1 1
0 7 12 16 6 2 1
0 7 12 16 6 3 1
0 7 12 16 6 4 1
0 7 11 16 6 5 1
0 7 11 16 6 6 1
0 7 22 16 6 7 1
0 2 0 16 7 0 1
0 2 3 16 7 0 2
0 2 0 16 7 1 1
0 2 2 16 7 1 2
0 2 0 16 7 2 1
0 2 1 16 7 2 2
0 2 23 16 7 3 1
0 2 23 16 7 4 1
0 2 23 16 7 5 1
0 2 23 16 7 6 1
0 2 22 16 7 7 1
0 7 23 16 8 0 1
0 7 23 16 8 1 1
0 7 23 16 8 2 1
0 7 22 16 8 3 1
0 7 22 16 8 4 1
0 7 22 16 8 5 1
0 7 22 16 8 6 1
0 5 11 16 8 7 1
0 7 23 16 9 0 1
0 7 22 16 9 1 1
0 5 22 16 9 2 1
0 5 10 16 9 3 1
0 7 0 16 10 0 1
0 7 0 16 10 0 2
0 7 11 16 10 1 1
0 7 11 16 10 2 1
0 7 11 16 10 3 1
0 7 11 16 10 4 1
0 7 11 16 10 5 1
0 7 11 16 10 6 1
0 7 11 16 10 7 1
0 7 22 16 10 8 1
0 10 2 16 11 0 1
0 10 3 16 11 0 2
0 10 1 16 11 1 1
0 10 3 16 11 1 2
0 10 15 16 11 2 1
0 10 25 16 11 3 1
0 10 25 16 11 4 1
0 10 25 16 11 5 1
0 10 25 16 11 6 1
0 10 25 16 11 7 1
0 2 24 16 12 0 1
0 4 22 16 12 1 1
0 4 22 16 12 2 1
0 4 22 16 12 3 1
0 4 21 16 12 4 1
0 6 3 16 13 0 1
0 6 3 16 13 0 2
0 6 25 16 13 1 1
0 6 25 16 13 2 1
0 6 25 16 13 3 1
0 6 25 16 13 4 1
0 6 25 16 13 5 1
0 6 25 16 13 6 1
0 6 25 16 13 7 1
0 4 14 16 14 0 1
0 4 24 16 14 1 1
0 4 24 16 14 2 1
0 4 24 16 14 3 1
0 4 24 16 14 4 1
0 4 23 16 14 5 1
0 4 23 16 14 6 1
0 2 22 16 14 7 1
0 2 23 16 15 1 1
0 2 11 16 15 2 1
0 2 11 16 15 3 1
0 2 21 16 15 4 1
0 2 21 16 15 5 1
0 6 14 18 2 10 1
0 6 14 18 5 10 1
0 7 0 18 6 10 1
0 7 1 18 6 10 2
0 5 3 18 7 10 1
0 5 4 18 7 10 2
0 5 3 18 7 11 1
0 5 3 18 7 11 2
0 5 23 18 7 12 1
0 10 23 18 7 13 1
0 10 23 18 7 14 1
0 7 12 18 7 15 1
0 7 11 18 7 16 1
0 7 12 18 10 10 1
0 7 23 18 10 11 1
0 7 23 18 10 12 1
0 7 23 18 10 13 1
0 7 22 18 10 14 1
0 7 22 18 10 15 1
0 7 22 18 10 16 1
0 7 0 18 11 10 1
0 7 3 18 11 10 2
0 7 24 18 11 11 1
0 7 11 18 11 12 1
0 2 22 18 11 13 1
0 4 2 18 13 10 1
0 4 3 18 13 10 2
0 2 3 18 15 10 1
0 2 3 18 15 10 2
0 2 26 18 15 11 1
0 2 26 18 15 12 1
0 2 12 18 15 13 1
0 6 23 18 15 14 1
0 4 23 18 15 15 1
0 4 23 18 15 16 1
0 4 23 18 15 17 1
0 2 3 18 16 10 1
0 2 3 18 16 10 2
0 7 1 18 1 2 1
0 7 1 18 1 2 2
0 7 13 18 1 3 1
0 7 12 18 1 4 1
0 7 11 18 1 5 1
0 7 10 18 1 6 1
0 7 10 18 1 7 1
0 7 21 18 1 8 1
0 7 0 18 4 1 1
0 7 3 18 4 1 2
0 7 24 18 4 2 1
0 7 23 18 4 3 1
0 7 22 18 4 4 1
0 7 22 18 4 5 1
0 7 10 18 4 6 1
0 7 24 18 5 1 1
0 7 24 18 5 2 1
0 7 24 18 5 3 1
0 7 24 18 5 4 1
0 7 11 18 5 5 1
0 7 11 18 5 6 1
0 7 22 18 5 7 1
0 7 2 18 11 1 1
0 7 3 18 11 1 2
0 7 2 18 11 2 1
0 7 3 18 11 2 2
0 7 10 18 11 3 1
0 7 10 18 11 4 1
0 7 10 18 11 5 1
0 7 10 18 11 6 1
0 7 10 18 11 7 1
0 7 21 18 11 8 1
0 4 3 18 12 1 1
0 4 4 18 12 1 2
0 4 3 18 12 2 1
0 4 3 18 12 2 2
0 4 2 18 12 3 1
0 4 3 18 12 3 2
0 4 12 18 12 4 1
0 4 11 18 12 5 1
0 4 11 18 12 6 1
0 4 22 18 12 7 1
0 7 14 18 13 1 1
0 7 11 18 13 2 1
0 7 11 18 13 3 1
0 7 11 18 13 4 1
0 2 22 18 13 5 1
0 2 22 18 13 6 1
0 2 10 18 13 7 1
0 5 14 18 14 2 1
0 7 3 18 15 2 1
0 7 3 18 15 2 2
0 7 25 18 15 3 1
0 7 13 18 15 4 1
0 7 23 18 15 5 1
0 7 22 18 15 6 1
0 7 25 19 0 10 1
0 7 24 19 0 11 1
0 7 12 19 0 12 1
0 7 23 19 0 13 1
0 7 23 19 0 14 1
0 5 29 19 2 10 1
0 5 29 19 2 11 1
0 5 29 19 2 12 1
0 5 10 19 2 13 1
0 5 30 19 3 10 1
0 5 30 19 3 11 1
0 5 29 19 3 12 1
0 5 23 19 3 13 1
0 5 21 19 3 14 1
0 7 31 19 5 10 1
0 5 30 19 6 10 1
0 5 30 19 6 11 1
0 5 29 19 6 12 1
0 5 23 19 6 13 1
0 5 31 19 7 10 1
0 5 31 19 7 11 1
0 5 31 19 7 12 1
0 5 15 19 7 13 1
0 5 26 19 7 14 1
0 5 13 19 7 15 1
0 5 24 19 7 16 1
0 5 24 19 7 17 1
0 5 30 19 9 10 1
0 5 30 19 9 11 1
0 4 31 19 12 10 1
0 4 31 19 12 11 1
0 4 31 19 12 12 1
0 4 14 19 12 13 1
0 7 2 19 13 10 1
0 6 3 19 13 10 2
0 6 31 19 13 11 1
0 7 24 19 13 12 1
0 7 23 19 13 13 1
0 5 29 19 14 10 1
0 9 30 19 16 10 1
0 9 24 19 16 11 1
0 9 23 19 16 12 1
0 9 22 19 16 13 1
0 9 22 19 16 14 1
0 5 3 19 1 3 1
0 5 4 19 1 3 2
0 5 30 19 1 4 1
0 5 30 19 1 5 1
0 5 30 19 1 6 1
0 5 11 19 1 7 1
0 9 0 19 2 2 1
0 9 3 19 2 2 2
0 9 25 19 2 3 1
0 9 23 19 2 4 1
0 7 26 19 3 2 1
0 9 26 19 3 3 1
0 9 26 19 3 4 1
0 4 23 19 3 5 1
0 5 2 19 4 2 1
0 5 4 19 4 2 2
0 5 31 19 4 3 1
0 5 30 19 4 4 1
0 5 23 19 4 5 1
0 7 30 19 5 2 1
0 7 13 19 5 3 1
0 7 24 19 5 4 1
0 7 24 19 5 5 1
0 7 12 19 5 6 1
0 7 23 19 5 7 1
0 6 30 19 7 2 1
0 6 0 19 8 2 1
0 6 1 19 8 2 2
0 5 30 19 9 2 1
0 5 30 19 9 3 1
0 5 30 19 9 4 1
0 5 24 19 9 5 1
0 5 22 19 9 6 1
0 6 30 19 10 2 1
0 6 29 19 10 3 1
0 9 24 19 10 4 1
0 7 2 19 11 2 1
0 7 4 19 11 2 2
0 7 30 19 11 3 1
0 7 14 19 11 4 1
0 7 29 19 11 5 1
0 7 23 19 11 6 1
0 7 22 19 11 7 1
0 6 4 19 12 2 1
0 6 4 19 12 2 2
0 6 26 19 12 3 1
0 5 30 19 12 4 1
0 5 30 19 13 2 1
0 5 30 19 13 3 1
0 5 8 19 14 2 1
0 5 3 19 14 2 2
0 5 0 19 14 3 1
0 5 0 19 14 3 2
0 5 8 19 15 3 1
0 5 4 19 15 3 2
0 5 31 19 15 4 1
0 5 23 20 1 10 1
0 5 29 20 6 10 1
0 4 12 20 6 11 1
0 4 27 20 6 12 1
0 5 0 20 7 10 1
0 5 2 20 7 10 2
0 4 27 20 7 11 1
0 5 7 20 10 10 1
0 6 4 20 10 10 2
0 5 31 20 10 11 1
0 5 31 20 10 12 1
0 5 15 20 10 13 1
0 5 12 20 10 14 1
0 5 30 20 12 10 1
0 5 25 20 12 11 1
0 5 24 20 12 12 1
0 5 23 20 12 13 1
0 5 5 20 13 10 1
0 5 3 20 13 10 2
0 5 30 20 13 11 1
0 5 30 20 13 12 1
0 5 25 20 13 13 1
0 5 22 20 13 14 1
0 5 21 20 13 15 1
0 8 3 20 14 10 1
0 8 4 20 14 10 2
0 8 3 20 14 11 1
0 8 4 20 14 11 2
0 8 3 20 14 12 1
0 8 4 20 14 12 2
0 8 15 20 14 13 1
0 9 3 20 15 10 1
0 9 3 20 15 10 2
0 9 30 20 15 11 1
0 9 14 20 15 12 1
0 9 25 20 15 13 1
0 4 24 20 15 14 1
0 4 21 20 15 15 1
0 6 3 20 1 4 1
0 6 3 20 1 4 2
0 6 2 20 1 5 1
0 6 3 20 1 5 2
0 6 1 20 1 6 1
0 6 3 20 1 6 2
0 6 23 20 1 7 1
0 6 11 20 1 8 1
0 6 24 20 4 3 1
0 5 14 20 6 2 1
0 5 24 20 6 3 1
0 5 24 20 6 4 1
0 5 23 20 6 5 1
0 5 23 20 6 6 1
0 5 21 20 6 7 1
0 5 14 20 7 2 1
0 5 24 20 7 3 1
0 5 12 20 7 4 1
0 9 24 20 8 2 1
0 9 24 20 8 3 1
0 6 3 20 10 2 1
0 8 4 20 10 2 2
0 5 2 20 10 3 1
0 8 3 20 10 3 2
0 5 26 20 10 4 1
0 6 0 20 11 3 1
0 6 3 20 11 3 2
0 6 14 20 11 4 1
0 6 25 20 11 5 1
0 6 4 20 12 3 1
0 6 4 20 12 3 2
0 6 25 20 12 4 1
0 6 24 20 12 5 1
0 6 22 20 12 6 1
0 6 10 20 12 7 1
0 8 3 20 14 3 1
0 6 4 20 14 3 2
0 6 3 20 14 4 1
0 6 4 20 14 4 2
0 8 25 20 15 4 1
0 7 13 20 15 5 1
0 7 24 20 15 6 1
0 7 21 20 15 7 1
0 5 14 21 1 5 1
0 5 23 21 1 6 1
0 5 22 21 1 7 1
0 4 14 21 2 4 1
0 4 23 21 2 5 1
0 4 23 21 2 6 1
0 4 21 21 2 7 1
0 5 2 21 3 4 1
0 5 3 21 3 4 2
0 5 15 21 3 5 1
0 5 26 21 3 6 1
0 5 10 21 5 4 1
0 4 10 21 5 5 1
0 5 24 21 7 3 1
0 5 22 21 9 3 1
0 5 3 21 10 3 1
0 5 3 21 10 3 2
0 7 25 21 10 4 1
0 10 25 21 12 4 1
0 2 3 21 13 4 1
0 2 3 21 13 4 2
0 6 23 22 2 10 1
0 5 25 22 5 10 1
0 9 3 22 8 10 1
0 5 4 22 8 10 2
0 5 0 22 8 11 1
0 5 3 22 8 11 2
0 5 25 22 8 12 1
0 5 3 22 9 10 1
0 5 3 22 9 10 2
0 5 25 22 9 11 1
0 5 24 22 9 12 1
0 5 24 22 9 13 1
0 5 21 22 9 14 1
0 5 2 22 11 10 1
0 5 4 22 11 10 2
0 5 26 22 11 11 1
0 5 26 22 11 12 1
0 5 25 22 11 13 1
0 5 24 22 11 14 1
0 5 11 22 11 15 1
0 5 23 22 14 10 1
0 5 25 22 16 10 1
0 11 23 22 1 6 1
0 7 26 22 2 5 1
0 7 24 22 2 6 1
0 9 2 22 3 5 1
0 9 3 22 3 5 2
0 9 12 22 3 6 1
0 9 23 22 3 7 1
0 6 26 22 4 5 1
0 6 25 22 4 6 1
0 6 0 22 5 5 1
0 6 3 22 5 5 2
0 6 0 22 5 6 1
0 6 2 22 5 6 2
0 7 13 22 6 4 1
0 7 24 22 6 5 1
0 7 24 22 6 6 1
0 7 12 22 6 7 1
0 7 25 22 7 4 1
0 5 15 22 8 4 1
0 6 15 22 8 5 1
0 6 15 22 8 6 1
0 6 15 22 8 7 1
0 6 26 22 8 8 1
0 7 14 22 9 4 1
0 7 12 22 9 5 1
0 7 12 22 9 6 1
0 7 23 22 9 7 1
0 7 3 22 10 4 1
0 7 3 22 10 4 2
0 7 12 22 10 5 1
0 7 23 22 10 6 1
0 7 11 22 10 7 1
0 7 10 22 10 8 1
0 4 0 22 11 5 1
0 4 0 22 11 5 2
0 5 25 22 13 5 1
0 8 0 22 14 5 1
0 8 4 22 14 5 2
0 5 15 22 15 6 1
0 9 14 23 2 10 1
0 4 15 23 7 10 1
0 6 14 23 8 10 1
0 10 24 23 8 11 1
0 10 23 23 8 12 1
0 10 23 23 8 13 1
0 10 10 23 8 14 1
0 3 3 23 11 10 1
0 3 3 23 11 10 2
0 3 3 23 11 11 1
0 3 3 23 11 11 2
0 3 3 23 11 12 1
0 3 3 23 11 12 2
0 3 3 23 11 13 1
0 3 3 23 11 13 2
0 6 25 23 11 14 1
0 5 25 23 11 15 1
0 6 24 23 11 16 1
0 5 24 23 11 17 1
0 2 2 23 13 10 1
0 2 4 23 13 10 2
0 2 24 23 13 11 1
0 2 23 23 13 12 1
0 2 22 23 13 13 1
0 2 22 23 13 14 1
0 5 10 23 14 10 1
0 5 14 23 15 10 1
0 10 14 23 15 11 1
1 8 3
1 8 4
1 8 3
1 8 25
1 8 26
1 8 4
1 8 2
1 8 4
1 8 0
1 8 3
1 8 25
1 8 26
1 8 4
1 8 15
1 8 25
1 8 25
1 8 3
1 8 4
1 8 25
1 8 4
1 8 26
1 8 25
1 8 3
1 8 25
1 8 4
1 8 4
1 8 4
1 8 3
1 8 26
1 8 3
1 8 4
1 8 4
1 8 4
1 8 3
1 8 3
1 8 4
1 8 26
1 8 4
1 8 3
1 8 25
1 8 3
1 8 25
1 8 14
1 8 25
1 8 26
1 8 4
1 8 4
1 8 25
1 8 25
1 8 4
1 8 4
1 8 3
1 8 4
1 8 2
1 8 4
1 9 25
1 9 25
1 9 25
1 9 3
1 9 2
1 9 11
1 9 23
1 9 24
1 9 3
1 9 22
1 9 23
1 9 24
1 9 23
1 9 2
1 9 25
1 9 25
1 9 2
1 9 23
1 9 23
1 9 23
1 9 25
1 9 3
1 9 23
1 9 23
1 9 25
1 9 23
1 9 3
1 9 25
1 9 2
1 9 23
1 9 25
1 9 3
1 9 23
1 9 2
1 9 23
1 9 23
1 9 25
1 9 3
1 9 25
1 9 25
1 9 23
1 9 25
1 9 23
1 9 23
1 9 25
1 9 24
1 9 25
1 9 11
1 9 23
1 9 23
1 9 25
1 9 24
1 9 24
1 9 24
1 9 1
1 10 21
1 10 3
1 10 13
1 10 22
1 10 25
1 10 24
1 10 4
1 10 26
1 10 12
1 10 21
1 10 12
1 10 23
1 10 10
1 10 4
1 10 22
1 10 0
1 10 22
1 10 12
1 10 22
1 10 23
1 10 23
1 10 3
1 10 22
1 10 10
1 10 12
1 10 25
1 10 10
1 10 10
1 10 23
1 10 10
1 10 0
1 10 26
1 10 23
1 10 12
1 10 10
1 10 4
1 10 10
1 10 3
1 10 22
1 10 23
1 10 23
1 10 22
1 10 21
1 10 11
1 10 3
1 10 21
1 10 21
1 10 22
1 10 4
1 10 23
1 10 21
1 10 11
1 10 21
1 10 21
1 10 12
1 10 11
1 10 12
1 10 12
1 10 3
1 10 10
1 10 22
1 10 22
1 10 25
1 10 25
1 10 13
1 10 22
1 10 21
1 10 4
1 10 11
1 10 21
1 10 1
1 10 22
1 10 25
1 10 26
1 10 23
1 10 13
1 10 1
1 10 22
1 10 12
1 10 23
1 10 22
1 10 23
1 10 0
1 10 3
1 10 25
1 10 23
1 10 0
1 10 21
1 10 21
1 10 10
1 10 22
1 10 22
1 10 10
1 10 11
1 10 11
1 10 3
1 10 23
1 10 3
1 10 4
1 10 11
1 10 13
1 10 21
1 10 4
1 10 23
1 10 21
1 10 11
1 10 26
1 10 0
1 10 2
1 10 14
1 10 22
1 10 21
1 10 3
1 10 10
1 10 22
1 10 4
1 10 25
1 10 23
1 10 10
1 10 12
1 10 25
1 10 23
1 10 13
1 10 22
1 10 10
1 10 21
1 10 10
1 10 12
1 10 22
1 10 23
1 10 26
1 10 3
1 10 23
1 10 10
1 10 23
1 10 23
1 10 22
1 10 2
1 10 10
1 10 22
1 10 11
1 10 10
1 10 4
1 10 4
1 10 22
1 10 25
1 10 22
1 10 1
1 10 22
1 10 2
1 10 21
1 10 3
1 10 26
1 10 11
1 10 23
1 10 10
1 10 25
1 10 10
1 10 4
1 10 4
1 10 3
1 10 11
1 10 11
1 10 21
1 10 23
1 10 22
1 10 25
1 10 11
1 10 13
1 10 10
1 10 12
1 10 11
1 10 10
1 10 21
1 10 23
1 10 22
1 10 12
1 10 13
1 10 23
1 10 0
1 10 22
1 10 10
1 10 4
1 10 25
1 10 21
1 10 11
1 10 14
1 10 23
1 10 11
1 10 22
1 10 2
1 10 23
1 10 21
1 10 10
1 10 3
1 10 22
1 10 10
1 10 12
1 10 10
1 10 13
1 10 26
1 10 2
1 10 2
1 10 21
1 10 11
1 10 21
1 10 12
1 10 26
1 10 24
1 10 4
1 10 22
1 10 25
1 10 23
1 10 21
1 10 25
1 10 4
1 10 11
1 10 3
1 10 1
1 10 23
1 10 22
1 10 22
1 10 10
1 10 11
1 10 4
1 10 10
1 10 21
1 10 2
1 10 23
1 10 3
1 10 25
1 10 12
1 10 23
1 10 21
1 10 21
1 10 4
1 10 21
1 10 21
1 10 22
1 10 21
1 10 22
1 10 21
1 10 12
1 10 14
1 10 2
1 10 21
1 10 2
1 10 3
1 10 21
1 10 21
1 10 23
1 10 13
1 10 22
1 10 13
1 10 22
1 10 10
1 10 10
1 10 21
1 10 10
1 10 21
1 10 25
1 10 23
1 10 10
1 10 25
1 10 22
1 10 25
1 10 23
1 10 25
1 10 3
1 10 22
1 10 3
1 10 3
1 10 11
1 10 23
1 10 11
1 10 21
1 10 10
1 10 26
1 11 23
1 11 25
1 11 3
1 11 3
1 11 13
1 11 15
1 11 24
1 11 3
1 11 21
1 11 22
1 11 3
1 11 3
1 11 23
1 11 3
1 11 24
1 11 25
1 11 29
1 11 24
1 11 26
1 11 3
1 11 24
1 11 3
1 11 26
1 11 3
1 11 14
1 11 24
1 11 25
1 11 25
1 11 26
1 11 23
1 11 13
1 11 24
1 11 3
1 11 23
1 11 3
1 11 31
1 11 24
1 11 12
1 11 25
1 11 3
1 11 23
1 11 23
1 11 8
1 11 3
1 11 3
1 11 14
1 11 30
1 11 3
1 11 3
1 11 24
1 11 24
1 11 12
1 11 24
1 11 3
1 11 31
1 11 14
1 11 25
1 11 12
1 11 23
1 11 24
1 11 25
1 11 12
1 11 10
1 11 3
1 11 24
1 11 4
1 11 24
1 11 25
1 11 23
1 11 3
1 11 26
1 11 24
1 11 22
1 11 3
1 11 24
1 11 25
1 11 4
1 11 4
1 11 24
1 11 3
1 11 12
1 11 3
1 11 24
1 11 15
1 11 4
1 11 12
1 11 24
1 11 22
1 11 30
1 11 3
1 11 24
1 11 26
1 11 3
1 11 26
1 11 24
1 11 2
1 11 3
1 11 23
1 11 24
1 11 26
1 11 24
1 11 24
1 11 23
1 11 10
1 11 21
1 11 3
1 11 3
1 11 26
1 11 10
1 11 23
1 11 8
1 11 3
1 11 24
1 11 3
1 11 3
1 11 26
1 11 24
1 11 24
1 11 26
1 11 3
1 11 24
1 11 22
1 11 3
1 11 26
1 11 24
1 11 3
1 11 3
1 11 3
1 11 21
1 11 24
1 11 24
1 11 24
1 11 15
1 11 3
1 11 3
1 11 3
1 11 23
1 11 30
1 11 3
1 11 25
1 12 7
1 12 14
1 12 3
1 12 12
1 12 12
1 12 3
1 12 22
1 12 3
1 12 24
1 12 3
1 12 22
1 12 24
1 12 3
1 12 3
1 12 23
1 12 15
1 12 3
1 12 3
1 12 22
1 12 25
1 12 3
1 12 22
1 12 23
1 12 3
1 12 3
1 12 2
1 12 23
1 12 3
1 12 23
1 12 3
1 12 25
1 12 3
1 12 23
1 12 3
1 12 3
1 12 25
1 12 22
1 12 3
1 12 3
1 13 23
1 13 0
1 13 2
1 13 22
1 13 10
1 13 3
1 13 25
1 13 11
1 13 23
1 13 3
1 13 25
1 13 4
1 13 15
1 13 23
1 13 23
1 13 12
1 13 4
1 13 25
1 13 23
1 13 23
1 13 21
1 13 3
1 13 3
1 13 3
1 13 3
1 13 23
1 13 12
1 13 3
1 13 22
1 13 23
1 13 3
1 13 25
1 13 2
1 13 3
1 13 3
1 13 21
1 13 2
1 13 23
1 13 1
1 13 30
1 13 22
1 13 3
1 13 15
1 13 3
1 13 12
1 13 25
1 13 14
1 13 24
1 13 21
1 13 21
1 13 22
1 13 0
1 13 3
1 13 14
1 13 3
1 13 3
1 13 14
1 13 24
1 13 4
1 13 3
1 13 25
1 13 30
1 13 23
1 13 12
1 13 22
1 13 12
1 13 11
1 13 12
1 13 14
1 13 24
1 13 3
1 13 22
1 13 11
1 13 1
1 13 3
1 13 3
1 13 11
1 13 22
1 13 22
1 13 0
1 13 4
1 13 13
1 13 3
1 13 3
1 13 11
1 13 2
1 13 23
1 13 30
1 13 31
1 13 4
1 13 3
1 13 14
1 13 3
1 13 14
1 13 21
1 13 23
1 13 3
1 13 14
1 13 15
1 13 22
1 13 23
1 13 3
1 13 23
1 13 11
1 13 14
1 13 21
1 13 21
1 13 1
1 13 4
1 13 3
1 13 11
1 13 22
1 13 10
1 13 2
1 13 11
1 13 3
1 13 14
1 13 14
1 13 2
1 2 3
1 2 4
1 2 3
1 2 2
1 2 26
1 2 23
1 2 4
1 2 22
1 2 4
1 2 31
1 2 3
1 2 3
1 2 4
1 2 2
1 2 26
1 2 3
1 2 3
1 2 3
1 2 12
1 2 4
1 2 4
1 2 3
1 2 26
1 2 0
1 2 3
1 2 4
1 2 4
1 2 4
1 2 2
1 2 3
1 2 4
1 2 25
1 2 3
1 2 0
1 2 3
1 2 4
1 2 3
1 2 1
1 2 25
1 2 4
1 2 4
1 2 23
1 2 4
1 2 11
1 2 3
1 2 3
1 2 30
1 2 3
1 2 25
1 2 3
1 2 22
1 2 4
1 2 4
1 2 2
1 2 14
1 2 3
1 2 12
1 2 4
1 2 3
1 3 3
1 3 3
1 3 3
1 3 3
1 3 25
1 3 3
1 3 3
1 3 3
1 3 3
1 3 1
1 3 1
1 3 3
1 3 3
1 3 3
1 3 1
1 3 3
1 3 22
1 3 3
1 3 3
1 3 22
1 3 3
1 3 3
1 3 3
1 3 3
1 3 11
1 4 14
1 4 25
1 4 23
1 4 31
1 4 3
1 4 22
1 4 23
1 4 21
1 4 2
1 4 24
1 4 7
1 4 3
1 4 31
1 4 23
1 4 3
1 4 23
1 4 1
1 4 3
1 4 3
1 4 14
1 4 13
1 4 23
1 4 22
1 4 25
1 4 31
1 4 12
1 4 23
1 4 22
1 4 3
1 4 3
1 4 26
1 4 4
1 4 25
1 4 13
1 4 3
1 4 3
1 4 3
1 4 11
1 4 22
1 4 23
1 4 13
1 4 22
1 4 23
1 4 10
1 4 22
1 4 21
1 4 3
1 4 3
1 4 29
1 4 25
1 4 30
1 4 10
1 4 23
1 4 14
1 4 2
1 4 2
1 4 4
1 4 4
1 4 14
1 4 22
1 4 0
1 4 4
1 4 14
1 4 3
1 4 3
1 4 23
1 4 3
1 4 21
1 4 2
1 4 3
1 4 12
1 4 3
1 4 3
1 4 25
1 4 10
1 4 31
1 4 14
1 4 3
1 4 12
1 4 2
1 4 3
1 4 3
1 4 3
1 4 3
1 4 23
1 4 3
1 4 13
1 4 12
1 4 3
1 4 10
1 4 26
1 4 14
1 4 4
1 4 23
1 4 1
1 4 3
1 4 30
1 4 3
1 4 23
1 4 3
1 4 31
1 4 3
1 4 2
1 4 22
1 4 3
1 4 3
1 4 3
1 4 25
1 4 2
1 4 3
1 4 12
1 4 24
1 4 14
1 4 31
1 4 23
1 4 22
1 4 21
1 4 4
1 4 10
1 4 11
1 4 23
1 4 3
1 4 11
1 4 10
1 4 11
1 4 21
1 4 14
1 4 22
1 4 21
1 4 3
1 4 0
1 4 2
1 4 3
1 4 3
1 4 22
1 4 11
1 4 26
1 4 3
1 4 22
1 4 11
1 4 12
1 4 24
1 4 30
1 4 3
1 4 4
1 4 23
1 4 11
1 4 21
1 4 22
1 4 3
1 4 3
1 4 23
1 4 2
1 4 24
1 4 8
1 4 8
1 4 3
1 4 23
1 4 3
1 4 24
1 4 30
1 4 25
1 4 23
1 4 10
1 4 10
1 4 3
1 4 3
1 4 23
1 4 30
1 4 10
1 4 22
1 4 10
1 4 14
1 4 31
1 4 0
1 4 3
1 4 22
1 4 3
1 4 22
1 4 3
1 4 14
1 4 2
1 4 3
1 4 22
1 4 30
1 4 22
1 4 3
1 4 24
1 4 3
1 4 3
1 4 24
1 4 21
1 4 11
1 4 22
1 4 10
1 4 2
1 4 10
1 4 3
1 4 21
1 4 13
1 4 2
1 4 1
1 4 11
1 4 3
1 4 24
1 4 3
1 4 22
1 4 25
1 4 3
1 4 13
1 4 22
1 4 3
1 4 3
1 4 23
1 4 24
1 4 1
1 4 11
1 4 3
1 4 3
1 4 3
1 4 3
1 4 26
1 4 14
1 4 23
1 4 3
1 4 14
1 4 3
1 4 3
1 4 3
1 4 1
1 4 2
1 4 23
1 4 3
1 4 30
1 4 22
1 4 3
1 4 14
1 4 22
1 4 11
1 4 3
1 4 0
1 4 23
1 4 14
1 4 14
1 4 22
1 4 12
1 4 11
1 4 14
1 4 22
1 4 3
1 4 1
1 4 23
1 4 10
1 4 3
1 4 1
1 4 3
1 4 8
1 4 23
1 4 3
1 4 24
1 4 10
1 4 2
1 4 21
1 4 3
1 4 22
1 4 3
1 4 3
1 4 23
1 4 13
1 4 22
1 4 13
1 4 22
1 4 22
1 4 22
1 4 4
1 4 3
1 4 3
1 4 22
1 4 11
1 4 3
1 4 3
1 4 12
1 4 3
1 4 22
1 4 14
1 4 23
1 4 2
1 4 3
1 4 24
1 4 0
1 4 3
1 4 2
1 4 23
1 4 23
1 4 0
1 4 21
1 4 3
1 4 3
1 4 23
1 4 22
1 4 3
1 4 3
1 4 2
1 4 25
1 4 21
1 4 25
1 4 3
1 4 23
1 4 21
1 4 2
1 4 14
1 4 3
1 4 3
1 4 3
1 4 22
1 4 2
1 4 3
1 4 3
1 4 3
1 4 3
1 4 3
1 4 31
1 4 21
1 4 7
1 4 23
1 4 21
1 4 3
1 4 3
1 4 0
1 4 11
1 4 30
1 4 25
1 4 25
1 4 3
1 4 3
1 4 23
1 4 13
1 4 3
1 4 25
1 4 3
1 4 3
1 4 22
1 4 1
1 4 3
1 4 14
1 4 3
1 4 3
1 4 3
1 4 21
1 4 8
1 4 23
1 4 3
1 4 3
1 4 2
1 4 3
1 4 12
1 4 13
1 4 21
1 4 31
1 4 21
1 4 3
1 4 3
1 4 7
1 4 4
1 4 3
1 4 23
1 4 23
1 4 14
1 4 2
1 4 2
1 4 22
1 4 21
1 4 12
1 4 3
1 4 3
1 4 11
1 4 30
1 4 3
1 4 12
1 4 14
1 4 22
1 4 3
1 4 30
1 4 2
1 4 2
1 4 23
1 4 4
1 4 3
1 4 2
1 4 3
1 4 22
1 4 14
1 4 14
1 4 31
1 4 2
1 4 3
1 4 3
1 4 31
1 4 3
1 4 21
1 4 21
1 4 3
1 4 25
1 4 3
1 4 11
1 4 2
1 4 3
1 4 3
1 4 3
1 4 10
1 4 3
1 4 14
1 4 3
1 7 3
1 7 21
1 7 2
1 7 12
1 7 25
1 7 25
1 7 11
1 7 23
1 7 21
1 7 24
1 7 14
1 7 22
1 7 13
1 7 10
1 7 21
1 7 23
1 7 11
1 7 3
1 7 2
1 7 2
1 7 23
1 7 11
1 7 10
1 7 14
1 7 11
1 7 3
1 7 3
1 7 24
1 7 23
1 7 10
1 7 3
1 7 23
1 7 2
1 7 3
1 7 10
1 7 24
1 7 12
1 7 10
1 7 23
1 7 23
1 7 0
1 7 10
1 7 10
1 7 24
1 7 2
1 7 25
1 7 24
1 7 12
1 7 4
1 7 3
1 7 25
1 7 22
1 7 25
1 7 23
1 7 13
1 7 3
1 7 12
1 7 12
1 7 23
1 7 23
1 7 24
1 7 13
1 7 22
1 7 22
1 7 14
1 7 23
1 7 11
1 7 2
1 7 21
1 7 11
1 7 3
1 7 23
1 7 23
1 7 2
1 7 23
1 7 26
1 7 21
1 7 1
1 7 14
1 7 13
1 7 10
1 7 24
1 7 10
1 7 24
1 7 14
1 7 13
1 7 12
1 7 25
1 7 14
1 7 3
1 7 25
1 7 14
1 7 14
1 7 11
1 7 24
1 7 2
1 7 24
1 7 14
1 7 12
1 7 12
1 7 25
1 7 22
1 7 21
1 7 14
1 7 12
1 7 14
1 7 2
1 7 2
1 7 21
1 7 22
1 7 24
1 7 22
1 7 3
1 7 23
1 7 22
1 7 23
1 7 25
1 7 2
1 7 12
1 7 4
1 7 11
1 7 21
1 7 14
1 7 23
1 7 24
1 7 0
1 7 2
1 7 0
1 7 25
1 7 21
1 7 12
1 7 23
1 7 10
1 7 11
1 7 10
1 7 22
1 7 21
1 7 13
1 7 10
1 7 25
1 7 12
1 7 3
1 7 10
1 7 3
1 7 22
1 7 23
1 7 11
1 7 26
1 7 10
1 7 3
1 7 2
1 7 22
1 7 12
1 7 12
1 7 3
1 7 14
1 7 24
1 7 25
1 7 24
1 7 25
1 7 25
1 7 24
1 7 12
1 7 1
1 7 12
1 7 21
1 7 25
1 7 24
1 7 25
1 7 24
1 7 3
1 7 3
1 7 22
1 7 24
1 7 21
1 7 14
1 7 12
1 7 21
1 7 11
1 7 21
1 7 10
1 7 23
1 7 21
1 7 1
1 7 23
1 7 14
1 7 23
1 7 1
1 7 24
1 7 23
1 7 12
1 7 10
1 7 24
1 7 2
1 7 10
1 7 10
1 7 10
1 7 2
1 7 25
1 7 14
1 7 12
1 7 11
1 7 13
1 7 14
1 7 25
1 7 13
1 7 11
1 7 3
1 7 24
1 7 25
1 7 25
1 7 1
1 7 4
1 7 11
1 7 21
1 7 0
1 7 1
1 7 22
1 7 3
1 7 21
1 7 13
1 7 13
1 7 23
1 7 3
1 7 2
1 7 25
1 7 3
1 7 3
1 7 24
1 7 21
1 7 2
1 7 10
1 7 3
1 7 2
1 7 14
1 7 22
1 7 3
1 7 25
1 7 10
1 7 11
1 7 10
1 7 22
1 7 10
1 7 2
1 7 0
1 7 24
1 7 23
1 7 11
1 7 25
1 7 11
1 7 10
1 7 24
1 7 21
1 7 24
1 7 1
1 7 24
1 7 22
1 7 24
1 7 2
1 7 24
1 7 14
1 7 14
1 7 0
1 7 3
1 7 21
1 7 25
1 7 23
1 7 23
1 7 11
1 7 13
1 7 10
1 7 13
1 7 2
1 7 13
1 7 14
1 7 22
1 7 23
1 7 13
1 7 21
1 7 13
1 7 21
1 7 14
1 7 10
1 7 14
1 7 25
1 7 13
1 7 22
1 7 10
1 7 23
1 7 10
1 7 3
1 7 23
1 7 14
1 7 23
1 7 1
1 7 22
1 7 2
1 7 23
1 7 13
1 7 3
1 7 21
1 7 24
1 7 21
1 7 10
1 7 14
1 7 23
1 7 13
1 7 24
1 7 4
1 7 25
1 7 21
1 7 14
1 7 14
1 7 21
1 7 3
1 7 23
1 7 13
1 7 0
1 7 2
1 7 25
1 7 10
1 7 12
1 7 24
1 7 12
1 7 12
1 7 22
1 7 12
1 7 3
1 7 2
1 7 21
1 7 21
1 7 13
1 7 22
1 7 23
1 7 11
1 7 24
1 7 22
1 7 23
1 7 12
1 7 25
1 7 21
1 7 1
1 7 21
1 7 11
1 7 14
1 7 11
1 7 0
1 7 23
1 7 13
1 7 0
1 7 13
1 7 13
1 7 22
1 7 21
1 7 13
1 7 14
1 7 11
1 7 24
1 7 12
1 7 24
1 7 3
1 7 0
1 7 24
1 7 2
1 7 25
1 7 23
1 7 24
1 7 25
1 7 12
1 7 10
1 7 21
1 7 2
1 7 10
1 7 25
1 7 14
1 7 12
1 7 23
1 7 22
1 7 13
1 7 21
1 7 23
1 7 23
1 7 23
1 7 24
1 7 23
1 7 14
1 7 14
1 7 14
1 7 1
1 7 13
1 7 25
1 7 23
1 7 14
1 7 2
1 7 25
1 7 23
1 7 14
1 7 2
1 7 12
1 7 12
1 7 4
1 7 2
1 7 25
1 7 13
1 7 21
1 7 10
1 7 14
1 7 12
1 7 23
1 7 2
1 7 23
1 7 10
1 7 10
1 7 24
1 7 11
1 7 21
1 7 11
1 7 13
1 7 2
1 7 25
1 7 22
1 7 25
1 7 12
1 7 24
1 7 25
1 7 24
1 7 24
1 7 0
1 7 12
1 7 22
1 7 23
1 7 11
1 7 14
1 7 3
1 7 14
1 7 11
1 7 25
1 7 21
1 7 23
1 7 23
1 7 23
1 7 13
1 7 24
1 7 14
1 7 21
1 7 23
1 7 11
1 7 23
1 7 13
1 7 24
1 7 3
1 7 22
1 7 11
1 7 11
1 7 22
1 7 1
1 7 14
1 7 3
1 7 13
1 7 14
1 7 12
1 7 2
1 7 13
1 7 21
1 7 13
1 7 13
1 7 2
1 7 14
1 7 21
1 7 2
1 7 13
1 7 22
1 7 10
1 7 2
1 7 21
1 7 24
1 7 24
1 7 23
1 7 3
1 7 10
1 7 12
1 7 21
1 7 25
1 7 24
1 7 23
1 7 10
1 7 13
1 7 2
1 7 13
1 7 23
1 7 23
1 7 2
1 7 24
1 7 21
1 7 2
1 7 11
1 7 21
1 7 22
1 7 25
1 7 23
1 7 14
1 7 25
1 7 23
1 7 25
1 7 21
1 7 25
1 7 13
1 7 14
1 7 23
1 7 23
1 7 22
1 7 21
1 7 22
1 7 23
1 7 21
1 7 24
1 7 10
1 7 24
1 7 12
1 7 12
1 7 14
1 7 3
1 7 24
1 7 11
1 7 24
1 7 23
1 7 10
1 7 21
1 7 25
1 7 25
1 7 24
1 7 24
1 7 25
1 7 22
1 7 24
1 7 21
1 7 23
1 7 14
1 7 22
1 7 2
1 7 13
1 7 22
1 7 12
1 7 14
1 7 22
1 7 25
1 7 13
1 7 2
1 7 23
1 7 3
1 7 23
1 7 13
1 7 10
1 7 14
1 7 23
1 7 3
1 7 25
1 7 13
1 7 12
1 7 10
1 7 24
1 7 13
1 7 11
1 7 12
1 7 14
1 7 12
1 7 24
1 7 14
1 7 13
1 7 2
1 7 3
1 7 11
1 7 21
1 7 24
1 7 24
1 7 10
1 7 24
1 7 24
1 7 13
1 7 23
1 7 10
1 7 21
1 7 24
1 7 22
1 7 13
1 7 10
1 7 21
1 7 13
1 7 14
1 7 13
1 7 12
1 7 25
1 7 3
1 7 3
1 7 25
1 7 13
1 7 25
1 7 23
1 7 21
1 7 24
1 7 10
1 7 24
1 7 10
1 7 25
1 7 21
1 7 11
1 7 23
1 7 11
1 7 10
1 7 25
1 7 1
1 7 14
1 7 21
1 7 14
1 7 21
1 7 23
1 7 13
1 7 21
1 7 11
1 7 2
1 7 14
1 7 24
1 7 21
1 7 11
1 7 24
1 7 24
1 7 21
1 7 24
1 7 14
1 7 11
1 7 23
1 7 4
1 7 12
1 7 23
1 7 25
1 7 21
1 7 3
1 7 13
1 7 10
1 7 25
1 7 3
1 7 24
1 7 24
1 7 25
1 7 12
1 7 0
1 7 4
1 7 2
1 7 22
1 7 23
1 7 25
1 7 12
1 7 24
1 7 2
1 7 14
1 7 25
1 7 14
1 7 22
1 7 13
1 7 25
1 7 2
1 7 3
1 7 23
1 7 14
1 7 10
1 7 2
1 7 14
1 7 2
1 7 13
1 7 10
1 7 21
1 7 14
1 7 22
1 7 14
1 7 23
1 7 24
1 7 24
1 7 12
1 7 25
1 7 21
1 7 25
1 7 23
1 7 11
1 7 24
1 7 10
1 7 25
1 7 25
1 7 3
1 7 22
1 7 13
1 7 23
1 7 11
1 7 14
1 7 24
1 7 25
1 7 21
1 7 21
1 7 2
1 7 22
1 7 23
1 7 24
1 7 23
1 7 11
1 7 12
1 7 1
1 7 14
1 7 12
1 7 12
1 7 21
1 7 24
1 7 13
1 7 11
1 7 22
1 7 2
1 7 14
1 7 24
1 7 12
1 7 13
1 7 21
1 7 24
1 7 2
1 7 3
1 7 23
1 7 10
1 7 21
1 7 2
0 11 26
0 11 26
0 11 26
0 11 4
0 11 4
0 11 4
0 11 4
0 6 23
0 6 25
0 6 14
0 6 2
0 6 4
0 6 4
0 6 3
0 6 3
0 6 4
0 8 25
0 8 25
0 8 25
0 8 0
0 8 3
0 8 4
0 8 3
0 8 3
0 8 3
0 2 25
0 2 25
0 2 25
0 2 14
0 2 26
0 2 26
0 9 24
0 6 26
0 9 25
0 6 22
0 6 25
0 6 15
0 6 4
0 6 4
0 6 4
0 6 3
0 6 3
0 6 4
0 5 23
0 5 24
0 5 14
0 5 30
0 5 30
0 5 30
0 2 22
0 2 22
0 2 22
0 5 25
0 5 26
0 5 31
0 5 31
0 5 4
0 5 4
0 5 25
0 5 25
0 5 14
0 6 25
0 5 31
0 10 23
0 10 23
0 10 23
0 5 23
0 5 26
0 5 31
0 5 31
0 5 3
0 5 3
0 6 12
0 6 24
0 6 25
0 6 25
0 6 2
0 6 3
0 6 4
0 6 4
0 6 2
0 6 8
0 6 4
0 6 4
0 9 22
0 6 30
0 10 26
0 6 12
0 6 25
0 6 25
0 6 26
0 6 26
0 6 2
0 6 4
0 6 4
0 6 3
0 6 3
0 6 4
0 5 12
0 10 24
0 6 26
0 7 24
0 7 24
0 7 24
0 10 25
0 7 26
0 7 15
0 10 4
0 10 4
0 7 0
0 7 1
0 5 21
0 5 25
0 5 25
0 5 26
0 5 15
0 5 15
0 5 15
0 5 4
0 5 4
0 10 30
0 12 24
0 5 25
0 9 14
0 10 25
0 5 25
0 4 25
0 4 25
0 2 22
0 2 14
0 2 11
0 2 23
0 2 23
0 2 23
0 2 23
0 2 23
0 2 23
0 2 2
0 2 0
0 7 14
0 3 26
0 9 21
0 9 11
0 6 21
0 6 11
0 6 0
0 6 0
0 6 2
0 6 3
0 6 3
0 6 3
0 6 2
0 6 25
0 6 24
0 6 14
0 10 25
0 5 22
0 5 22
0 5 11
0 5 24
0 5 11
0 5 12
0 5 12
0 5 25
0 5 25
0 5 14
0 2 26
0 2 26
0 2 26
0 2 26
0 4 23
0 4 12
0 4 12
0 4 24
0 4 25
0 4 3
0 2 24
0 4 3
0 4 4
0 4 21
0 4 25
0 4 25
0 4 26
0 4 26
0 4 31
0 3 23
0 6 25
0 6 25
0 6 25
0 6 25
0 6 25
0 6 30
0 7 2
0 7 3
0 7 3
0 2 21
0 2 21
0 4 22
0 7 10
0 7 22
0 7 11
0 7 13
0 7 13
0 7 14
0 7 14
0 7 3
0 7 0
0 5 3
0 7 23
0 7 23
0 10 23
0 2 28
0 7 23
0 5 23
0 11 23
0 11 23
0 4 22
0 4 13
0 5 22
0 5 22
0 5 25
0 5 30
0 9 25
0 4 25
0 5 25
0 6 22
