# Parameters: nPorts nContainers
13 4214
# Transport type: id length=(20,40) weight type=(DC,RC,HC,HR)
0 20 3 DC
1 20 9 DC
2 20 14 DC
3 20 21 DC
4 20 27 DC
5 20 3 RC
6 20 9 RC
7 20 14 RC
8 20 21 RC
9 20 27 RC
10 40 3 DC
11 40 6 DC
12 40 9 DC
13 40 14 DC
14 40 21 DC
15 40 27 DC
16 40 3 RC
17 40 9 RC
18 40 14 RC
19 40 21 RC
20 40 27 RC
21 40 3 HC
22 40 6 HC
23 40 9 HC
24 40 14 HC
25 40 21 HC
26 40 27 HC
27 40 3 HR
28 40 9 HR
29 40 14 HR
30 40 21 HR
31 40 27 HR
32 40 3 HC
33 40 6 HC
34 40 9 HC
35 40 14 HC
36 40 21 HC
37 40 27 HC
# Container: startPort endPort typeId [bay stack tier slot]
0 6 3 1 4 10 1
0 6 4 1 4 10 2
0 6 3 1 4 11 1
0 6 3 1 4 11 2
0 6 2 1 4 12 1
0 6 3 1 4 12 2
0 6 22 1 4 13 1
0 6 22 1 4 14 1
0 6 21 1 4 15 1
0 6 25 1 5 10 1
0 6 25 1 5 11 1
0 3 25 1 5 12 1
0 5 23 1 5 13 1
0 3 10 1 5 14 1
0 3 21 1 5 15 1
0 5 3 1 11 10 1
0 5 3 1 11 10 2
0 6 25 1 11 11 1
0 6 25 1 11 12 1
0 3 25 1 11 13 1
0 3 25 1 11 14 1
0 6 10 1 12 10 1
0 6 21 1 12 11 1
0 7 3 1 7 6 1
0 7 4 1 7 6 2
0 7 2 1 7 7 1
0 7 4 1 7 7 2
0 7 26 1 7 8 1
0 4 3 1 9 6 1
0 4 4 1 9 6 2
0 4 3 1 9 7 1
0 4 3 1 9 7 2
0 4 3 1 9 8 1
0 4 3 1 9 8 2
0 4 3 2 4 7 1
0 4 3 2 4 7 2
0 4 3 2 4 8 1
0 4 3 2 4 8 2
0 2 21 2 5 6 1
0 3 21 2 5 7 1
0 5 0 2 8 0 1
0 5 0 2 8 0 2
0 5 21 2 8 1 1
0 2 3 2 9 3 1
0 2 4 2 9 3 2
0 2 3 2 9 4 1
0 2 4 2 9 4 2
0 2 15 2 9 5 1
0 2 26 2 9 6 1
0 2 14 2 9 7 1
0 2 14 2 9 8 1
0 3 4 2 10 5 1
0 3 4 2 10 5 2
0 3 3 2 10 6 1
0 3 4 2 10 6 2
0 3 3 2 10 7 1
0 3 4 2 10 7 2
0 3 3 2 10 8 1
0 3 2 2 10 8 2
0 3 4 2 11 6 1
0 3 4 2 11 6 2
0 3 3 2 11 7 1
0 3 3 2 11 7 2
0 3 3 2 11 8 1
0 3 3 2 11 8 2
0 3 3 2 13 7 1
0 3 3 2 13 7 2
0 3 23 2 13 8 1
0 2 3 3 12 10 1
0 2 4 3 12 10 2
0 2 0 3 12 11 1
0 2 4 3 12 11 2
0 2 25 3 12 12 1
0 2 25 3 12 13 1
0 2 22 3 12 14 1
0 2 22 3 12 15 1
0 3 3 3 2 7 1
0 3 4 3 2 7 2
0 3 3 3 2 8 1
0 3 3 3 2 8 2
0 3 2 3 5 4 1
0 3 4 3 5 4 2
0 3 2 3 5 5 1
0 3 4 3 5 5 2
0 3 2 3 5 6 1
0 3 3 3 5 6 2
0 3 0 3 5 7 1
0 3 2 3 5 7 2
0 3 21 3 5 8 1
0 2 3 3 8 0 1
0 2 4 3 8 0 2
0 2 15 3 8 1 1
0 2 15 3 8 2 1
0 2 15 3 8 3 1
0 2 26 3 8 4 1
0 2 14 3 8 5 1
0 2 14 3 8 6 1
0 2 14 3 8 7 1
0 2 13 3 8 8 1
0 3 2 3 9 1 1
0 3 4 3 9 1 2
0 3 26 3 9 2 1
0 3 26 3 9 3 1
0 3 23 3 9 4 1
0 3 23 3 9 5 1
0 3 11 3 9 6 1
0 3 22 3 9 7 1
0 3 3 3 11 4 1
0 3 3 3 11 4 2
0 4 26 3 11 5 1
0 3 25 3 11 6 1
0 3 25 3 11 7 1
0 3 4 3 13 6 1
0 3 4 3 13 6 2
0 3 3 3 13 7 1
0 3 4 3 13 7 2
0 3 2 3 13 8 1
0 3 2 3 13 8 2
0 4 15 4 1 7 1
0 4 26 4 1 8 1
0 3 3 4 2 6 1
0 3 3 4 2 6 2
0 3 0 4 2 7 1
0 3 3 4 2 7 2
0 3 24 4 2 8 1
0 3 3 4 4 4 1
0 3 4 4 4 4 2
0 3 26 4 4 5 1
0 3 26 4 4 6 1
0 3 26 4 4 7 1
0 3 3 4 11 3 1
0 3 4 4 11 3 2
0 3 3 4 11 4 1
0 3 3 4 11 4 2
0 3 25 4 11 5 1
0 3 24 4 11 6 1
0 3 24 4 11 7 1
0 3 22 4 15 7 1
0 1 3 5 2 10 1
0 1 4 5 2 10 2
0 1 25 5 2 11 1
0 1 25 5 2 12 1
0 1 25 5 2 13 1
0 1 25 5 2 14 1
0 1 25 5 2 15 1
0 1 25 5 5 10 1
0 1 25 5 5 11 1
0 1 25 5 5 12 1
0 1 25 5 5 13 1
0 1 25 5 5 14 1
0 1 25 5 5 15 1
0 1 4 5 1 6 1
0 1 4 5 1 6 2
0 1 3 5 1 7 1
0 1 3 5 1 7 2
0 1 3 5 1 8 1
0 1 3 5 1 8 2
0 4 3 5 2 5 1
0 4 3 5 2 5 2
0 4 3 5 2 6 1
0 4 3 5 2 6 2
0 4 3 5 2 7 1
0 4 3 5 2 7 2
0 4 0 5 2 8 1
0 4 3 5 2 8 2
0 2 4 5 3 4 1
0 2 4 5 3 4 2
0 2 4 5 3 5 1
0 2 4 5 3 5 2
0 2 4 5 3 6 1
0 2 4 5 3 6 2
0 2 4 5 3 7 1
0 2 4 5 3 7 2
0 2 25 5 3 8 1
0 1 4 5 4 2 1
0 1 4 5 4 2 2
0 1 4 5 4 3 1
0 1 4 5 4 3 2
0 1 4 5 4 4 1
0 1 4 5 4 4 2
0 1 4 5 4 5 1
0 1 4 5 4 5 2
0 1 3 5 4 6 1
0 1 3 5 4 6 2
0 1 3 5 4 7 1
0 1 3 5 4 7 2
0 1 26 5 4 8 1
0 3 4 5 5 1 1
0 3 4 5 5 1 2
0 3 4 5 5 2 1
0 3 4 5 5 2 2
0 3 3 5 5 3 1
0 3 4 5 5 3 2
0 3 3 5 5 4 1
0 3 4 5 5 4 2
0 3 3 5 5 5 1
0 3 4 5 5 5 2
0 3 26 5 5 6 1
0 3 14 5 5 7 1
0 3 14 5 5 8 1
0 9 3 5 6 1 1
0 9 4 5 6 1 2
0 9 3 5 6 2 1
0 9 4 5 6 2 2
0 9 2 5 6 3 1
0 9 3 5 6 3 2
0 9 2 5 6 4 1
0 9 3 5 6 4 2
0 9 31 5 6 5 1
0 9 15 5 6 6 1
0 9 15 5 6 7 1
0 9 15 5 6 8 1
0 4 8 5 11 1 1
0 4 3 5 11 1 2
0 4 3 5 11 2 1
0 4 3 5 11 2 2
0 4 3 5 11 3 1
0 4 3 5 11 3 2
0 4 2 5 11 4 1
0 4 3 5 11 4 2
0 4 30 5 11 5 1
0 4 30 5 11 6 1
0 4 21 5 11 7 1
0 3 3 5 13 4 1
0 3 4 5 13 4 2
0 3 26 5 13 5 1
0 3 26 5 13 6 1
0 3 24 5 13 7 1
0 3 11 5 15 6 1
0 3 11 5 15 7 1
0 3 22 5 15 8 1
0 5 3 6 8 0 1
0 5 4 6 8 0 2
0 5 3 6 8 1 1
0 5 4 6 8 1 2
0 5 3 6 8 2 1
0 5 3 6 8 2 2
0 5 3 6 8 3 1
0 5 3 6 8 3 2
0 5 2 6 8 4 1
0 5 3 6 8 4 2
0 5 1 6 8 5 1
0 5 3 6 8 5 2
0 5 25 6 8 6 1
0 5 25 6 8 7 1
0 3 26 6 11 1 1
0 3 22 6 11 2 1
0 3 22 6 11 3 1
0 3 10 6 11 4 1
0 3 21 6 11 5 1
0 3 21 6 11 6 1
0 3 21 6 11 7 1
0 3 26 6 13 2 1
0 3 26 6 13 3 1
0 3 26 6 13 4 1
0 3 14 6 13 5 1
0 4 3 6 14 4 1
0 4 4 6 14 4 2
0 4 3 6 14 5 1
0 4 3 6 14 5 2
0 4 3 6 14 6 1
0 4 3 6 14 6 2
0 4 26 6 14 7 1
0 4 14 6 14 8 1
0 5 3 6 15 5 1
0 5 3 6 15 5 2
0 4 25 6 15 6 1
0 4 25 6 15 7 1
0 1 3 7 6 10 1
0 1 3 7 6 10 2
0 1 3 7 6 11 1
0 1 3 7 6 11 2
0 1 31 7 6 12 1
0 1 26 7 6 13 1
0 1 25 7 6 14 1
0 1 25 7 6 15 1
0 1 25 7 6 16 1
0 2 4 7 8 10 1
0 2 4 7 8 10 2
0 2 3 7 8 11 1
0 2 4 7 8 11 2
0 2 31 7 8 12 1
0 2 26 7 8 13 1
0 2 26 7 8 14 1
0 2 26 7 8 15 1
0 7 7 7 10 10 1
0 7 3 7 10 10 2
0 7 13 7 10 11 1
0 7 22 7 10 12 1
0 2 4 7 2 4 1
0 2 4 7 2 4 2
0 2 3 7 2 5 1
0 2 4 7 2 5 2
0 2 13 7 2 6 1
0 2 13 7 2 7 1
0 2 23 7 2 8 1
0 2 4 7 4 4 1
0 2 4 7 4 4 2
0 2 4 7 4 5 1
0 2 4 7 4 5 2
0 2 21 7 4 6 1
0 2 21 7 4 7 1
0 1 25 7 6 4 1
0 1 25 7 6 5 1
0 1 25 7 6 6 1
0 1 25 7 6 7 1
0 8 3 7 8 4 1
0 8 4 7 8 4 2
0 8 3 7 8 5 1
0 8 4 7 8 5 2
0 8 3 7 8 6 1
0 8 4 7 8 6 2
0 8 2 7 8 7 1
0 8 4 7 8 7 2
0 8 25 7 8 8 1
0 7 3 7 9 4 1
0 2 4 7 9 4 2
0 2 3 7 9 5 1
0 2 4 7 9 5 2
0 2 3 7 9 6 1
0 2 4 7 9 6 2
0 2 14 7 9 7 1
0 2 25 7 9 8 1
0 2 3 7 10 4 1
0 7 3 7 10 4 2
0 4 26 7 10 5 1
0 4 26 7 10 6 1
0 6 3 7 13 4 1
0 6 4 7 13 4 2
0 6 3 7 13 5 1
0 6 3 7 13 5 2
0 6 14 7 13 6 1
0 6 25 7 13 7 1
0 6 12 7 13 8 1
0 3 3 7 15 4 1
0 3 4 7 15 4 2
0 3 3 7 15 5 1
0 3 3 7 15 5 2
0 3 12 7 15 6 1
0 3 12 7 15 7 1
0 3 22 7 15 8 1
0 3 4 8 1 1 1
0 3 4 8 1 1 2
0 3 3 8 1 2 1
0 3 4 8 1 2 2
0 3 0 8 1 3 1
0 3 4 8 1 3 2
0 3 23 8 1 4 1
0 3 23 8 1 5 1
0 3 22 8 1 6 1
0 3 22 8 1 7 1
0 2 3 8 10 0 1
0 2 4 8 10 0 2
0 2 0 8 10 1 1
0 2 3 8 10 1 2
0 2 23 8 10 2 1
0 2 22 8 10 3 1
0 2 22 8 10 4 1
0 2 22 8 10 5 1
0 2 22 8 10 6 1
0 2 10 8 10 7 1
0 5 3 8 12 0 1
0 5 4 8 12 0 2
0 5 3 8 12 1 1
0 5 4 8 12 1 2
0 5 3 8 12 2 1
0 5 3 8 12 2 2
0 3 3 8 13 0 1
0 3 4 8 13 0 2
0 3 3 8 13 1 1
0 3 4 8 13 1 2
0 3 3 8 13 2 1
0 3 4 8 13 2 2
0 3 3 8 13 3 1
0 3 4 8 13 3 2
0 3 3 8 13 4 1
0 3 4 8 13 4 2
0 3 3 8 13 5 1
0 3 3 8 13 5 2
0 3 3 8 13 6 1
0 3 3 8 13 6 2
0 3 1 8 13 7 1
0 3 3 8 13 7 2
0 3 0 8 13 8 1
0 3 2 8 13 8 2
0 3 15 8 14 0 1
0 3 15 8 14 1 1
0 3 14 8 14 2 1
0 3 14 8 14 3 1
0 3 14 8 14 4 1
0 3 13 8 14 5 1
0 3 13 8 14 6 1
0 3 11 8 14 7 1
0 3 21 8 14 8 1
0 6 31 9 1 1 1
0 6 30 9 1 2 1
0 6 23 9 1 3 1
0 6 22 9 1 4 1
0 6 22 9 1 5 1
0 6 22 9 1 6 1
0 6 22 9 1 7 1
0 2 1 9 4 0 1
0 2 2 9 4 0 2
0 2 23 9 4 1 1
0 2 23 9 4 2 1
0 2 23 9 4 3 1
0 2 23 9 4 4 1
0 2 23 9 4 5 1
0 2 23 9 4 6 1
0 2 23 9 4 7 1
0 3 15 9 6 0 1
0 3 14 9 6 1 1
0 3 13 9 6 2 1
0 3 13 9 6 3 1
0 3 13 9 6 4 1
0 3 12 9 6 5 1
0 3 11 9 6 6 1
0 3 10 9 6 7 1
0 3 21 9 6 8 1
0 3 1 9 7 0 1
0 3 1 9 7 0 2
0 3 13 9 7 1 1
0 3 13 9 7 2 1
0 3 12 9 7 3 1
0 3 12 9 7 4 1
0 3 12 9 7 5 1
0 3 23 9 7 6 1
0 3 11 9 7 7 1
0 3 10 9 7 8 1
0 3 8 9 8 0 1
0 3 4 9 8 0 2
0 3 3 9 8 1 1
0 3 4 9 8 1 2
0 3 3 9 8 2 1
0 3 3 9 8 2 2
0 3 3 9 8 3 1
0 3 3 9 8 3 2
0 3 3 9 8 4 1
0 3 3 9 8 4 2
0 3 31 9 8 5 1
0 3 31 9 8 6 1
0 3 26 9 8 7 1
0 2 4 9 10 0 1
0 2 4 9 10 0 2
0 2 1 9 10 1 1
0 2 4 9 10 1 2
0 2 14 9 10 2 1
0 2 14 9 10 3 1
0 2 13 9 10 4 1
0 2 13 9 10 5 1
0 2 12 9 10 6 1
0 2 10 9 10 7 1
0 2 21 9 10 8 1
0 4 3 10 6 10 1
0 4 3 10 6 10 2
0 4 31 10 6 11 1
0 4 31 10 6 12 1
0 4 26 10 6 13 1
0 4 26 10 6 14 1
0 4 25 10 6 15 1
0 4 24 10 6 16 1
0 1 3 10 7 10 1
0 1 3 10 7 10 2
0 1 3 10 7 11 1
0 1 3 10 7 11 2
0 1 3 10 7 12 1
0 1 3 10 7 12 2
0 1 26 10 7 13 1
0 1 26 10 7 14 1
0 1 25 10 7 15 1
0 1 25 10 7 16 1
0 1 25 10 7 17 1
0 7 8 10 8 10 1
0 7 4 10 8 10 2
0 7 3 10 8 11 1
0 7 3 10 8 11 2
0 7 3 10 8 12 1
0 7 3 10 8 12 2
0 7 3 10 8 13 1
0 7 3 10 8 13 2
0 2 3 10 8 14 1
0 2 2 10 8 14 2
0 7 26 10 8 15 1
0 7 11 10 8 16 1
0 4 31 10 9 10 1
0 4 31 10 9 11 1
0 4 31 10 9 12 1
0 4 26 10 9 13 1
0 4 26 10 9 14 1
0 4 14 10 9 15 1
0 1 25 10 10 10 1
0 1 25 10 10 11 1
0 1 25 10 10 12 1
0 1 25 10 10 13 1
0 2 11 10 2 0 1
0 6 0 10 6 0 1
0 6 4 10 6 0 2
0 6 0 10 6 1 1
0 6 2 10 6 1 2
0 6 11 10 6 2 1
0 6 11 10 6 3 1
0 6 11 10 6 4 1
0 6 11 10 6 5 1
0 6 11 10 6 6 1
0 6 11 10 6 7 1
0 6 22 10 6 8 1
0 2 3 10 8 0 1
0 2 4 10 8 0 2
0 2 3 10 8 1 1
0 2 4 10 8 1 2
0 2 3 10 8 2 1
0 2 4 10 8 2 2
0 2 15 10 8 3 1
0 2 15 10 8 4 1
0 2 15 10 8 5 1
0 2 15 10 8 6 1
0 2 15 10 8 7 1
0 2 26 10 8 8 1
0 4 3 10 9 0 1
0 4 3 10 9 0 2
0 4 26 10 9 1 1
0 4 26 10 9 2 1
0 4 26 10 9 3 1
0 4 26 10 9 4 1
0 4 26 10 9 5 1
0 4 26 10 9 6 1
0 4 25 10 9 7 1
0 2 3 10 10 0 1
0 2 4 10 10 0 2
0 2 3 10 10 1 1
0 2 4 10 10 1 2
0 2 3 10 10 2 1
0 2 4 10 10 2 2
0 2 2 10 10 3 1
0 2 4 10 10 3 2
0 2 2 10 10 4 1
0 2 3 10 10 4 2
0 2 15 10 10 5 1
0 2 15 10 10 6 1
0 2 15 10 10 7 1
0 2 26 10 10 8 1
0 2 31 11 11 10 1
0 1 3 11 12 10 1
0 1 3 11 12 10 2
0 1 3 11 12 11 1
0 1 3 11 12 11 2
0 1 3 11 12 12 1
0 1 3 11 12 12 2
0 1 25 11 12 13 1
0 1 25 11 12 14 1
0 1 25 11 12 15 1
0 1 25 11 12 16 1
0 1 25 11 12 17 1
0 2 3 11 14 10 1
0 2 4 11 14 10 2
0 2 3 11 14 11 1
0 2 3 11 14 11 2
0 2 31 11 14 12 1
0 2 26 11 14 13 1
0 2 25 11 14 14 1
0 2 24 11 14 15 1
0 2 0 11 15 10 1
0 2 4 11 15 10 2
0 2 26 11 15 11 1
0 2 26 11 15 12 1
0 2 25 11 15 13 1
0 3 1 11 1 4 1
0 3 2 11 1 4 2
0 3 25 11 1 5 1
0 3 13 11 1 6 1
0 3 24 11 1 7 1
0 1 4 11 2 4 1
0 1 4 11 2 4 2
0 1 4 11 2 5 1
0 1 4 11 2 5 2
0 1 25 11 2 6 1
0 1 25 11 2 7 1
0 2 3 11 3 4 1
0 2 3 11 3 4 2
0 2 25 11 3 5 1
0 2 22 11 3 6 1
0 8 4 11 6 4 1
0 8 4 11 6 4 2
0 8 3 11 6 5 1
0 8 4 11 6 5 2
0 8 1 11 6 6 1
0 8 4 11 6 6 2
0 8 13 11 6 7 1
0 8 21 11 6 8 1
0 3 4 11 7 4 1
0 3 4 11 7 4 2
0 3 4 11 7 5 1
0 3 4 11 7 5 2
0 3 4 11 7 6 1
0 3 4 11 7 6 2
0 3 4 11 7 7 1
0 3 4 11 7 7 2
0 3 23 11 7 8 1
0 3 4 11 8 4 1
0 3 4 11 8 4 2
0 3 3 11 8 5 1
0 3 4 11 8 5 2
0 3 3 11 8 6 1
0 3 4 11 8 6 2
0 3 3 11 8 7 1
0 3 3 11 8 7 2
0 3 3 11 8 8 1
0 3 2 11 8 8 2
0 4 3 11 9 4 1
0 9 3 11 9 4 2
0 4 15 11 9 5 1
0 4 15 11 9 6 1
0 4 15 11 9 7 1
0 4 26 11 9 8 1
0 2 3 11 11 4 1
0 2 3 11 11 4 2
0 2 3 11 11 5 1
0 2 3 11 11 5 2
0 2 3 11 11 6 1
0 2 3 11 11 6 2
0 2 3 11 11 7 1
0 2 3 11 11 7 2
0 2 1 11 11 8 1
0 2 3 11 11 8 2
0 3 3 11 12 4 1
0 3 4 11 12 4 2
0 3 3 11 12 5 1
0 3 4 11 12 5 2
0 3 3 11 12 6 1
0 3 4 11 12 6 2
0 3 2 11 12 7 1
0 3 4 11 12 7 2
0 3 22 11 12 8 1
0 6 0 11 13 4 1
0 6 3 11 13 4 2
0 6 11 11 13 5 1
0 6 11 11 13 6 1
0 6 11 11 13 7 1
0 6 22 11 13 8 1
0 3 3 12 4 0 1
0 3 3 12 4 0 2
0 3 0 12 4 1 1
0 3 3 12 4 1 2
0 3 11 12 4 2 1
0 3 22 12 4 3 1
0 3 22 12 4 4 1
0 3 22 12 4 5 1
0 3 22 12 4 6 1
0 3 21 12 4 7 1
0 7 3 12 5 0 1
0 7 4 12 5 0 2
0 7 3 12 5 1 1
0 7 3 12 5 1 2
0 7 3 12 5 2 1
0 7 3 12 5 2 2
0 7 3 12 5 3 1
0 7 3 12 5 3 2
0 7 3 12 5 4 1
0 7 3 12 5 4 2
0 7 3 12 5 5 1
0 7 3 12 5 5 2
0 7 3 12 5 6 1
0 7 3 12 5 6 2
0 7 3 12 5 7 1
0 7 3 12 5 7 2
0 7 3 12 5 8 1
0 7 3 12 5 8 2
0 3 1 12 6 0 1
0 3 4 12 6 0 2
0 3 26 12 6 1 1
0 3 26 12 6 2 1
0 3 25 12 6 3 1
0 3 24 12 6 4 1
0 3 23 12 6 5 1
0 3 22 12 6 6 1
0 3 21 12 6 7 1
0 3 3 12 7 0 1
0 3 4 12 7 0 2
0 3 2 12 7 1 1
0 3 4 12 7 1 2
0 3 0 12 7 2 1
0 3 3 12 7 2 2
0 3 0 12 7 3 1
0 3 3 12 7 3 2
0 3 11 12 7 4 1
0 3 22 12 7 5 1
0 3 22 12 7 6 1
0 3 22 12 7 7 1
0 3 4 12 8 0 1
0 3 4 12 8 0 2
0 3 26 12 8 1 1
0 3 13 12 8 2 1
0 3 13 12 8 3 1
0 3 13 12 8 4 1
0 3 13 12 8 5 1
0 3 12 12 8 6 1
0 3 11 12 8 7 1
0 3 10 12 8 8 1
0 3 4 12 9 0 1
0 3 4 12 9 0 2
0 3 4 12 9 1 1
0 3 4 12 9 1 2
0 5 12 12 10 0 1
0 5 12 12 10 1 1
0 5 12 12 10 2 1
0 5 23 12 10 3 1
0 5 23 12 10 4 1
0 5 23 12 10 5 1
0 5 22 12 10 6 1
0 2 4 12 15 1 1
0 2 4 12 15 1 2
0 2 4 12 15 2 1
0 2 4 12 15 2 2
0 2 4 12 15 3 1
0 2 4 12 15 3 2
0 2 4 12 15 4 1
0 2 4 12 15 4 2
0 2 2 12 15 5 1
0 2 4 12 15 5 2
0 2 14 12 15 6 1
0 2 25 12 15 7 1
0 2 11 12 15 8 1
0 7 25 13 2 0 1
0 7 25 13 2 1 1
0 7 25 13 2 2 1
0 7 25 13 2 3 1
0 7 12 13 2 4 1
0 7 22 13 2 5 1
0 7 22 13 2 6 1
0 7 22 13 2 7 1
0 9 0 13 3 0 1
0 9 2 13 3 0 2
0 9 0 13 3 1 1
0 9 2 13 3 1 2
0 9 0 13 3 2 1
0 9 0 13 3 2 2
0 9 0 13 3 3 1
0 9 0 13 3 3 2
0 8 2 13 5 0 1
0 8 2 13 5 0 2
0 8 23 13 5 1 1
0 8 23 13 5 2 1
0 8 23 13 5 3 1
0 8 23 13 5 4 1
0 8 11 13 5 5 1
0 8 22 13 5 6 1
0 8 21 13 5 7 1
0 3 0 13 9 0 1
0 3 3 13 9 0 2
0 3 23 13 9 1 1
0 3 23 13 9 2 1
0 3 22 13 9 3 1
0 3 22 13 9 4 1
0 3 22 13 9 5 1
0 3 22 13 9 6 1
0 3 10 13 9 7 1
0 2 3 13 11 0 1
0 2 4 13 11 0 2
0 2 3 13 11 1 1
0 2 4 13 11 1 2
0 2 3 13 11 2 1
0 2 4 13 11 2 2
0 2 3 13 11 3 1
0 2 4 13 11 3 2
0 2 3 13 11 4 1
0 2 3 13 11 4 2
0 2 3 13 11 5 1
0 2 3 13 11 5 2
0 2 3 13 11 6 1
0 2 3 13 11 6 2
0 2 14 13 11 7 1
0 1 4 13 12 0 1
0 1 4 13 12 0 2
0 1 26 13 12 1 1
0 1 26 13 12 2 1
0 1 26 13 12 3 1
0 1 26 13 12 4 1
0 1 26 13 12 5 1
0 1 26 13 12 6 1
0 1 26 13 12 7 1
0 7 0 13 14 0 1
0 7 2 13 14 0 2
0 7 23 13 14 1 1
0 7 23 13 14 2 1
0 7 23 13 14 3 1
0 7 23 13 14 4 1
0 7 22 13 14 5 1
0 7 22 13 14 6 1
0 7 22 13 14 7 1
0 8 4 13 15 1 1
0 8 4 13 15 1 2
0 8 4 13 15 2 1
0 8 4 13 15 2 2
0 8 3 13 15 3 1
0 8 4 13 15 3 2
0 8 3 13 15 4 1
0 8 4 13 15 4 2
0 8 3 13 15 5 1
0 8 4 13 15 5 2
0 8 2 13 15 6 1
0 8 4 13 15 6 2
0 8 15 13 15 7 1
0 8 26 13 15 8 1
0 4 15 14 3 0 1
0 4 15 14 3 1 1
0 4 15 14 3 2 1
0 4 15 14 3 3 1
0 4 15 14 3 4 1
0 4 30 14 3 5 1
0 4 13 14 3 6 1
0 4 13 14 3 7 1
0 4 13 14 3 8 1
0 3 0 14 12 0 1
0 3 0 14 12 0 2
0 3 22 14 12 1 1
0 3 10 14 12 2 1
0 2 3 14 14 0 1
0 2 4 14 14 0 2
0 2 2 14 14 1 1
0 2 4 14 14 1 2
0 2 2 14 14 2 1
0 2 4 14 14 2 2
0 2 0 14 14 3 1
0 2 3 14 14 3 2
0 2 25 14 14 4 1
0 2 25 14 14 5 1
0 2 13 14 14 6 1
0 2 11 14 14 7 1
0 4 3 15 1 1 1
0 4 3 15 1 1 2
0 4 15 15 1 2 1
0 4 15 15 1 3 1
0 4 15 15 1 4 1
0 4 13 15 1 5 1
0 4 13 15 1 6 1
0 4 24 15 1 7 1
0 4 11 15 1 8 1
0 9 3 15 2 0 1
0 9 4 15 2 0 2
0 9 2 15 2 1 1
0 9 4 15 2 1 2
0 9 0 15 2 2 1
0 9 4 15 2 2 2
0 9 25 15 2 3 1
0 9 13 15 2 4 1
0 9 24 15 2 5 1
0 9 22 15 2 6 1
0 9 21 15 2 7 1
0 2 2 15 4 0 1
0 2 4 15 4 0 2
0 2 2 15 4 1 1
0 2 3 15 4 1 2
0 2 1 15 4 2 1
0 2 3 15 4 2 2
0 2 1 15 4 3 1
0 2 2 15 4 3 2
0 2 23 15 4 4 1
0 2 23 15 4 5 1
0 2 23 15 4 6 1
0 2 23 15 4 7 1
0 3 3 15 6 0 1
0 3 4 15 6 0 2
0 3 3 15 6 1 1
0 3 4 15 6 1 2
0 3 12 15 6 2 1
0 3 11 15 6 3 1
0 3 11 15 6 4 1
0 3 10 15 6 5 1
0 3 10 15 6 6 1
0 3 10 15 6 7 1
0 3 21 15 6 8 1
0 2 4 15 9 0 1
0 6 4 15 9 0 2
0 2 4 15 9 1 1
0 6 4 15 9 1 2
0 4 31 15 13 0 1
0 4 26 15 13 1 1
0 4 26 15 13 2 1
0 4 25 15 13 3 1
0 4 25 15 13 4 1
0 4 29 15 13 5 1
0 5 3 15 14 0 1
0 5 4 15 14 0 2
0 5 3 15 14 1 1
0 5 4 15 14 1 2
0 5 3 15 14 2 1
0 5 4 15 14 2 2
0 5 3 15 14 3 1
0 5 3 15 14 3 2
0 5 3 15 14 4 1
0 5 3 15 14 4 2
0 5 0 15 14 5 1
0 5 3 15 14 5 2
0 5 0 15 14 6 1
0 5 3 15 14 6 2
0 5 13 15 14 7 1
0 5 21 15 14 8 1
0 1 4 15 15 1 1
0 1 4 15 15 1 2
0 1 3 15 15 2 1
0 1 4 15 15 2 2
0 1 0 15 15 3 1
0 1 4 15 15 3 2
0 1 25 15 15 4 1
0 2 3 16 8 0 1
0 4 4 16 8 0 2
0 2 26 16 8 1 1
0 2 26 16 8 2 1
0 2 26 16 8 3 1
0 2 26 16 8 4 1
0 2 26 16 8 5 1
0 2 26 16 8 6 1
0 2 26 16 8 7 1
0 2 4 16 9 0 1
0 2 4 16 9 0 2
0 2 2 16 9 1 1
0 2 4 16 9 1 2
0 2 1 16 9 2 1
0 2 4 16 9 2 2
0 2 14 16 9 3 1
0 2 14 16 9 4 1
0 2 22 16 9 5 1
0 2 22 16 9 6 1
0 2 10 16 9 7 1
0 6 3 16 13 0 1
0 6 4 16 13 0 2
0 6 3 16 13 1 1
0 6 4 16 13 1 2
0 6 3 16 13 2 1
0 6 4 16 13 2 2
0 6 2 16 13 3 1
0 6 4 16 13 3 2
0 6 0 16 13 4 1
0 6 4 16 13 4 2
0 6 23 16 13 5 1
0 6 23 16 13 6 1
0 6 23 16 13 7 1
0 4 3 18 10 10 1
0 4 3 18 10 10 2
0 4 26 18 10 11 1
0 4 10 18 10 12 1
0 3 11 18 1 2 1
0 3 11 18 1 3 1
0 3 11 18 1 4 1
0 3 11 18 1 5 1
0 3 11 18 1 6 1
0 3 10 18 1 7 1
0 3 21 18 1 8 1
0 2 3 19 13 10 1
0 2 3 19 13 10 2
0 2 2 19 13 11 1
0 2 3 19 13 11 2
0 2 0 19 13 12 1
0 2 3 19 13 12 2
0 2 25 19 13 13 1
0 2 25 19 13 14 1
0 2 24 19 13 15 1
0 2 12 19 13 16 1
0 5 2 19 1 3 1
0 5 3 19 1 3 2
0 6 0 19 2 2 1
0 6 0 19 2 2 2
0 6 21 19 2 3 1
0 5 0 19 3 2 1
0 5 2 19 3 2 2
0 5 23 19 3 3 1
0 5 23 19 3 4 1
0 5 22 19 3 5 1
0 5 22 19 3 6 1
0 5 21 19 3 7 1
0 2 14 19 4 2 1
0 2 14 19 4 3 1
0 2 14 19 4 4 1
0 1 25 19 4 5 1
0 1 25 19 4 6 1
0 1 25 19 4 7 1
0 6 2 19 5 2 1
0 6 2 19 5 2 2
0 6 11 19 5 3 1
0 6 11 19 5 4 1
0 6 11 19 5 5 1
0 6 22 19 5 6 1
0 6 22 19 5 7 1
0 4 8 19 8 2 1
0 4 4 19 8 2 2
0 3 3 19 8 3 1
0 4 3 19 8 3 2
0 3 30 19 8 4 1
0 2 3 19 11 2 1
0 2 3 19 11 2 2
0 2 23 19 11 3 1
0 2 23 19 11 4 1
0 2 23 19 11 5 1
0 2 23 19 11 6 1
0 2 11 19 11 7 1
0 2 2 19 12 2 1
0 2 3 19 12 2 2
0 2 24 19 12 3 1
0 2 24 19 12 4 1
0 2 23 19 12 5 1
0 2 23 19 12 6 1
0 2 23 19 12 7 1
0 2 4 19 14 2 1
0 2 4 19 14 2 2
0 2 3 19 14 3 1
0 2 4 19 14 3 2
0 2 25 19 14 4 1
0 2 22 19 14 5 1
0 2 10 19 14 6 1
0 2 10 19 14 7 1
0 3 0 19 15 3 1
0 3 3 19 15 3 2
0 3 30 19 15 4 1
0 3 30 19 15 5 1
0 3 13 19 15 6 1
0 3 24 19 15 7 1
0 1 25 20 1 4 1
0 4 26 20 2 3 1
0 4 24 20 2 4 1
0 4 23 20 2 5 1
0 3 25 20 6 2 1
0 3 25 20 6 3 1
0 3 13 20 6 4 1
0 3 22 20 6 5 1
0 3 10 20 6 6 1
0 3 0 20 7 2 1
0 3 3 20 7 2 2
0 3 13 20 7 3 1
0 3 12 20 7 4 1
0 3 11 20 7 5 1
0 3 11 20 7 6 1
0 3 10 20 7 7 1
0 3 21 20 7 8 1
0 2 23 20 8 2 1
0 2 11 20 8 3 1
0 2 11 20 8 4 1
0 2 22 20 8 5 1
0 2 10 20 8 6 1
0 3 21 20 8 7 1
0 3 25 21 0 10 1
0 3 25 21 0 11 1
0 3 25 21 0 12 1
0 3 25 21 0 13 1
0 3 25 21 0 14 1
0 3 25 21 0 15 1
0 3 25 21 0 16 1
0 3 25 21 0 17 1
0 3 25 21 2 10 1
0 3 25 21 2 11 1
0 3 25 21 2 12 1
0 3 25 21 2 13 1
0 3 25 21 2 14 1
0 3 25 21 2 15 1
0 3 25 21 2 16 1
0 4 24 21 1 5 1
0 3 3 21 2 4 1
0 3 3 21 2 4 2
0 3 10 21 2 5 1
0 3 10 21 2 6 1
0 3 10 21 2 7 1
0 3 21 21 2 8 1
0 3 25 21 3 4 1
0 3 25 21 3 5 1
0 3 25 21 3 6 1
0 3 21 21 3 7 1
0 4 3 21 4 4 1
0 4 3 21 4 4 2
0 4 15 21 4 5 1
0 4 13 21 4 6 1
0 4 23 21 4 7 1
0 4 10 21 4 8 1
0 3 23 21 5 4 1
0 7 23 21 5 5 1
0 3 12 21 8 3 1
0 3 12 21 8 4 1
0 3 23 21 8 5 1
0 3 11 21 8 6 1
0 3 10 21 8 7 1
0 7 25 21 11 4 1
0 1 25 21 12 4 1
0 3 23 21 14 4 1
0 3 23 21 14 5 1
0 3 12 21 15 5 1
0 3 22 22 11 10 1
0 3 22 22 11 11 1
0 3 22 22 11 12 1
0 3 22 22 11 13 1
0 3 22 22 11 14 1
0 3 10 22 11 15 1
0 3 21 22 11 16 1
0 3 21 22 11 17 1
0 3 2 22 15 10 1
0 3 2 22 15 10 2
0 3 23 22 15 11 1
0 3 11 22 15 12 1
0 3 22 22 15 13 1
0 3 22 22 15 14 1
0 3 10 22 15 15 1
0 3 10 22 15 16 1
0 3 21 22 15 17 1
0 3 4 22 16 10 1
0 3 4 22 16 10 2
0 3 3 22 16 11 1
0 3 3 22 16 11 2
0 3 3 22 16 12 1
0 3 3 22 16 12 2
0 3 26 22 16 13 1
0 3 26 22 16 14 1
0 3 25 22 16 15 1
0 3 25 22 16 16 1
0 3 23 22 16 17 1
0 4 24 22 3 5 1
0 1 25 22 4 5 1
0 1 25 22 4 6 1
0 2 24 22 4 7 1
0 4 24 22 5 5 1
0 5 26 22 11 5 1
0 5 14 22 11 6 1
0 6 23 22 11 7 1
0 3 23 22 12 5 1
0 3 23 22 12 6 1
0 6 23 22 12 7 1
0 4 11 22 13 5 1
0 7 10 22 13 6 1
0 7 10 22 13 7 1
0 7 21 22 13 8 1
0 3 26 22 15 6 1
0 3 21 22 15 7 1
0 3 22 23 0 10 1
0 3 22 23 0 11 1
0 3 22 23 0 12 1
0 3 22 23 0 13 1
0 5 13 23 1 10 1
0 4 26 23 2 10 1
0 4 26 23 2 11 1
0 4 26 23 2 12 1
0 4 26 23 2 13 1
0 4 24 23 2 14 1
0 3 11 23 3 10 1
0 3 22 23 3 11 1
0 3 22 23 3 12 1
0 3 22 23 3 13 1
0 3 10 23 3 14 1
0 3 10 23 3 15 1
0 3 21 23 3 16 1
0 3 0 23 4 10 1
0 3 1 23 4 10 2
0 3 23 23 4 11 1
0 3 21 23 4 12 1
0 3 21 23 4 13 1
0 3 2 23 7 10 1
0 3 2 23 7 10 2
0 2 2 23 10 10 1
0 2 3 23 10 10 2
0 2 25 23 10 11 1
0 7 3 23 13 10 1
0 7 3 23 13 10 2
0 7 3 23 13 11 1
0 7 3 23 13 11 2
0 7 3 23 13 12 1
0 7 3 23 13 12 2
0 7 25 23 13 13 1
0 7 13 23 13 14 1
0 5 0 23 14 10 1
0 5 3 23 14 10 2
0 5 14 23 14 11 1
0 5 24 23 14 12 1
0 5 23 23 14 13 1
0 5 22 23 14 14 1
0 5 22 23 14 15 1
0 3 22 23 14 16 1
0 3 22 23 14 17 1
0 6 23 23 16 10 1
0 6 23 23 16 11 1
0 6 23 23 16 12 1
0 1 25
0 1 25
0 1 25
0 1 26
0 1 31
0 1 26
0 1 4
0 1 26
0 1 0
0 1 14
0 1 26
0 1 7
0 1 26
0 1 26
0 1 26
0 1 26
0 1 14
0 1 25
0 1 26
0 1 25
0 1 31
0 1 26
0 1 24
0 1 26
0 1 25
0 1 26
0 1 25
0 1 25
0 1 26
0 1 14
0 1 26
0 1 25
0 1 26
0 1 25
0 1 24
0 1 25
0 2 26
0 2 15
0 2 2
0 2 25
0 2 10
0 2 25
0 2 25
0 2 25
0 2 25
0 2 14
0 2 22
0 2 25
0 2 25
0 2 14
0 2 15
0 2 11
0 2 23
0 2 1
0 2 21
0 2 25
0 2 25
0 2 25
0 2 12
0 2 10
0 2 14
0 2 14
0 2 25
0 2 13
0 2 14
0 2 25
0 2 25
0 2 14
0 2 10
0 2 25
0 2 26
0 2 10
0 2 14
0 2 23
0 2 21
0 2 26
0 2 11
0 2 25
0 2 25
0 2 25
0 2 15
0 2 12
0 2 26
0 2 10
0 2 14
0 2 25
0 2 10
0 2 14
0 2 10
0 2 15
0 2 15
0 2 26
0 2 12
0 2 26
0 2 25
0 2 22
0 2 25
0 2 15
0 2 25
0 2 25
0 2 25
0 2 26
0 2 14
0 2 22
0 2 14
0 2 25
0 2 25
0 2 25
0 2 25
0 2 0
0 2 23
0 2 2
0 2 21
0 2 25
0 2 26
0 2 25
0 2 10
0 2 26
0 2 15
0 2 22
0 2 15
0 2 25
0 2 12
0 2 10
0 2 24
0 2 0
0 2 25
0 2 14
0 2 25
0 2 25
0 2 25
0 2 3
0 2 25
0 2 12
0 2 14
0 2 26
0 2 14
0 2 14
0 2 25
0 2 14
0 2 0
0 2 26
0 2 25
0 2 14
0 2 11
0 2 10
0 2 14
0 2 3
0 2 25
0 2 25
0 2 25
0 2 25
0 2 24
0 2 14
0 2 3
0 2 23
0 2 24
0 2 25
0 2 10
0 2 25
0 2 23
0 2 14
0 2 23
0 2 24
0 2 15
0 2 14
0 2 15
0 2 14
0 2 3
0 2 14
0 2 25
0 2 25
0 2 26
0 3 26
0 3 15
0 3 24
0 3 22
0 3 3
0 3 13
0 3 21
0 3 0
0 3 23
0 3 26
0 3 27
0 3 26
0 3 15
0 3 0
0 3 25
0 3 14
0 3 25
0 3 24
0 3 25
0 3 0
0 3 3
0 3 26
0 3 25
0 3 0
0 3 15
0 3 21
0 3 4
0 3 23
0 3 25
0 3 11
0 3 14
0 3 12
0 3 3
0 3 25
0 3 2
0 3 3
0 3 11
0 3 15
0 3 15
0 3 3
0 3 25
0 3 22
0 3 12
0 3 31
0 3 0
0 3 0
0 3 15
0 3 25
0 3 21
0 3 3
0 3 3
0 3 22
0 3 3
0 3 24
0 3 26
0 3 10
0 3 14
0 3 26
0 3 25
0 3 15
0 3 24
0 3 4
0 3 21
0 3 3
0 3 14
0 3 24
0 3 26
0 3 28
0 3 3
0 3 25
0 3 10
0 3 25
0 3 25
0 3 24
0 3 1
0 3 4
0 3 23
0 3 14
0 3 4
0 3 3
0 3 3
0 3 24
0 3 26
0 3 23
0 3 0
0 3 25
0 3 2
0 3 15
0 3 3
0 3 29
0 3 12
0 3 25
0 3 3
0 3 26
0 3 10
0 3 3
0 3 3
0 3 3
0 3 14
0 3 12
0 3 22
0 3 25
0 3 25
0 3 26
0 3 13
0 3 15
0 3 4
0 3 14
0 3 11
0 3 4
0 3 21
0 3 26
0 3 25
0 3 14
0 3 15
0 3 25
0 3 0
0 3 24
0 3 3
0 3 3
0 3 26
0 3 22
0 3 13
0 3 15
0 3 26
0 3 12
0 3 23
0 3 2
0 3 25
0 3 15
0 3 4
0 3 3
0 3 25
0 3 10
0 3 14
0 3 4
0 3 15
0 3 29
0 3 1
0 3 1
0 3 22
0 3 12
0 3 21
0 3 14
0 3 5
0 3 26
0 3 3
0 3 23
0 3 26
0 3 25
0 3 22
0 3 26
0 3 3
0 3 13
0 3 3
0 3 0
0 3 26
0 3 24
0 3 24
0 3 3
0 3 13
0 3 3
0 3 4
0 3 22
0 3 0
0 3 25
0 3 3
0 3 26
0 3 14
0 3 25
0 3 22
0 3 15
0 3 3
0 3 22
0 3 21
0 3 24
0 3 21
0 3 24
0 3 22
0 3 14
0 3 15
0 3 1
0 3 21
0 3 1
0 3 3
0 3 21
0 3 22
0 3 25
0 3 15
0 3 24
0 3 15
0 3 25
0 3 10
0 3 11
0 3 21
0 3 4
0 3 22
0 3 26
0 3 25
0 3 4
0 3 26
0 3 23
0 3 26
0 3 26
0 3 24
0 3 3
0 3 25
0 3 3
0 3 3
0 3 13
0 3 25
0 3 12
0 3 22
0 3 3
0 3 28
0 3 15
0 3 25
0 3 3
0 3 3
0 3 14
0 3 14
0 3 23
0 3 3
0 3 26
0 3 26
0 3 3
0 3 1
0 3 21
0 3 10
0 3 22
0 3 25
0 3 26
0 3 22
0 3 26
0 3 3
0 3 25
0 3 3
0 3 26
0 3 3
0 3 14
0 3 24
0 3 25
0 3 25
0 3 26
0 3 15
0 3 14
0 3 24
0 3 3
0 3 15
0 3 4
0 3 29
0 3 24
0 3 13
0 3 25
0 3 3
0 3 15
0 3 15
0 3 26
0 3 3
0 3 3
0 3 14
0 3 26
0 3 3
0 3 3
0 3 22
0 3 22
0 3 14
0 3 22
0 3 3
0 3 31
0 3 14
0 3 25
0 3 14
0 3 15
0 3 23
0 3 25
0 3 13
0 3 12
0 3 3
0 3 24
0 3 12
0 3 22
0 3 26
0 3 15
0 3 10
0 3 25
0 3 23
0 3 15
0 3 3
0 3 24
0 3 25
0 3 11
0 3 12
0 3 25
0 3 4
0 3 14
0 3 3
0 3 22
0 3 14
0 3 11
0 3 13
0 3 22
0 3 15
0 3 26
0 3 2
0 3 22
0 3 26
0 3 3
0 3 25
0 3 23
0 3 0
0 3 3
0 3 21
0 3 25
0 3 26
0 3 24
0 3 23
0 3 21
0 3 12
0 3 14
0 3 10
0 3 3
0 3 26
0 3 12
0 3 21
0 3 26
0 3 4
0 3 22
0 3 4
0 3 3
0 3 26
0 3 23
0 3 24
0 3 26
0 3 3
0 3 24
0 3 15
0 3 1
0 3 26
0 3 24
0 3 3
0 3 11
0 3 3
0 3 26
0 3 22
0 3 24
0 3 22
0 3 14
0 3 3
0 3 10
0 3 4
0 3 15
0 3 25
0 3 4
0 3 25
0 3 25
0 3 22
0 3 3
0 3 15
0 3 15
0 3 3
0 3 24
0 3 14
0 3 25
0 3 3
0 3 23
0 3 26
0 3 3
0 3 13
0 3 25
0 3 22
0 3 3
0 3 3
0 3 24
0 3 26
0 3 13
0 3 25
0 3 25
0 3 11
0 3 3
0 3 3
0 3 25
0 3 3
0 3 25
0 3 14
0 3 26
0 3 10
0 3 25
0 3 4
0 3 14
0 3 26
0 3 22
0 3 13
0 3 3
0 3 25
0 3 0
0 3 3
0 3 23
0 3 14
0 3 12
0 3 26
0 3 14
0 3 25
0 3 3
0 3 26
0 3 13
0 3 22
0 3 26
0 3 25
0 3 14
0 3 13
0 3 26
0 3 25
0 3 25
0 3 22
0 3 12
0 3 3
0 3 3
0 3 3
0 3 25
0 3 15
0 3 4
0 3 24
0 3 26
0 3 3
0 3 26
0 3 3
0 3 3
0 3 4
0 3 22
0 3 2
0 3 25
0 3 1
0 3 28
0 3 24
0 3 4
0 3 22
0 3 4
0 3 15
0 3 26
0 3 15
0 3 26
0 3 22
0 3 23
0 3 23
0 3 0
0 3 3
0 3 22
0 3 3
0 3 3
0 3 21
0 3 26
0 3 13
0 3 11
0 3 26
0 3 27
0 3 25
0 3 15
0 3 24
0 3 15
0 3 14
0 3 15
0 3 15
0 3 26
0 3 3
0 3 24
0 3 14
0 3 1
0 3 3
0 3 10
0 3 14
0 3 25
0 3 23
0 3 0
0 3 13
0 3 15
0 3 12
0 3 3
0 3 14
0 3 2
0 3 25
0 3 25
0 3 31
0 3 13
0 3 3
0 3 21
0 3 3
0 4 31
0 4 31
0 4 31
0 4 4
0 4 31
0 4 31
0 4 31
0 4 31
0 4 25
0 4 31
0 4 25
0 4 31
0 4 31
0 4 31
0 4 3
0 4 25
0 4 4
0 4 26
0 4 31
0 4 25
0 4 3
0 4 26
0 4 25
0 4 31
0 4 31
0 4 3
0 4 3
0 4 31
0 4 4
0 4 3
0 4 31
0 4 31
0 4 31
0 4 31
0 4 31
0 4 31
0 4 4
0 4 25
0 4 31
0 4 3
0 4 31
0 4 25
0 4 26
0 4 21
0 4 31
0 4 31
0 4 31
0 4 4
0 4 31
0 4 0
0 4 12
0 4 31
0 4 31
0 4 30
0 4 3
0 4 27
0 4 31
0 4 31
0 4 22
0 4 3
0 4 3
0 4 31
0 4 25
0 4 3
0 5 2
0 5 2
0 5 2
0 5 2
0 5 2
0 5 2
0 5 2
0 5 2
0 6 26
0 6 3
0 6 25
0 6 3
0 6 24
0 6 15
0 6 3
0 6 3
0 6 22
0 6 3
0 6 15
0 6 14
0 6 3
0 6 3
0 6 3
0 6 3
0 6 3
0 6 31
0 6 3
0 6 3
0 6 3
0 6 4
0 6 2
0 6 3
0 6 3
0 6 3
0 6 14
0 6 0
0 6 3
0 6 26
0 6 3
0 6 3
0 6 26
0 6 3
0 6 3
0 6 3
0 6 3
0 6 24
0 6 3
0 6 25
0 6 15
0 6 31
0 6 3
0 6 15
0 6 15
0 6 4
0 6 3
0 6 25
0 6 25
0 6 3
0 6 31
0 6 24
0 6 3
0 6 15
0 6 2
0 6 3
0 6 3
0 6 4
0 6 3
0 6 22
0 6 15
0 6 25
0 6 31
0 6 3
0 7 25
0 7 25
0 7 13
0 7 14
0 7 30
0 7 21
0 7 30
0 7 24
0 7 14
0 7 14
0 7 14
0 7 22
0 7 25
0 7 25
0 7 23
0 7 25
0 7 25
0 7 21
0 7 25
0 7 25
0 7 14
0 7 14
0 7 30
0 7 30
0 7 31
0 7 21
0 7 25
0 7 25
0 7 11
0 7 3
0 7 15
0 7 21
0 7 24
0 7 25
0 7 0
0 7 21
0 7 24
0 7 14
0 7 13
0 7 25
0 7 14
0 7 25
0 7 3
0 7 14
0 7 23
0 7 14
0 7 14
0 7 30
0 7 22
0 7 31
0 7 25
0 7 12
0 7 23
0 7 10
0 7 13
0 7 14
0 7 13
0 7 14
0 7 25
0 7 14
0 7 24
0 7 23
0 7 14
0 7 21
0 7 30
0 7 24
0 7 21
0 7 25
0 7 2
0 7 12
0 7 31
0 7 14
0 7 25
0 7 14
0 7 31
0 7 14
0 7 10
0 7 25
0 7 14
0 7 13
0 7 14
0 7 28
0 7 10
0 7 14
0 7 23
0 7 27
0 7 25
0 7 31
0 7 25
0 7 25
0 7 25
0 7 21
0 7 21
0 7 22
0 7 25
0 7 14
0 7 22
0 7 22
0 7 22
0 7 25
0 7 24
0 7 25
0 7 25
0 7 14
0 7 0
0 7 3
0 7 14
0 7 14
0 7 25
0 7 22
0 7 30
0 7 14
0 7 25
0 7 22
0 7 23
0 7 26
0 7 31
0 7 12
0 7 21
0 7 25
0 7 22
0 7 25
0 7 25
0 7 14
0 7 13
0 7 25
0 7 10
0 7 26
0 7 30
0 7 30
0 7 14
0 7 25
0 7 14
0 7 25
0 7 30
0 7 27
0 7 25
0 7 21
0 7 21
0 7 14
0 7 14
0 7 25
0 7 31
0 7 21
0 7 25
0 7 21
0 7 25
0 7 31
0 7 0
0 7 12
0 7 25
0 7 14
0 7 25
0 7 12
0 7 25
0 7 3
0 7 14
0 7 25
0 7 31
0 7 25
0 7 14
0 7 26
0 7 14
0 7 14
0 7 26
0 7 25
0 7 22
0 7 25
0 8 14
0 8 3
0 8 15
0 8 13
0 8 25
0 8 24
0 8 3
0 8 3
0 8 23
0 8 14
0 8 26
0 8 13
0 8 25
0 8 26
0 8 4
0 8 24
0 8 25
0 8 13
0 8 13
0 8 26
0 8 26
0 8 1
0 8 24
0 8 14
0 8 4
0 8 14
0 8 4
0 8 28
0 8 24
0 8 26
0 8 12
0 8 24
0 8 4
0 8 14
0 8 14
0 8 0
0 8 3
0 8 25
0 8 14
0 8 31
0 8 25
0 8 4
0 8 24
0 8 25
0 8 22
0 8 4
0 8 0
0 8 26
0 8 24
0 8 24
0 8 25
0 8 24
0 8 24
0 8 24
0 8 25
0 8 14
0 8 0
0 8 25
0 8 14
0 8 4
0 8 0
0 8 4
0 8 31
0 8 26
0 8 14
0 8 26
0 8 21
0 8 3
0 8 25
0 8 12
0 8 25
0 8 14
0 8 3
0 8 26
0 8 24
0 8 25
0 8 24
0 8 25
0 8 25
0 8 25
0 8 14
0 8 4
0 8 14
0 8 25
0 8 24
0 8 4
0 8 13
0 8 24
0 8 14
0 8 25
0 8 25
0 8 26
0 8 3
0 8 4
0 8 26
0 8 0
0 8 13
0 8 3
0 8 26
0 8 26
0 8 0
0 8 25
0 8 14
0 8 14
0 8 26
0 8 25
0 8 4
0 8 14
0 8 3
0 8 28
0 8 25
0 8 26
0 8 14
0 8 26
0 8 25
0 8 3
0 8 24
0 8 14
0 8 13
0 8 4
0 8 25
0 8 3
0 8 11
0 8 13
0 8 11
0 8 14
0 8 14
0 8 31
0 8 25
0 8 31
0 8 26
0 8 25
0 8 4
0 8 13
0 8 0
0 8 24
0 8 31
0 8 28
0 8 26
0 8 11
0 8 13
0 8 26
0 8 24
0 8 4
0 8 28
0 8 13
0 8 14
0 8 25
0 8 3
0 8 13
0 8 24
0 8 14
0 8 14
0 8 14
0 8 25
0 8 31
0 8 26
0 8 14
0 8 14
0 8 3
0 8 11
0 8 24
0 8 24
0 8 25
0 8 31
0 8 25
0 8 11
0 8 4
0 8 31
0 8 14
0 8 11
0 8 26
0 8 26
0 8 24
0 8 3
0 8 3
0 8 25
0 8 25
0 8 24
0 8 4
0 8 13
0 8 22
0 8 31
0 8 4
0 8 24
0 8 25
0 8 25
0 8 14
0 8 31
0 8 3
0 8 3
0 8 26
0 8 14
0 8 4
0 8 3
0 8 3
0 8 25
0 8 24
0 8 24
0 8 31
0 8 3
0 9 21
0 9 12
0 9 30
0 9 3
0 9 25
0 9 25
0 9 15
0 9 26
0 9 4
0 9 24
0 9 3
0 9 3
0 9 3
0 9 3
0 9 22
0 9 13
0 9 25
0 9 10
0 9 4
0 9 25
0 9 3
0 9 15
0 9 26
0 9 26
0 9 13
0 9 26
0 9 25
0 9 26
0 9 24
0 9 25
0 9 21
0 9 10
0 9 25
0 9 25
0 9 14
0 9 3
0 9 1
0 9 1
0 9 26
0 9 14
0 9 11
0 9 24
0 9 14
0 9 3
0 9 3
0 9 26
0 9 25
0 9 12
0 9 4
0 9 25
0 9 3
0 9 3
0 9 12
0 9 26
0 9 21
0 9 10
0 9 25
0 9 26
0 9 0
0 9 12
0 9 10
0 10 26
0 10 24
0 10 26
0 10 26
0 10 25
0 10 25
0 10 25
0 10 31
0 10 25
0 10 26
0 10 25
0 10 25
0 10 25
0 10 25
0 10 25
0 10 25
0 10 25
0 10 26
0 10 25
0 10 25
0 10 25
0 10 25
0 10 25
0 10 25
0 10 25
0 10 25
0 10 25
0 10 25
0 10 25
0 10 25
0 10 24
0 10 25
0 10 31
0 10 25
0 10 3
0 10 25
0 10 25
0 10 25
0 10 26
0 10 25
0 10 25
0 10 25
0 10 25
0 10 25
0 11 24
0 11 22
0 11 4
0 11 30
0 11 22
0 11 21
0 11 12
0 11 26
0 11 2
0 11 26
0 11 22
0 11 13
0 11 14
0 11 31
0 11 25
0 11 23
0 11 22
0 11 14
0 11 22
0 11 2
0 11 3
0 11 23
0 11 25
0 11 26
0 11 25
0 11 4
0 11 25
0 11 25
0 11 25
0 11 8
0 11 3
0 11 14
0 11 4
0 11 12
0 11 23
0 11 21
0 11 25
0 11 26
0 11 0
0 11 3
0 11 0
0 11 31
0 11 24
0 11 13
0 11 26
0 11 11
0 11 12
0 11 10
0 11 25
0 11 23
0 11 15
0 11 10
0 11 30
0 11 14
0 11 4
0 11 11
0 11 4
0 11 25
0 11 25
0 11 11
0 11 31
0 11 10
0 11 4
0 11 3
0 11 25
0 11 14
0 11 14
0 11 4
0 11 22
0 11 26
0 11 30
0 11 26
0 11 23
0 11 30
0 11 26
0 11 14
0 11 0
0 11 14
0 11 23
0 11 8
0 11 26
0 11 25
0 11 26
0 11 4
0 11 4
0 11 25
0 11 26
0 11 24
0 11 22
0 11 14
0 11 22
0 11 13
0 11 23
0 11 10
0 11 26
0 11 22
0 11 0
0 11 26
0 11 21
0 11 26
0 11 0
0 11 26
0 11 25
0 11 14
0 11 11
0 11 26
0 11 3
0 11 10
0 11 11
0 11 10
0 11 3
0 11 31
0 11 22
0 11 14
0 11 12
0 11 15
0 11 22
0 11 27
0 11 15
0 11 12
0 11 4
0 11 26
0 11 28
0 11 25
0 11 1
0 11 4
0 11 12
0 11 22
0 11 0
0 11 1
0 11 24
0 11 4
0 11 24
0 11 15
0 11 15
0 11 25
0 11 4
0 11 3
0 11 31
0 11 4
0 11 4
0 11 26
0 11 24
0 11 2
0 11 11
0 11 4
0 11 3
0 11 21
0 11 25
0 11 4
0 11 23
0 11 11
0 11 11
0 11 11
0 11 25
0 11 11
0 11 3
0 11 0
0 11 26
0 11 25
0 11 11
0 11 30
0 11 12
0 11 10
0 11 26
0 11 24
0 11 26
0 11 0
0 11 26
0 11 25
0 11 26
0 11 3
0 11 26
0 11 22
0 11 21
0 11 0
0 11 4
0 11 22
0 11 31
0 11 25
0 11 25
0 11 12
0 11 15
0 11 11
0 11 15
0 11 3
0 11 15
0 11 21
0 11 25
0 11 25
0 11 15
0 11 23
0 11 15
0 11 24
0 11 21
0 11 11
0 11 22
0 11 31
0 11 15
0 11 25
0 11 10
0 11 26
0 11 10
0 11 4
0 11 25
0 11 21
0 11 26
0 11 0
0 11 25
0 11 3
0 11 26
0 11 15
0 11 4
0 11 23
0 11 26
0 11 24
0 11 10
0 11 21
0 11 25
0 11 15
0 11 26
0 11 4
0 11 26
0 11 22
0 11 21
0 11 22
0 11 23
0 11 4
0 11 25
0 11 15
0 11 0
0 11 3
0 11 31
0 11 11
0 11 14
0 11 26
0 11 13
0 11 14
0 11 25
0 11 14
0 11 4
0 11 2
0 11 24
0 11 23
0 11 15
0 11 25
0 11 25
0 11 11
0 11 26
0 11 25
0 11 25
0 11 14
0 11 31
0 11 23
0 11 0
0 11 22
0 11 13
0 11 22
0 11 13
0 11 0
0 11 25
0 11 15
0 11 0
0 11 15
0 11 15
0 11 25
0 11 22
0 11 15
0 11 22
0 11 13
0 11 26
0 11 14
0 11 26
0 11 3
0 11 0
0 11 26
0 11 3
0 11 23
0 11 25
0 11 26
0 11 31
0 11 14
0 11 11
0 11 22
0 11 3
0 11 10
0 11 8
0 11 21
0 11 14
0 11 25
0 11 25
0 11 15
0 11 22
0 11 25
0 11 25
0 11 26
0 11 26
0 11 26
0 11 21
0 11 22
0 11 22
0 11 0
0 11 15
0 11 28
0 11 26
0 11 21
0 11 3
0 11 30
0 11 25
0 11 22
0 11 3
0 11 14
0 11 14
0 11 4
0 11 3
0 11 30
0 11 15
0 11 24
0 11 10
0 11 21
0 11 14
0 11 26
0 11 3
0 11 25
0 11 11
0 11 4
0 11 26
0 11 11
0 11 23
0 11 12
0 11 15
0 11 2
0 11 25
0 11 25
0 11 31
0 11 14
0 11 26
0 11 31
0 11 26
0 11 26
0 11 0
0 11 14
0 11 25
0 11 25
0 11 11
0 11 21
0 11 4
0 11 21
0 11 13
0 11 31
0 11 23
0 11 25
0 11 26
0 11 25
0 11 15
0 11 26
0 11 22
0 11 23
0 11 25
0 11 12
0 11 25
0 11 15
0 11 26
0 11 3
0 11 25
0 11 12
0 11 11
0 11 25
0 11 0
0 11 21
0 11 3
0 11 15
0 11 21
0 11 14
0 11 2
0 11 15
0 11 24
0 11 15
0 11 15
0 11 3
0 12 23
0 12 25
0 12 3
0 12 15
0 12 25
0 12 12
0 12 3
0 12 25
0 12 26
0 12 26
0 12 26
0 12 4
0 12 13
0 12 14
0 12 25
0 12 31
0 12 26
0 12 25
0 12 14
0 12 22
0 12 3
0 12 22
0 12 25
0 12 25
0 12 2
0 12 26
0 12 25
0 12 3
0 12 14
0 12 25
0 12 25
0 12 30
0 12 25
0 12 24
0 12 31
0 12 25
0 12 31
0 12 25
0 12 30
0 12 21
0 12 23
0 12 25
0 12 25
0 12 25
0 12 25
0 12 25
0 12 25
0 12 25
0 12 26
0 12 13
0 12 27
0 12 14
0 12 14
0 12 23
0 12 4
0 12 26
0 12 14
0 12 26
0 12 25
0 12 14
0 12 25
0 12 30
0 12 31
0 12 26
0 12 26
0 12 30
0 12 25
0 12 26
0 12 25
0 12 25
0 12 24
0 12 25
0 12 3
0 12 21
0 12 25
0 12 15
0 12 24
0 12 25
0 12 31
0 12 22
0 12 3
0 12 25
0 12 4
0 12 25
0 12 23
0 12 13
0 12 23
0 12 26
0 12 10
0 12 31
0 12 21
0 12 15
0 12 13
0 12 26
0 12 22
0 12 14
0 12 15
0 12 24
0 12 15
0 12 26
0 12 25
0 12 21
0 12 3
0 12 3
0 12 14
0 12 25
0 12 27
0 12 27
0 12 14
0 12 26
0 12 26
0 12 22
0 12 25
0 12 14
0 12 25
0 12 26
0 12 25
0 12 22
0 12 11
0 12 25
0 12 22
0 12 23
0 12 22
0 12 15
0 12 30
0 12 4
0 12 10
0 12 31
0 12 15
0 12 31
0 12 25
0 12 25
0 12 26
0 12 12
0 12 26
0 12 14
0 12 30
0 12 25
0 12 14
0 12 26
0 12 14
0 12 14
0 12 31
0 12 2
0 12 25
0 12 25
0 12 23
0 12 25
0 12 25
0 12 22
0 12 25
0 12 14
0 12 3
0 12 25
0 12 26
0 12 25
0 12 14
0 12 26
0 12 26
0 12 25
0 12 26
0 12 24
0 12 14
0 12 25
0 12 11
0 12 15
0 12 25
0 12 31
0 12 25
0 12 4
0 12 21
0 12 13
0 12 31
0 12 4
0 12 26
0 12 26
0 12 29
0 12 14
0 12 0
0 12 11
0 12 2
0 12 25
0 12 25
0 12 31
0 12 14
0 12 26
0 12 3
0 12 23
0 12 31
0 12 24
0 12 25
0 12 21
0 12 31
0 12 3
0 12 10
0 12 25
0 12 25
0 12 14
0 12 3
0 12 24
0 12 2
0 12 22
0 12 11
0 12 25
0 12 24
0 12 25
0 12 25
0 12 25
0 12 26
0 12 29
0 12 15
0 12 30
0 12 25
0 12 31
0 12 25
0 12 14
0 12 26
0 12 13
0 12 31
0 12 31
0 12 10
0 12 25
0 12 23
0 12 25
0 12 14
0 12 23
0 12 26
0 12 31
0 12 25
0 12 25
0 12 3
0 12 25
0 12 25
0 12 26
0 12 25
0 12 14
0 12 15
0 12 0
0 12 23
0 12 14
0 12 15
0 12 25
0 12 26
0 12 21
0 12 14
0 12 25
0 12 3
0 12 23
0 12 26
0 12 15
0 12 21
0 12 25
0 12 26
0 12 3
0 12 4
0 12 26
0 12 11
0 12 25
0 12 3
0 12 3
0 12 25
0 12 25
0 12 3
0 12 25
0 12 31
0 12 15
0 12 22
0 12 22
0 12 2
0 12 23
0 12 3
0 12 25
0 12 25
0 12 24
0 12 25
0 12 25
0 12 0
0 12 25
0 12 29
0 12 26
0 12 23
0 12 25
0 12 0
0 12 3
0 12 14
0 12 3
0 12 3
0 12 11
0 12 15
0 12 15
0 12 11
0 12 31
0 12 23
0 12 14
0 12 14
0 12 25
0 12 25
0 12 25
0 12 21
0 12 31
0 12 14
0 12 25
0 12 14
0 12 25
0 12 23
0 12 11
0 12 26
0 12 25
0 12 25
0 12 4
0 12 21
0 12 31
0 12 14
0 12 15
0 12 31
0 12 25
0 12 25
0 12 25
0 12 25
0 12 14
0 12 31
0 12 4
0 12 24
0 12 31
0 12 25
0 12 2
0 12 26
0 12 25
0 12 23
0 12 15
0 12 14
0 12 26
0 12 11
0 12 25
0 12 31
0 12 25
0 12 31
0 12 14
0 12 14
0 12 7
0 12 3
0 12 15
0 12 26
0 12 25
0 12 31
0 12 25
0 12 25
0 12 31
0 12 14
0 12 3
0 12 25
0 12 14
0 12 3
0 12 21
0 12 10
0 12 22
0 12 14
0 12 11
0 12 24
0 12 3
0 12 12
0 12 2
0 12 25
0 12 11
0 12 25
0 12 25
0 12 15
0 12 15
0 12 3
0 12 3
0 12 15
0 12 13
0 12 14
0 12 14
0 12 24
0 12 3
0 12 25
0 12 31
0 12 29
0 12 26
0 12 14
0 12 26
0 12 25
0 12 15
0 12 14
0 12 25
0 12 26
0 12 25
0 12 0
0 12 3
0 12 27
0 12 25
0 12 0
0 12 23
0 12 24
0 12 31
0 12 25
0 12 3
0 12 14
0 12 6
0 12 25
0 12 15
0 12 25
0 12 10
0 12 25
0 12 15
0 12 10
0 12 25
0 12 14
0 12 31
0 12 31
0 12 24
0 12 26
0 12 26
0 12 15
0 12 3
0 12 22
0 12 25
0 12 25
0 12 14
0 12 21
0 12 14
0 12 22
0 12 25
0 12 26
0 12 25
0 12 25
0 12 21
0 12 31
0 12 22
0 12 25
0 12 13
0 12 14
0 12 24
0 12 31
0 12 25
0 12 25
0 12 24
0 12 14
0 12 26
0 12 15
0 12 12
0 12 31
0 12 31
0 12 23
0 12 25
0 12 25
0 12 10
0 12 26
0 12 31
0 12 24
0 12 25
0 12 3
0 12 13
0 12 14
0 12 10
0 12 31
0 12 31
0 12 25
0 12 1
0 12 25
0 12 22
0 12 3
0 12 31
0 12 26
0 12 31
0 12 15
0 12 29
0 12 31
0 12 25
0 12 14
0 12 21
0 12 31
0 12 3
0 12 14
0 12 26
0 12 26
0 12 10
0 12 23
0 12 31
0 12 21
0 12 15
0 12 21
0 12 24
0 12 25
0 12 11
0 12 26
0 12 25
0 12 21
0 12 15
0 12 4
0 12 31
0 12 25
0 12 31
0 12 3
0 12 25
0 12 25
0 12 3
0 12 25
0 12 15
0 12 14
0 12 14
0 12 26
0 12 25
0 12 25
0 12 13
0 12 3
0 12 14
0 12 24
0 12 25
0 12 22
0 12 29
0 12 29
0 12 31
0 12 23
0 12 26
0 12 2
0 12 14
0 12 25
0 12 25
0 12 25
0 12 24
0 12 24
0 12 22
0 12 14
0 12 3
0 12 25
0 12 26
0 12 13
0 4 14
0 4 14
0 4 26
0 4 26
0 4 26
0 9 25
0 9 25
0 9 25
0 9 26
0 9 3
0 9 4
0 9 3
0 9 3
0 2 25
0 2 25
0 2 25
0 2 25
0 2 26
0 2 3
0 2 3
0 4 26
0 4 26
0 4 26
0 4 15
0 4 15
0 7 22
0 7 22
0 7 23
0 7 3
0 7 3
0 7 3
0 7 3
0 7 3
0 7 3
0 7 22
0 7 22
0 7 3
0 7 3
0 7 2
0 7 3
0 2 24
0 2 25
0 2 4
0 2 0
0 2 23
0 2 26
0 2 26
0 2 26
0 2 3
0 2 4
0 2 2
0 2 4
0 3 23
0 3 25
0 3 25
0 3 3
0 3 3
0 3 4
0 3 3
0 3 3
0 3 4
0 2 25
0 2 26
0 2 15
0 2 15
0 2 4
0 2 3
0 7 24
0 7 25
0 7 25
0 7 25
0 6 10
0 6 22
0 6 11
0 6 3
0 6 4
0 6 4
0 6 1
0 6 3
0 6 3
0 6 24
0 6 25
0 6 25
0 6 25
0 6 4
0 6 4
0 6 4
0 6 4
0 4 26
0 5 23
0 5 3
0 5 3
0 5 3
0 5 4
0 5 3
0 5 3
0 5 3
0 5 3
0 4 25
0 4 25
0 4 25
0 4 25
0 4 26
0 4 3
0 4 3
0 6 22
0 3 23
0 3 24
0 3 2
0 3 3
0 3 3
0 3 4
0 3 2
0 3 3
0 3 3
0 3 4
0 6 10
0 6 0
0 6 1
0 6 4
0 6 4
0 6 4
0 6 0
0 6 3
0 6 3
0 6 3
0 6 4
0 2 25
0 2 25
0 2 25
0 2 1
0 2 4
0 2 4
0 2 3
0 2 3
0 2 3
0 7 25
0 7 26
0 7 15
0 7 15
0 7 3
0 8 3
0 7 2
0 7 3
0 7 21
0 7 10
0 9 25
0 9 25
0 9 25
0 9 26
0 9 3
0 9 3
0 9 3
0 9 3
0 9 3
0 9 3
0 9 24
0 9 24
0 2 24
0 3 12
0 3 24
0 3 24
0 3 25
0 3 25
0 3 4
0 3 4
0 3 1
0 3 2
0 3 4
0 6 10
0 6 10
0 6 23
0 6 23
0 6 24
0 6 3
0 6 4
0 6 0
0 6 3
0 7 24
0 7 13
0 7 25
0 7 25
0 7 25
0 7 26
0 7 26
0 9 25
0 9 25
0 9 25
0 9 25
0 9 26
0 9 26
0 9 3
0 9 7
0 4 25
0 4 25
0 4 25
0 4 25
0 4 3
0 4 3
0 4 3
0 4 3
0 4 3
0 4 8
0 5 24
0 5 24
0 5 25
0 9 2
0 5 3
0 5 3
0 5 4
0 5 1
0 5 3
0 5 3
0 5 4
0 7 10
0 7 14
0 7 26
0 7 26
0 7 26
0 7 3
0 7 3
0 7 4
0 7 3
0 7 3
0 7 4
0 7 22
0 7 22
0 7 22
0 7 25
0 7 25
0 7 14
0 7 30
0 7 30
0 7 22
0 7 22
0 7 25
0 7 31
0 7 31
0 7 31
0 7 21
0 7 14
0 7 26
0 7 26
0 7 15
0 7 31
0 7 31
0 7 3
0 7 3
0 6 23
0 6 12
0 6 24
0 6 24
0 6 25
0 6 4
0 8 4
0 8 4
0 6 3
0 6 3
0 6 4
0 4 25
0 4 25
0 4 26
0 4 26
0 4 26
0 4 31
0 4 4
0 4 4
0 4 3
0 4 4
0 4 26
0 4 26
0 4 26
0 4 26
0 4 31
0 4 31
0 4 4
0 4 1
0 8 22
0 8 23
0 8 26
0 8 3
0 8 3
0 8 4
0 8 4
0 8 1
0 8 3
0 8 3
0 8 3
0 3 24
0 3 13
0 3 25
0 3 25
0 3 25
0 3 25
0 3 30
0 3 3
0 3 3
0 9 24
0 9 25
0 9 25
0 9 14
0 9 14
0 9 30
0 9 15
0 9 3
0 9 7
0 2 25
0 2 25
0 2 14
0 2 26
0 2 26
0 2 3
0 2 3
0 2 3
0 2 3
0 2 3
0 2 3
0 6 24
0 3 10
0 3 24
0 3 25
0 3 26
0 3 2
0 3 3
0 3 4
0 3 4
0 3 2
0 3 3
0 3 4
0 3 4
0 6 24
0 6 24
0 6 24
0 6 24
0 6 1
0 6 4
0 6 4
0 6 4
0 6 2
0 6 3
0 6 3
0 6 3
0 9 25
0 9 25
0 9 25
0 9 14
0 9 30
0 9 4
0 9 4
0 9 0
0 9 4
0 6 24
0 6 24
0 6 24
0 6 25
0 6 3
0 6 3
0 6 3
0 6 4
0 6 3
0 6 3
0 6 3
0 6 4
0 2 25
0 2 25
0 2 25
0 2 3
0 2 3
0 2 2
0 2 3
0 6 23
0 6 23
0 6 12
0 6 24
0 6 13
0 6 30
0 6 4
0 6 4
0 6 1
0 6 3
0 6 23
0 6 23
0 8 23
0 8 24
0 8 24
0 8 24
0 8 24
0 8 24
0 8 2
0 8 3
0 8 7
0 8 7
0 2 3
0 3 24
0 3 24
0 3 26
0 3 26
0 3 26
0 3 15
0 3 3
0 3 4
0 3 3
0 3 3
0 7 25
0 7 25
0 7 25
0 7 25
0 7 14
0 7 3
0 7 3
0 7 3
0 7 0
0 7 3
0 7 3
0 3 25
0 6 26
0 6 4
0 3 3
0 2 21
0 9 21
0 2 11
0 9 22
0 9 23
0 9 13
0 9 3
0 9 3
0 9 2
0 9 2
0 7 22
0 7 25
0 7 25
0 7 25
0 7 26
0 7 26
0 7 26
0 7 4
0 7 4
0 7 22
0 7 25
0 7 26
0 7 26
0 7 26
0 7 26
0 7 3
0 7 4
0 7 3
0 7 3
0 2 25
0 2 25
0 2 25
0 2 25
0 2 26
0 2 26
0 2 4
0 2 4
0 7 21
0 7 23
0 7 26
0 7 26
0 7 26
0 7 3
0 7 4
0 7 4
0 7 3
0 7 4
0 7 4
0 5 23
0 5 23
0 5 13
0 5 3
0 5 3
0 5 3
0 5 3
0 5 3
0 5 3
0 5 3
0 5 3
0 5 3
0 5 3
0 9 0
0 9 2
0 9 3
0 9 4
0 9 4
0 9 4
0 9 0
0 9 3
0 9 3
0 9 3
0 9 4
0 9 4
0 2 25
0 2 26
0 2 26
0 2 3
0 2 7
0 6 11
0 6 12
0 6 1
0 6 2
0 6 0
0 6 6
0 7 22
0 7 25
0 7 14
0 7 26
0 7 26
0 7 31
0 7 3
0 7 3
0 7 3
0 7 3
0 2 26
0 2 26
0 2 31
0 2 2
0 2 7
0 7 24
0 7 13
0 7 25
0 7 26
0 7 26
0 7 31
0 7 31
0 7 4
0 7 3
0 7 26
0 7 26
0 7 31
0 7 3
0 7 3
0 7 2
0 7 3
0 9 25
0 9 26
0 9 26
0 9 26
0 9 2
0 9 2
0 9 3
0 9 3
0 9 2
0 9 2
0 9 3
0 9 3
0 4 14
0 4 26
0 4 26
0 4 26
0 4 26
0 4 4
0 4 4
0 4 3
0 4 4
0 7 11
0 7 11
0 7 24
0 7 25
0 7 14
0 7 14
0 7 30
0 7 3
0 7 8
0 7 10
0 7 22
0 7 24
0 7 24
0 7 24
0 7 25
0 7 25
0 7 3
0 7 0
0 2 26
0 2 26
0 2 15
0 2 4
0 2 4
0 2 4
0 2 4
0 2 4
0 2 4
0 2 26
0 2 26
0 2 26
0 2 4
0 2 4
0 2 4
0 2 3
0 2 4
0 2 4
0 3 25
0 3 25
0 3 14
0 3 14
0 3 26
0 3 1
0 3 4
0 3 4
0 3 3
0 3 3
0 3 3
0 1 25
0 1 25
0 1 25
0 1 25
0 1 25
0 1 26
0 3 21
0 3 10
0 3 22
0 3 22
0 3 11
0 3 11
0 3 23
0 2 24
0 2 25
0 2 25
0 2 25
0 2 26
0 2 3
0 2 3
0 2 4
0 2 3
0 2 8
0 2 4
0 6 10
0 6 23
0 6 23
0 6 3
0 6 3
0 6 3
0 6 3
0 6 4
0 6 3
0 6 3
0 6 3
0 6 3
0 6 4
0 4 26
0 4 26
0 4 26
0 4 15
0 4 15
0 4 15
0 4 3
0 6 2
0 4 10
0 4 25
0 4 26
0 4 26
0 4 26
0 4 26
0 4 26
0 4 3
0 4 3
0 2 24
0 2 26
0 2 26
0 2 26
0 2 1
0 2 4
0 2 4
0 2 3
0 2 3
0 2 4
0 5 23
0 5 23
0 5 25
0 5 25
0 7 23
0 7 24
0 7 25
0 7 26
0 7 26
0 7 26
0 7 26
0 7 26
0 3 10
0 3 23
0 3 23
0 5 3
0 5 3
0 5 3
0 5 3
0 6 4
0 3 2
0 5 2
0 3 4
0 3 4
0 3 4
0 5 4
0 5 4
0 5 3
0 5 3
0 4 12
0 4 24
0 4 25
0 4 26
0 4 26
0 4 26
0 4 4
0 4 3
0 3 21
0 3 21
0 3 25
0 3 25
0 3 3
0 3 3
0 3 3
0 3 4
0 3 2
0 3 2
0 3 3
0 3 3
0 2 25
0 2 26
0 2 26
0 2 26
0 3 24
0 3 13
0 10 21
0 10 22
0 7 22
0 7 11
0 7 11
0 3 10
0 3 23
0 3 25
0 3 25
0 3 25
0 3 3
0 3 3
0 3 0
0 3 1
0 5 23
0 5 23
0 5 12
0 5 24
0 5 13
0 5 3
0 5 3
0 5 3
0 5 2
0 5 3
0 5 3
0 3 21
0 3 23
0 3 12
0 3 12
0 3 13
0 3 25
0 3 25
0 3 25
0 4 24
0 4 24
0 4 24
0 4 25
0 4 30
0 4 30
0 4 30
0 2 25
0 2 25
0 2 25
0 2 0
0 2 0
0 2 4
0 2 4
0 2 3
0 2 3
0 2 3
0 2 4
0 6 23
0 6 12
0 6 12
0 3 10
0 3 22
0 3 23
0 3 23
0 3 24
0 9 26
0 9 26
0 9 4
0 9 4
0 6 22
0 6 22
0 6 22
0 6 23
0 6 23
0 6 24
0 2 25
0 2 26
0 2 26
0 2 0
0 2 2
0 2 4
0 2 4
0 2 23
0 5 21
0 6 21
0 6 10
0 6 23
0 6 23
0 6 12
0 6 12
0 2 3
0 5 3
0 3 12
0 3 22
0 5 11
0 3 10
0 3 22
0 3 11
0 3 23
0 3 23
0 3 23
0 3 12
0 3 22
0 3 23
0 3 1
0 3 3
0 2 10
0 2 22
0 2 22
0 2 22
0 2 22
0 2 23
0 7 12
0 3 10
0 3 29
0 2 22
0 1 25
0 1 14
0 1 14
0 1 14
0 1 3
0 1 3
0 6 4
0 1 3
0 1 3
0 3 10
0 3 22
0 3 23
0 3 25
0 3 25
0 3 14
0 3 0
0 3 3
0 3 21
0 4 10
0 4 10
0 4 12
0 5 11
0 5 3
0 7 12
0 7 14
0 7 14
0 7 14
0 3 21
0 3 22
0 7 21
