# Parameters: nPorts nContainers
13 4677
# Transport type: id length=(20,40) weight type=(DC,RC,HC,HR)
0 20 3 DC
1 20 9 DC
2 20 14 DC
3 20 21 DC
4 20 27 DC
5 20 3 RC
6 20 9 RC
7 20 14 RC
8 20 21 RC
9 20 27 RC
10 40 3 DC
11 40 6 DC
12 40 9 DC
13 40 14 DC
14 40 21 DC
15 40 27 DC
16 40 3 RC
17 40 9 RC
18 40 14 RC
19 40 21 RC
20 40 27 RC
21 40 3 HC
22 40 6 HC
23 40 9 HC
24 40 14 HC
25 40 21 HC
26 40 27 HC
27 40 3 HR
28 40 9 HR
29 40 14 HR
30 40 21 HR
31 40 27 HR
32 40 3 HC
33 40 6 HC
34 40 9 HC
35 40 14 HC
36 40 21 HC
37 40 27 HC
# Container: startPort endPort typeId [bay stack tier slot]
0 8 4 1 4 10 1
0 8 4 1 4 10 2
0 8 3 1 4 11 1
0 8 3 1 4 11 2
0 8 3 1 4 12 1
0 8 3 1 4 12 2
0 8 25 1 4 13 1
0 8 24 1 4 14 1
0 8 24 1 4 15 1
0 4 3 1 5 10 1
0 4 4 1 5 10 2
0 4 26 1 5 11 1
0 4 14 1 5 12 1
0 4 22 1 5 13 1
0 4 22 1 5 14 1
0 8 0 1 6 10 1
0 8 4 1 6 10 2
0 8 0 1 6 11 1
0 8 3 1 6 11 2
0 8 25 1 6 12 1
0 8 25 1 6 13 1
0 8 25 1 6 14 1
0 8 24 1 6 15 1
0 4 15 1 7 10 1
0 4 26 1 7 11 1
0 4 24 1 7 12 1
0 4 12 1 7 13 1
0 4 12 1 7 14 1
0 4 23 1 7 15 1
0 4 3 1 10 10 1
0 4 3 1 10 10 2
0 4 2 1 10 11 1
0 4 3 1 10 11 2
0 4 26 1 10 12 1
0 4 14 1 10 13 1
0 4 25 1 10 14 1
0 4 25 1 10 15 1
0 3 3 1 11 10 1
0 3 4 1 11 10 2
0 3 1 1 11 11 1
0 3 3 1 11 11 2
0 3 15 1 11 12 1
0 3 26 1 11 13 1
0 3 25 1 11 14 1
0 3 24 1 11 15 1
0 1 2 1 12 10 1
0 1 3 1 12 10 2
0 1 15 1 12 11 1
0 1 14 1 12 12 1
0 1 13 1 12 13 1
0 1 23 1 12 14 1
0 1 22 1 12 15 1
0 5 25 1 7 6 1
0 3 14 1 7 7 1
0 5 4 1 8 3 1
0 5 4 1 8 3 2
0 5 4 1 8 4 1
0 5 4 1 8 4 2
0 5 3 1 8 5 1
0 5 4 1 8 5 2
0 5 3 1 8 6 1
0 5 4 1 8 6 2
0 5 26 1 8 7 1
0 5 14 1 8 8 1
0 7 0 2 1 10 1
0 7 1 2 1 10 2
0 7 23 2 1 11 1
0 7 23 2 1 12 1
0 7 11 2 1 13 1
0 7 22 2 1 14 1
0 7 10 2 1 15 1
0 3 3 2 2 10 1
0 3 4 2 2 10 2
0 3 3 2 2 11 1
0 3 3 2 2 11 2
0 3 1 2 2 12 1
0 3 3 2 2 12 2
0 3 25 2 2 13 1
0 3 13 2 2 14 1
0 3 24 2 2 15 1
0 8 26 2 3 10 1
0 8 25 2 3 11 1
0 8 25 2 3 12 1
0 8 25 2 3 13 1
0 8 21 2 3 14 1
0 8 21 2 3 15 1
0 8 0 2 5 10 1
0 8 4 2 5 10 2
0 8 14 2 5 11 1
0 8 14 2 5 12 1
0 8 14 2 5 13 1
0 8 25 2 5 14 1
0 8 25 2 5 15 1
0 3 26 2 7 10 1
0 3 26 2 7 11 1
0 3 26 2 7 12 1
0 3 26 2 7 13 1
0 3 26 2 7 14 1
0 8 15 2 12 10 1
0 8 15 2 12 11 1
0 8 15 2 12 12 1
0 8 25 2 12 13 1
0 3 3 2 13 10 1
0 3 3 2 13 10 2
0 3 2 2 13 11 1
0 3 3 2 13 11 2
0 3 26 2 13 12 1
0 3 26 2 13 13 1
0 3 25 2 13 14 1
0 3 25 2 13 15 1
0 3 26 2 14 10 1
0 3 26 2 14 11 1
0 3 26 2 14 12 1
0 3 26 2 14 13 1
0 3 10 2 14 14 1
0 3 21 2 14 15 1
0 4 26 2 15 10 1
0 4 14 2 15 11 1
0 4 14 2 15 12 1
0 4 25 2 15 13 1
0 4 24 2 15 14 1
0 4 24 2 15 15 1
0 3 3 2 7 3 1
0 3 3 2 7 3 2
0 3 26 2 7 4 1
0 3 26 2 7 5 1
0 3 26 2 7 6 1
0 3 25 2 7 7 1
0 8 0 2 8 0 1
0 8 2 2 8 0 2
0 8 24 2 8 1 1
0 8 24 2 8 2 1
0 8 24 2 8 3 1
0 8 23 2 8 4 1
0 8 23 2 8 5 1
0 8 23 2 8 6 1
0 8 23 2 8 7 1
0 11 4 2 9 3 1
0 11 4 2 9 3 2
0 11 4 2 9 4 1
0 11 4 2 9 4 2
0 11 4 2 9 5 1
0 11 4 2 9 5 2
0 11 4 2 9 6 1
0 11 4 2 9 6 2
0 11 3 2 9 7 1
0 11 3 2 9 7 2
0 11 26 2 9 8 1
0 3 25 2 10 5 1
0 3 10 2 10 6 1
0 3 21 2 10 7 1
0 3 25 2 11 6 1
0 3 14 2 13 7 1
0 3 25 2 13 8 1
0 3 3 3 0 10 1
0 3 4 3 0 10 2
0 3 14 3 0 11 1
0 3 25 3 0 12 1
0 3 25 3 0 13 1
0 3 25 3 0 14 1
0 3 25 3 0 15 1
0 3 26 3 4 10 1
0 3 26 3 4 11 1
0 3 14 3 4 12 1
0 3 25 3 4 13 1
0 3 25 3 4 14 1
0 3 25 3 4 15 1
0 3 25 3 5 10 1
0 3 25 3 5 11 1
0 3 25 3 5 12 1
0 3 25 3 5 13 1
0 3 24 3 5 14 1
0 3 21 3 5 15 1
0 7 3 3 6 10 1
0 7 4 3 6 10 2
0 7 0 3 6 11 1
0 7 4 3 6 11 2
0 7 22 3 6 12 1
0 7 21 3 6 13 1
0 2 3 3 8 10 1
0 2 3 3 8 10 2
0 2 15 3 8 11 1
0 2 15 3 8 12 1
0 2 15 3 8 13 1
0 2 15 3 8 14 1
0 7 4 3 9 10 1
0 7 4 3 9 10 2
0 7 26 3 9 11 1
0 7 26 3 9 12 1
0 7 26 3 9 13 1
0 7 13 3 9 14 1
0 4 3 3 11 10 1
0 4 4 3 11 10 2
0 4 26 3 11 11 1
0 4 25 3 11 12 1
0 4 25 3 11 13 1
0 4 25 3 11 14 1
0 4 25 3 11 15 1
0 4 23 3 11 16 1
0 5 26 3 3 6 1
0 8 15 3 5 4 1
0 8 15 3 5 5 1
0 8 15 3 5 6 1
0 8 26 3 5 7 1
0 8 14 3 5 8 1
0 2 3 3 6 3 1
0 2 4 3 6 3 2
0 2 14 3 6 4 1
0 2 14 3 6 5 1
0 2 14 3 6 6 1
0 2 14 3 6 7 1
0 2 24 3 6 8 1
0 4 4 3 7 1 1
0 4 4 3 7 1 2
0 4 3 3 7 2 1
0 4 4 3 7 2 2
0 4 3 3 7 3 1
0 4 4 3 7 3 2
0 4 14 3 7 4 1
0 4 14 3 7 5 1
0 4 25 3 7 6 1
0 4 13 3 7 7 1
0 4 13 3 7 8 1
0 2 4 3 8 0 1
0 2 4 3 8 0 2
0 2 2 3 8 1 1
0 2 4 3 8 1 2
0 2 25 3 8 2 1
0 2 24 3 8 3 1
0 2 24 3 8 4 1
0 2 24 3 8 5 1
0 2 24 3 8 6 1
0 2 23 3 8 7 1
0 3 0 3 11 4 1
0 3 2 3 11 4 2
0 3 24 3 11 5 1
0 3 24 3 11 6 1
0 3 22 3 11 7 1
0 2 1 3 12 5 1
0 2 3 3 12 5 2
0 1 11 3 13 6 1
0 3 3 4 3 10 1
0 3 3 4 3 10 2
0 3 2 4 3 11 1
0 3 3 4 3 11 2
0 3 25 4 3 12 1
0 3 13 4 3 13 1
0 3 24 4 3 14 1
0 3 22 4 3 15 1
0 4 22 4 8 10 1
0 4 22 4 8 11 1
0 4 22 4 8 12 1
0 4 10 4 8 13 1
0 4 21 4 8 14 1
0 4 21 4 8 15 1
0 3 3 4 2 6 1
0 3 4 4 2 6 2
0 3 3 4 2 7 1
0 3 3 4 2 7 2
0 3 26 4 2 8 1
0 4 4 4 4 4 1
0 4 4 4 4 4 2
0 4 26 4 4 5 1
0 4 26 4 4 6 1
0 4 14 4 4 7 1
0 2 4 4 5 3 1
0 2 4 4 5 3 2
0 2 4 4 5 4 1
0 2 4 4 5 4 2
0 2 4 4 5 5 1
0 2 4 4 5 5 2
0 2 3 4 5 6 1
0 2 4 4 5 6 2
0 2 3 4 5 7 1
0 2 3 4 5 7 2
0 2 26 4 5 8 1
0 8 3 4 7 0 1
0 8 4 4 7 0 2
0 8 3 4 7 1 1
0 8 4 4 7 1 2
0 8 15 4 7 2 1
0 8 14 4 7 3 1
0 8 14 4 7 4 1
0 8 14 4 7 5 1
0 8 14 4 7 6 1
0 8 14 4 7 7 1
0 8 25 4 7 8 1
0 7 3 4 8 0 1
0 7 4 4 8 0 2
0 7 1 4 8 1 1
0 7 4 4 8 1 2
0 7 15 4 8 2 1
0 7 26 4 8 3 1
0 7 14 4 8 4 1
0 7 25 4 8 5 1
0 7 23 4 8 6 1
0 7 22 4 8 7 1
0 9 3 4 9 0 1
0 9 4 4 9 0 2
0 9 0 4 9 1 1
0 9 4 4 9 1 2
0 9 26 4 9 2 1
0 9 25 4 9 3 1
0 9 25 4 9 4 1
0 9 24 4 9 5 1
0 9 24 4 9 6 1
0 9 24 4 9 7 1
0 7 3 4 10 1 1
0 7 4 4 10 1 2
0 7 2 4 10 2 1
0 7 4 4 10 2 2
0 7 1 4 10 3 1
0 7 3 4 10 3 2
0 7 15 4 10 4 1
0 7 26 4 10 5 1
0 7 14 4 10 6 1
0 7 13 4 10 7 1
0 7 13 4 10 8 1
0 7 3 5 5 10 1
0 7 4 5 5 10 2
0 7 14 5 5 11 1
0 7 14 5 5 12 1
0 7 25 5 5 13 1
0 7 25 5 5 14 1
0 7 22 5 5 15 1
0 2 31 5 3 4 1
0 2 30 5 3 5 1
0 2 30 5 3 6 1
0 2 22 5 3 7 1
0 8 31 5 5 1 1
0 8 15 5 5 2 1
0 8 15 5 5 3 1
0 8 14 5 5 4 1
0 8 14 5 5 5 1
0 8 13 5 5 6 1
0 8 10 5 5 7 1
0 8 10 5 5 8 1
0 2 0 5 6 1 1
0 2 3 5 6 1 2
0 2 0 5 6 2 1
0 2 3 5 6 2 2
0 2 25 5 6 3 1
0 2 12 5 6 4 1
0 2 12 5 6 5 1
0 2 12 5 6 6 1
0 2 11 5 6 7 1
0 2 11 5 6 8 1
0 9 3 5 8 0 1
0 9 4 5 8 0 2
0 9 31 5 8 1 1
0 9 31 5 8 2 1
0 9 23 5 8 3 1
0 9 23 5 8 4 1
0 9 22 5 8 5 1
0 9 22 5 8 6 1
0 9 21 5 8 7 1
0 7 4 5 9 0 1
0 7 4 5 9 0 2
0 7 4 5 9 1 1
0 7 4 5 9 1 2
0 7 3 5 9 2 1
0 7 4 5 9 2 2
0 7 31 5 9 3 1
0 7 31 5 9 4 1
0 7 26 5 9 5 1
0 7 26 5 9 6 1
0 7 25 5 9 7 1
0 7 30 5 10 1 1
0 7 30 5 10 2 1
0 7 30 5 10 3 1
0 7 30 5 10 4 1
0 7 30 5 10 5 1
0 7 29 5 10 6 1
0 7 23 5 10 7 1
0 2 8 5 11 1 1
0 2 3 5 11 1 2
0 2 2 5 11 2 1
0 2 3 5 11 2 2
0 2 2 5 11 3 1
0 2 3 5 11 3 2
0 2 15 5 11 4 1
0 2 15 5 11 5 1
0 2 13 5 11 6 1
0 2 12 5 11 7 1
0 2 21 5 11 8 1
0 1 0 5 13 4 1
0 1 1 5 13 4 2
0 3 22 5 14 5 1
0 3 22 5 14 6 1
0 2 3 6 9 10 1
0 2 4 6 9 10 2
0 2 2 6 9 11 1
0 2 4 6 9 11 2
0 2 14 6 9 12 1
0 2 14 6 9 13 1
0 2 14 6 9 14 1
0 2 24 6 9 15 1
0 2 24 6 9 16 1
0 7 3 6 10 10 1
0 7 4 6 10 10 2
0 7 26 6 10 11 1
0 7 26 6 10 12 1
0 7 22 6 10 13 1
0 7 22 6 10 14 1
0 10 4 6 1 5 1
0 10 4 6 1 5 2
0 10 4 6 1 6 1
0 10 4 6 1 6 2
0 10 3 6 1 7 1
0 10 4 6 1 7 2
0 10 0 6 1 8 1
0 10 0 6 1 8 2
0 5 26 6 2 4 1
0 5 26 6 2 5 1
0 5 26 6 2 6 1
0 5 26 6 2 7 1
0 2 3 6 4 1 1
0 2 3 6 4 1 2
0 2 1 6 4 2 1
0 2 3 6 4 2 2
0 2 15 6 4 3 1
0 2 15 6 4 4 1
0 2 15 6 4 5 1
0 2 14 6 4 6 1
0 2 14 6 4 7 1
0 2 25 6 4 8 1
0 9 3 6 6 0 1
0 9 4 6 6 0 2
0 9 3 6 6 1 1
0 9 3 6 6 1 2
0 9 15 6 6 2 1
0 9 15 6 6 3 1
0 9 26 6 6 4 1
0 9 26 6 6 5 1
0 9 26 6 6 6 1
0 9 25 6 6 7 1
0 2 3 6 7 0 1
0 2 4 6 7 0 2
0 2 3 6 7 1 1
0 2 4 6 7 1 2
0 2 2 6 7 2 1
0 2 4 6 7 2 2
0 2 26 6 7 3 1
0 2 14 6 7 4 1
0 2 13 6 7 5 1
0 2 12 6 7 6 1
0 2 11 6 7 7 1
0 2 11 6 7 8 1
0 7 1 6 8 0 1
0 7 4 6 8 0 2
0 7 15 6 8 1 1
0 7 15 6 8 2 1
0 7 26 6 8 3 1
0 7 14 6 8 4 1
0 7 14 6 8 5 1
0 7 14 6 8 6 1
0 7 14 6 8 7 1
0 7 13 6 8 8 1
0 8 25 6 9 0 1
0 8 25 6 9 1 1
0 8 25 6 9 2 1
0 8 25 6 9 3 1
0 8 25 6 9 4 1
0 8 25 6 9 5 1
0 8 24 6 9 6 1
0 8 23 6 9 7 1
0 8 26 6 10 0 1
0 8 26 6 10 1 1
0 8 25 6 10 2 1
0 8 25 6 10 3 1
0 8 25 6 10 4 1
0 8 25 6 10 5 1
0 8 25 6 10 6 1
0 8 25 6 10 7 1
0 8 1 6 12 1 1
0 8 4 6 12 1 2
0 8 26 6 12 2 1
0 8 14 6 12 3 1
0 8 14 6 12 4 1
0 8 14 6 12 5 1
0 8 12 6 12 6 1
0 8 11 6 12 7 1
0 8 10 6 12 8 1
0 3 15 6 13 2 1
0 3 15 6 13 3 1
0 3 14 6 13 4 1
0 3 14 6 13 5 1
0 3 14 6 13 6 1
0 3 14 6 13 7 1
0 3 23 6 13 8 1
0 4 25 7 5 10 1
0 4 29 7 5 11 1
0 4 24 7 5 12 1
0 4 24 7 5 13 1
0 4 24 7 5 14 1
0 4 24 7 5 15 1
0 4 23 7 5 16 1
0 2 4 7 1 4 1
0 2 4 7 1 4 2
0 2 15 7 1 5 1
0 2 15 7 1 6 1
0 2 15 7 1 7 1
0 2 26 7 1 8 1
0 3 15 7 2 4 1
0 3 15 7 2 5 1
0 3 15 7 2 6 1
0 3 15 7 2 7 1
0 3 25 7 2 8 1
0 2 3 7 3 4 1
0 2 4 7 3 4 2
0 2 3 7 3 5 1
0 2 4 7 3 5 2
0 2 3 7 3 6 1
0 2 4 7 3 6 2
0 2 15 7 3 7 1
0 2 22 7 3 8 1
0 1 3 7 4 4 1
0 1 4 7 4 4 2
0 1 25 7 4 5 1
0 1 13 7 4 6 1
0 1 13 7 4 7 1
0 1 12 7 4 8 1
0 3 3 7 5 4 1
0 3 4 7 5 4 2
0 3 3 7 5 5 1
0 3 4 7 5 5 2
0 3 3 7 5 6 1
0 3 3 7 5 6 2
0 3 3 7 5 7 1
0 3 3 7 5 7 2
0 3 3 7 5 8 1
0 3 3 7 5 8 2
0 3 3 7 8 4 1
0 10 4 7 8 4 2
0 3 2 7 8 5 1
0 3 4 7 8 5 2
0 3 26 7 8 6 1
0 3 14 7 8 7 1
0 3 14 7 8 8 1
0 8 4 7 11 4 1
0 8 4 7 11 4 2
0 8 4 7 11 5 1
0 8 4 7 11 5 2
0 8 4 7 11 6 1
0 8 4 7 11 6 2
0 8 3 7 11 7 1
0 8 4 7 11 7 2
0 8 25 7 11 8 1
0 3 3 7 12 4 1
0 3 3 7 12 4 2
0 3 15 7 12 5 1
0 3 26 7 12 6 1
0 3 14 7 12 7 1
0 3 14 7 12 8 1
0 3 26 7 15 4 1
0 3 26 7 15 5 1
0 3 26 7 15 6 1
0 3 26 7 15 7 1
0 7 4 8 11 10 1
0 7 4 8 11 10 2
0 7 7 8 11 11 1
0 7 4 8 11 11 2
0 7 2 8 11 12 1
0 7 3 8 11 12 2
0 7 0 8 11 13 1
0 7 3 8 11 13 2
0 7 25 8 11 14 1
0 7 23 8 11 15 1
0 7 23 8 11 16 1
0 7 23 8 11 17 1
0 8 3 8 12 10 1
0 2 4 8 12 10 2
0 2 3 8 12 11 1
0 2 4 8 12 11 2
0 2 26 8 12 12 1
0 2 14 8 12 13 1
0 2 25 8 12 14 1
0 2 25 8 12 15 1
0 2 25 8 12 16 1
0 2 25 8 12 17 1
0 3 1 8 13 10 1
0 3 3 8 13 10 2
0 3 30 8 13 11 1
0 3 25 8 13 12 1
0 3 25 8 13 13 1
0 3 25 8 13 14 1
0 3 25 8 13 15 1
0 3 13 8 13 16 1
0 3 24 8 13 17 1
0 3 3 8 14 10 1
0 3 4 8 14 10 2
0 3 3 8 14 11 1
0 3 3 8 14 11 2
0 3 3 8 14 12 1
0 3 2 8 14 12 2
0 3 26 8 14 13 1
0 3 14 8 14 14 1
0 3 14 8 14 15 1
0 3 25 8 14 16 1
0 3 25 8 14 17 1
0 9 2 8 15 10 1
0 9 3 8 15 10 2
0 9 0 8 15 11 1
0 9 3 8 15 11 2
0 9 14 8 15 12 1
0 9 14 8 15 13 1
0 9 14 8 15 14 1
0 9 25 8 15 15 1
0 9 24 8 15 16 1
0 9 24 8 15 17 1
0 9 4 8 16 10 1
0 9 4 8 16 10 2
0 9 3 8 16 11 1
0 9 3 8 16 11 2
0 9 3 8 16 12 1
0 9 3 8 16 12 2
0 9 25 8 16 13 1
0 9 25 8 16 14 1
0 9 25 8 16 15 1
0 9 25 8 16 16 1
0 9 25 8 16 17 1
0 1 3 8 1 1 1
0 1 4 8 1 1 2
0 1 2 8 1 2 1
0 1 4 8 1 2 2
0 1 2 8 1 3 1
0 1 4 8 1 3 2
0 1 2 8 1 4 1
0 1 3 8 1 4 2
0 1 2 8 1 5 1
0 1 3 8 1 5 2
0 1 2 8 1 6 1
0 1 3 8 1 6 2
0 1 1 8 1 7 1
0 1 3 8 1 7 2
0 1 10 8 1 8 1
0 4 3 8 3 0 1
0 4 4 8 3 0 2
0 4 3 8 3 1 1
0 4 4 8 3 1 2
0 4 2 8 3 2 1
0 4 4 8 3 2 2
0 4 1 8 3 3 1
0 4 3 8 3 3 2
0 4 15 8 3 4 1
0 4 26 8 3 5 1
0 4 14 8 3 6 1
0 4 25 8 3 7 1
0 3 0 8 4 0 1
0 3 4 8 4 0 2
0 3 0 8 4 1 1
0 3 3 8 4 1 2
0 3 24 8 4 2 1
0 3 24 8 4 3 1
0 3 24 8 4 4 1
0 3 12 8 4 5 1
0 3 23 8 4 6 1
0 3 22 8 4 7 1
0 1 3 8 5 0 1
0 1 4 8 5 0 2
0 1 3 8 5 1 1
0 1 3 8 5 1 2
0 1 3 8 5 2 1
0 1 3 8 5 2 2
0 1 3 8 5 3 1
0 1 3 8 5 3 2
0 1 1 8 5 4 1
0 1 3 8 5 4 2
0 1 1 8 5 5 1
0 1 3 8 5 5 2
0 1 0 8 5 6 1
0 1 3 8 5 6 2
0 1 25 8 5 7 1
0 1 11 8 5 8 1
0 7 3 8 9 0 1
0 7 4 8 9 0 2
0 7 26 8 9 1 1
0 7 26 8 9 2 1
0 7 25 8 9 3 1
0 7 25 8 9 4 1
0 7 25 8 9 5 1
0 7 25 8 9 6 1
0 7 25 8 9 7 1
0 3 3 8 11 0 1
0 3 4 8 11 0 2
0 3 26 8 11 1 1
0 3 26 8 11 2 1
0 3 26 8 11 3 1
0 3 25 8 11 4 1
0 3 25 8 11 5 1
0 3 25 8 11 6 1
0 3 25 8 11 7 1
0 5 3 8 12 0 1
0 5 4 8 12 0 2
0 5 3 8 12 1 1
0 5 4 8 12 1 2
0 5 3 8 12 2 1
0 5 4 8 12 2 2
0 5 2 8 12 3 1
0 5 4 8 12 3 2
0 5 0 8 12 4 1
0 5 3 8 12 4 2
0 5 0 8 12 5 1
0 5 3 8 12 5 2
0 5 14 8 12 6 1
0 5 25 8 12 7 1
0 5 10 8 12 8 1
0 4 3 8 14 0 1
0 4 4 8 14 0 2
0 4 2 8 14 1 1
0 4 3 8 14 1 2
0 4 26 8 14 2 1
0 4 25 8 14 3 1
0 4 25 8 14 4 1
0 4 25 8 14 5 1
0 4 25 8 14 6 1
0 4 24 8 14 7 1
0 2 3 8 15 1 1
0 2 4 8 15 1 2
0 2 2 8 15 2 1
0 2 4 8 15 2 2
0 2 2 8 15 3 1
0 2 3 8 15 3 2
0 2 0 8 15 4 1
0 2 3 8 15 4 2
0 2 14 8 15 5 1
0 2 14 8 15 6 1
0 2 14 8 15 7 1
0 2 24 8 15 8 1
0 1 3 9 1 1 1
0 1 4 9 1 1 2
0 1 3 9 1 2 1
0 1 3 9 1 2 2
0 1 2 9 1 3 1
0 1 3 9 1 3 2
0 1 2 9 1 4 1
0 1 3 9 1 4 2
0 1 1 9 1 5 1
0 1 3 9 1 5 2
0 1 0 9 1 6 1
0 1 3 9 1 6 2
0 1 25 9 1 7 1
0 1 12 9 1 8 1
0 5 2 9 2 0 1
0 5 4 9 2 0 2
0 5 2 9 2 1 1
0 5 4 9 2 1 2
0 5 0 9 2 2 1
0 5 4 9 2 2 2
0 5 0 9 2 3 1
0 5 3 9 2 3 2
0 5 0 9 2 4 1
0 5 3 9 2 4 2
0 5 30 9 2 5 1
0 5 25 9 2 6 1
0 5 25 9 2 7 1
0 5 26 9 5 0 1
0 5 26 9 5 1 1
0 5 26 9 5 2 1
0 5 26 9 5 3 1
0 5 25 9 5 4 1
0 5 25 9 5 5 1
0 5 21 9 5 6 1
0 8 1 9 6 0 1
0 8 3 9 6 0 2
0 8 5 9 6 1 1
0 8 2 9 6 1 2
0 8 29 9 6 2 1
0 8 28 9 6 3 1
0 8 23 9 6 4 1
0 8 23 9 6 5 1
0 8 23 9 6 6 1
0 8 10 9 6 7 1
0 1 3 9 7 0 1
0 1 4 9 7 0 2
0 1 26 9 7 1 1
0 1 13 9 7 2 1
0 1 13 9 7 3 1
0 1 24 9 7 4 1
0 1 23 9 7 5 1
0 1 23 9 7 6 1
0 1 23 9 7 7 1
0 1 3 9 8 0 1
0 1 3 9 8 0 2
0 1 3 9 8 1 1
0 1 3 9 8 1 2
0 1 15 9 8 2 1
0 1 26 9 8 3 1
0 1 25 9 8 4 1
0 1 25 9 8 5 1
0 1 24 9 8 6 1
0 1 24 9 8 7 1
0 4 3 9 9 0 1
0 4 4 9 9 0 2
0 4 3 9 9 1 1
0 4 4 9 9 1 2
0 4 3 9 9 2 1
0 4 4 9 9 2 2
0 4 2 9 9 3 1
0 4 4 9 9 3 2
0 4 0 9 9 4 1
0 4 3 9 9 4 2
0 4 30 9 9 5 1
0 4 13 9 9 6 1
0 4 13 9 9 7 1
0 4 11 9 9 8 1
0 6 15 9 11 0 1
0 6 26 9 11 1 1
0 8 4 9 12 0 1
0 8 4 9 12 0 2
0 8 4 9 12 1 1
0 8 4 9 12 1 2
0 8 4 9 12 2 1
0 8 4 9 12 2 2
0 8 4 9 12 3 1
0 8 4 9 12 3 2
0 8 3 9 12 4 1
0 8 4 9 12 4 2
0 8 3 9 12 5 1
0 8 4 9 12 5 2
0 8 2 9 12 6 1
0 8 4 9 12 6 2
0 8 15 9 12 7 1
0 8 26 9 12 8 1
0 3 3 9 14 0 1
0 5 4 9 14 0 2
0 3 3 9 14 1 1
0 2 4 9 14 1 2
0 3 3 9 14 2 1
0 2 3 9 14 2 2
0 3 3 9 14 3 1
0 2 3 9 14 3 2
0 2 0 9 14 4 1
0 2 3 9 14 4 2
0 2 14 9 14 5 1
0 2 23 9 14 6 1
0 2 23 9 14 7 1
0 9 3 10 0 10 1
0 9 4 10 0 10 2
0 9 3 10 0 11 1
0 9 4 10 0 11 2
0 9 3 10 0 12 1
0 9 3 10 0 12 2
0 9 0 10 0 13 1
0 9 3 10 0 13 2
0 9 23 10 0 14 1
0 9 23 10 0 15 1
0 9 23 10 0 16 1
0 9 23 10 0 17 1
0 2 3 10 1 10 1
0 2 4 10 1 10 2
0 2 31 10 1 11 1
0 2 31 10 1 12 1
0 2 15 10 1 13 1
0 2 23 10 1 14 1
0 2 23 10 1 15 1
0 2 10 10 1 16 1
0 2 21 10 1 17 1
0 5 4 10 3 10 1
0 5 4 10 3 10 2
0 5 3 10 3 11 1
0 5 4 10 3 11 2
0 5 3 10 3 12 1
0 5 4 10 3 12 2
0 5 26 10 3 13 1
0 5 26 10 3 14 1
0 5 26 10 3 15 1
0 8 3 10 4 10 1
0 8 4 10 4 10 2
0 8 3 10 4 11 1
0 8 4 10 4 11 2
0 8 30 10 4 12 1
0 8 25 10 4 13 1
0 8 25 10 4 14 1
0 8 25 10 4 15 1
0 8 25 10 4 16 1
0 8 25 10 4 17 1
0 7 4 10 5 10 1
0 7 4 10 5 10 2
0 7 0 10 5 11 1
0 7 4 10 5 11 2
0 7 30 10 5 12 1
0 7 25 10 5 13 1
0 7 25 10 5 14 1
0 7 24 10 5 15 1
0 7 12 10 5 16 1
0 3 3 10 11 10 1
0 3 3 10 11 10 2
0 3 22 10 11 11 1
0 3 22 10 11 12 1
0 3 22 10 11 13 1
0 3 22 10 11 14 1
0 3 22 10 11 15 1
0 3 22 10 11 16 1
0 3 22 10 11 17 1
0 4 0 10 12 10 1
0 4 4 10 12 10 2
0 4 24 10 12 11 1
0 4 24 10 12 12 1
0 4 24 10 12 13 1
0 4 24 10 12 14 1
0 4 24 10 12 15 1
0 4 23 10 12 16 1
0 4 23 10 12 17 1
0 7 8 10 13 10 1
0 7 0 10 13 10 2
0 7 25 10 13 11 1
0 7 13 10 13 12 1
0 7 24 10 13 13 1
0 7 12 10 13 14 1
0 7 23 10 13 15 1
0 7 11 10 13 16 1
0 7 10 10 13 17 1
0 7 4 10 14 10 1
0 7 4 10 14 10 2
0 7 0 10 14 11 1
0 7 4 10 14 11 2
0 7 25 10 14 12 1
0 7 13 10 14 13 1
0 7 11 10 14 14 1
0 7 22 10 14 15 1
0 7 10 10 14 16 1
0 7 21 10 14 17 1
0 3 3 10 15 10 1
0 3 4 10 15 10 2
0 3 3 10 15 11 1
0 3 3 10 15 11 2
0 3 2 10 15 12 1
0 3 3 10 15 12 2
0 3 22 10 15 13 1
0 3 22 10 15 14 1
0 3 22 10 15 15 1
0 3 22 10 15 16 1
0 3 10 10 15 17 1
0 5 2 10 16 10 1
0 5 3 10 16 10 2
0 2 2 10 16 11 1
0 2 3 10 16 11 2
0 2 12 10 16 12 1
0 2 12 10 16 13 1
0 2 23 10 16 14 1
0 2 23 10 16 15 1
0 2 11 10 16 16 1
0 2 22 10 16 17 1
0 4 3 10 1 1 1
0 4 4 10 1 1 2
0 4 15 10 1 2 1
0 4 26 10 1 3 1
0 4 14 10 1 4 1
0 4 12 10 1 5 1
0 4 12 10 1 6 1
0 4 11 10 1 7 1
0 4 10 10 1 8 1
0 7 0 10 2 0 1
0 7 2 10 2 0 2
0 7 24 10 2 1 1
0 7 24 10 2 2 1
0 7 11 10 2 3 1
0 7 11 10 2 4 1
0 7 22 10 2 5 1
0 7 21 10 2 6 1
0 7 21 10 2 7 1
0 8 0 10 3 0 1
0 8 3 10 3 0 2
0 8 14 10 3 1 1
0 8 14 10 3 2 1
0 8 14 10 3 3 1
0 8 12 10 3 4 1
0 8 11 10 3 5 1
0 8 11 10 3 6 1
0 8 22 10 3 7 1
0 8 10 10 3 8 1
0 9 0 10 4 0 1
0 9 2 10 4 0 2
0 9 12 10 4 1 1
0 9 23 10 4 2 1
0 9 23 10 4 3 1
0 9 11 10 4 4 1
0 9 22 10 4 5 1
0 9 22 10 4 6 1
0 9 10 10 4 7 1
0 7 4 10 5 0 1
0 7 4 10 5 0 2
0 7 3 10 5 1 1
0 7 4 10 5 1 2
0 7 15 10 5 2 1
0 7 15 10 5 3 1
0 7 14 10 5 4 1
0 7 14 10 5 5 1
0 7 11 10 5 6 1
0 7 11 10 5 7 1
0 7 21 10 5 8 1
0 2 2 10 6 0 1
0 2 3 10 6 0 2
0 2 2 10 6 1 1
0 2 3 10 6 1 2
0 2 0 10 6 2 1
0 2 3 10 6 2 2
0 2 0 10 6 3 1
0 2 3 10 6 3 2
0 2 25 10 6 4 1
0 2 13 10 6 5 1
0 2 12 10 6 6 1
0 2 12 10 6 7 1
0 2 12 10 6 8 1
0 1 3 10 7 0 1
0 1 4 10 7 0 2
0 1 3 10 7 1 1
0 1 3 10 7 1 2
0 1 25 10 7 2 1
0 1 25 10 7 3 1
0 1 23 10 7 4 1
0 1 23 10 7 5 1
0 1 11 10 7 6 1
0 1 22 10 7 7 1
0 11 4 10 8 0 1
0 11 4 10 8 0 2
0 11 4 10 8 1 1
0 11 4 10 8 1 2
0 11 4 10 8 2 1
0 11 4 10 8 2 2
0 11 3 10 8 3 1
0 11 4 10 8 3 2
0 11 3 10 8 4 1
0 11 4 10 8 4 2
0 11 1 10 8 5 1
0 11 4 10 8 5 2
0 11 0 10 8 6 1
0 11 4 10 8 6 2
0 11 26 10 8 7 1
0 11 13 10 8 8 1
0 6 3 10 10 0 1
0 6 4 10 10 0 2
0 6 3 10 10 1 1
0 6 4 10 10 1 2
0 6 3 10 10 2 1
0 6 4 10 10 2 2
0 6 3 10 10 3 1
0 6 4 10 10 3 2
0 6 3 10 10 4 1
0 6 4 10 10 4 2
0 6 3 10 10 5 1
0 6 3 10 10 5 2
0 6 3 10 10 6 1
0 6 3 10 10 6 2
0 6 1 10 10 7 1
0 6 3 10 10 7 2
0 6 15 10 10 8 1
0 8 24 10 11 0 1
0 8 24 10 11 1 1
0 8 23 10 11 2 1
0 8 11 10 11 3 1
0 8 11 10 11 4 1
0 8 22 10 11 5 1
0 8 22 10 11 6 1
0 8 22 10 11 7 1
0 8 0 10 12 0 1
0 8 3 10 12 0 2
0 8 25 10 12 1 1
0 8 25 10 12 2 1
0 8 25 10 12 3 1
0 8 25 10 12 4 1
0 8 24 10 12 5 1
0 8 12 10 12 6 1
0 8 21 10 12 7 1
0 8 15 10 13 0 1
0 8 15 10 13 1 1
0 8 26 10 13 2 1
0 8 14 10 13 3 1
0 8 13 10 13 4 1
0 8 12 10 13 5 1
0 8 12 10 13 6 1
0 8 11 10 13 7 1
0 8 11 10 13 8 1
0 8 0 10 14 0 1
0 8 3 10 14 0 2
0 8 14 10 14 1 1
0 8 25 10 14 2 1
0 8 25 10 14 3 1
0 8 25 10 14 4 1
0 8 24 10 14 5 1
0 8 12 10 14 6 1
0 8 22 10 14 7 1
0 8 15 10 15 1 1
0 8 15 10 15 2 1
0 8 15 10 15 3 1
0 8 14 10 15 4 1
0 8 14 10 15 5 1
0 8 14 10 15 6 1
0 8 11 10 15 7 1
0 8 22 10 15 8 1
0 8 0 11 1 4 1
0 8 3 11 1 4 2
0 8 14 11 1 5 1
0 8 25 11 1 6 1
0 8 25 11 1 7 1
0 3 25 11 2 4 1
0 3 25 11 2 5 1
0 3 25 11 2 6 1
0 3 25 11 2 7 1
0 8 15 11 4 4 1
0 8 26 11 4 5 1
0 8 26 11 4 6 1
0 8 4 11 5 4 1
0 8 4 11 5 4 2
0 8 3 11 5 5 1
0 8 4 11 5 5 2
0 8 3 11 5 6 1
0 8 4 11 5 6 2
0 8 15 11 5 7 1
0 8 25 11 5 8 1
0 4 13 11 6 4 1
0 4 21 11 6 5 1
0 9 10 11 6 6 1
0 9 10 11 6 7 1
0 9 10 11 6 8 1
0 2 11 11 7 4 1
0 2 21 11 7 5 1
0 1 3 11 8 4 1
0 1 3 11 8 4 2
0 1 3 11 8 5 1
0 1 3 11 8 5 2
0 1 2 11 8 6 1
0 1 3 11 8 6 2
0 1 0 11 8 7 1
0 1 3 11 8 7 2
0 1 23 11 8 8 1
0 5 3 11 9 4 1
0 4 4 11 9 4 2
0 2 3 11 9 5 1
0 2 4 11 9 5 2
0 2 3 11 9 6 1
0 2 4 11 9 6 2
0 1 24 11 11 4 1
0 1 23 11 11 5 1
0 1 11 11 11 6 1
0 1 10 11 11 7 1
0 8 3 11 13 4 1
0 8 4 11 13 4 2
0 8 3 11 13 5 1
0 8 4 11 13 5 2
0 8 15 11 13 6 1
0 8 15 11 13 7 1
0 8 25 11 13 8 1
0 7 15 12 1 1 1
0 7 26 12 1 2 1
0 7 14 12 1 3 1
0 7 12 12 1 4 1
0 7 12 12 1 5 1
0 7 11 12 1 6 1
0 7 10 12 1 7 1
0 7 10 12 1 8 1
0 11 3 12 5 0 1
0 11 4 12 5 0 2
0 11 2 12 5 1 1
0 11 4 12 5 1 2
0 11 2 12 5 2 1
0 11 3 12 5 2 2
0 11 0 12 5 3 1
0 11 3 12 5 3 2
0 11 23 12 5 4 1
0 11 23 12 5 5 1
0 11 23 12 5 6 1
0 11 21 12 5 7 1
0 3 15 12 8 0 1
0 3 14 12 8 1 1
0 3 14 12 8 2 1
0 3 14 12 8 3 1
0 3 14 12 8 4 1
0 3 14 12 8 5 1
0 3 14 12 8 6 1
0 3 14 12 8 7 1
0 3 22 12 8 8 1
0 6 4 12 9 0 1
0 6 4 12 9 0 2
0 6 0 12 9 1 1
0 6 4 12 9 1 2
0 6 0 12 9 2 1
0 6 4 12 9 2 2
0 6 23 12 9 3 1
0 6 23 12 9 4 1
0 6 23 12 9 5 1
0 6 11 12 9 6 1
0 6 22 12 9 7 1
0 9 0 12 10 0 1
0 9 3 12 10 0 2
0 9 12 12 10 1 1
0 9 11 12 10 2 1
0 9 11 12 10 3 1
0 9 11 12 10 4 1
0 9 11 12 10 5 1
0 9 11 12 10 6 1
0 9 22 12 10 7 1
0 9 10 12 10 8 1
0 8 4 12 11 0 1
0 8 4 12 11 0 2
0 8 4 12 11 1 1
0 8 4 12 11 1 2
0 8 4 12 11 2 1
0 8 4 12 11 2 2
0 8 4 12 11 3 1
0 8 4 12 11 3 2
0 8 3 12 11 4 1
0 8 4 12 11 4 2
0 8 3 12 11 5 1
0 8 4 12 11 5 2
0 8 3 12 11 6 1
0 8 4 12 11 6 2
0 8 12 12 11 7 1
0 8 23 12 11 8 1
0 8 15 12 13 0 1
0 8 15 12 13 1 1
0 8 14 12 13 2 1
0 8 14 12 13 3 1
0 8 14 12 13 4 1
0 8 13 12 13 5 1
0 8 23 12 13 6 1
0 8 11 12 13 7 1
0 8 10 12 13 8 1
0 2 3 12 15 1 1
0 2 4 12 15 1 2
0 2 12 12 15 2 1
0 2 12 12 15 3 1
0 2 12 12 15 4 1
0 2 11 12 15 5 1
0 2 11 12 15 6 1
0 2 10 12 15 7 1
0 2 21 12 15 8 1
0 7 25 13 0 10 1
0 7 25 13 0 11 1
0 7 25 13 0 12 1
0 7 13 13 0 13 1
0 7 23 13 0 14 1
0 7 11 13 0 15 1
0 7 21 13 0 16 1
0 7 21 13 0 17 1
0 1 3 13 1 10 1
0 1 4 13 1 10 2
0 1 3 13 1 11 1
0 1 4 13 1 11 2
0 1 23 13 1 12 1
0 1 23 13 1 13 1
0 1 23 13 1 14 1
0 1 11 13 1 15 1
0 1 22 13 1 16 1
0 1 22 13 1 17 1
0 3 3 13 3 10 1
0 3 3 13 3 10 2
0 3 26 13 3 11 1
0 3 14 13 3 12 1
0 3 25 13 3 13 1
0 3 25 13 3 14 1
0 3 25 13 3 15 1
0 3 25 13 3 16 1
0 3 25 13 3 17 1
0 9 3 13 4 10 1
0 9 3 13 4 10 2
0 9 1 13 4 11 1
0 9 3 13 4 11 2
0 9 1 13 4 12 1
0 9 3 13 4 12 2
0 9 24 13 4 13 1
0 9 24 13 4 14 1
0 9 24 13 4 15 1
0 9 23 13 4 16 1
0 9 11 13 4 17 1
0 9 0 13 5 10 1
0 9 3 13 5 10 2
0 9 0 13 5 11 1
0 9 3 13 5 11 2
0 9 0 13 5 12 1
0 9 2 13 5 12 2
0 9 24 13 5 13 1
0 9 23 13 5 14 1
0 9 22 13 5 15 1
0 9 22 13 5 16 1
0 9 22 13 5 17 1
0 9 3 13 7 10 1
0 9 4 13 7 10 2
0 9 2 13 7 11 1
0 9 3 13 7 11 2
0 9 24 13 7 12 1
0 9 24 13 7 13 1
0 9 12 13 7 14 1
0 9 23 13 7 15 1
0 9 11 13 7 16 1
0 9 21 13 7 17 1
0 4 3 13 8 10 1
0 4 3 13 8 10 2
0 4 15 13 8 11 1
0 4 26 13 8 12 1
0 4 14 13 8 13 1
0 4 14 13 8 14 1
0 4 24 13 8 15 1
0 4 24 13 8 16 1
0 4 23 13 8 17 1
0 7 3 13 9 10 1
0 7 3 13 9 10 2
0 7 26 13 9 11 1
0 7 26 13 9 12 1
0 7 14 13 9 13 1
0 7 25 13 9 14 1
0 7 25 13 9 15 1
0 7 25 13 9 16 1
0 7 23 13 9 17 1
0 2 3 13 10 10 1
0 2 3 13 10 10 2
0 2 3 13 10 11 1
0 2 3 13 10 11 2
0 2 15 13 10 12 1
0 2 15 13 10 13 1
0 2 26 13 10 14 1
0 2 14 13 10 15 1
0 2 14 13 10 16 1
0 2 24 13 10 17 1
0 2 3 13 1 1 1
0 2 3 13 1 1 2
0 2 0 13 1 2 1
0 2 3 13 1 2 2
0 2 24 13 1 3 1
0 2 12 13 1 4 1
0 2 12 13 1 5 1
0 2 11 13 1 6 1
0 2 11 13 1 7 1
0 2 11 13 1 8 1
0 1 2 13 2 0 1
0 1 4 13 2 0 2
0 1 1 13 2 1 1
0 1 3 13 2 1 2
0 1 26 13 2 2 1
0 1 25 13 2 3 1
0 1 23 13 2 4 1
0 1 22 13 2 5 1
0 1 22 13 2 6 1
0 3 22 13 2 7 1
0 2 3 13 3 0 1
0 2 4 13 3 0 2
0 2 3 13 3 1 1
0 2 4 13 3 1 2
0 2 0 13 3 2 1
0 2 4 13 3 2 2
0 2 14 13 3 3 1
0 2 14 13 3 4 1
0 2 12 13 3 5 1
0 2 12 13 3 6 1
0 2 12 13 3 7 1
0 2 23 13 3 8 1
0 3 3 13 4 0 1
0 3 3 13 4 0 2
0 3 2 13 4 1 1
0 3 3 13 4 1 2
0 3 1 13 4 2 1
0 3 3 13 4 2 2
0 3 0 13 4 3 1
0 3 3 13 4 3 2
0 3 22 13 4 4 1
0 3 10 13 4 5 1
0 3 21 13 4 6 1
0 3 21 13 4 7 1
0 9 0 13 5 0 1
0 9 4 13 5 0 2
0 9 14 13 5 1 1
0 9 11 13 5 2 1
0 9 11 13 5 3 1
0 9 11 13 5 4 1
0 9 11 13 5 5 1
0 9 11 13 5 6 1
0 9 10 13 5 7 1
0 9 21 13 5 8 1
0 3 3 13 6 0 1
0 3 4 13 6 0 2
0 3 25 13 6 1 1
0 3 25 13 6 2 1
0 3 13 13 6 3 1
0 3 24 13 6 4 1
0 3 24 13 6 5 1
0 3 10 13 6 6 1
0 3 10 13 6 7 1
0 3 15 13 7 0 1
0 3 14 13 7 1 1
0 3 14 13 7 2 1
0 3 14 13 7 3 1
0 3 13 13 7 4 1
0 3 13 13 7 5 1
0 3 22 13 7 6 1
0 3 10 13 7 7 1
0 3 10 13 7 8 1
0 9 14 13 8 0 1
0 9 13 13 8 1 1
0 9 24 13 8 2 1
0 9 24 13 8 3 1
0 9 24 13 8 4 1
0 9 12 13 8 5 1
0 9 23 13 8 6 1
0 9 23 13 8 7 1
0 1 3 13 9 0 1
0 1 4 13 9 0 2
0 1 3 13 9 1 1
0 1 3 13 9 1 2
0 1 3 13 9 2 1
0 1 3 13 9 2 2
0 1 3 13 9 3 1
0 1 3 13 9 3 2
0 1 2 13 9 4 1
0 1 3 13 9 4 2
0 1 1 13 9 5 1
0 1 3 13 9 5 2
0 1 13 13 9 6 1
0 1 23 13 9 7 1
0 1 10 13 9 8 1
0 3 3 13 10 0 1
0 3 4 13 10 0 2
0 3 25 13 10 1 1
0 3 25 13 10 2 1
0 3 25 13 10 3 1
0 3 25 13 10 4 1
0 3 25 13 10 5 1
0 3 25 13 10 6 1
0 3 24 13 10 7 1
0 8 26 13 11 0 1
0 3 3 13 12 0 1
0 3 4 13 12 0 2
0 3 15 13 12 1 1
0 3 15 13 12 2 1
0 3 11 13 12 3 1
0 3 11 13 12 4 1
0 3 11 13 12 5 1
0 3 11 13 12 6 1
0 3 10 13 12 7 1
0 3 21 13 12 8 1
0 2 0 13 13 0 1
0 2 4 13 13 0 2
0 2 22 13 13 1 1
0 2 22 13 13 2 1
0 2 22 13 13 3 1
0 2 22 13 13 4 1
0 2 22 13 13 5 1
0 2 21 13 13 6 1
0 2 21 13 13 7 1
0 3 22 13 14 0 1
0 3 22 13 14 1 1
0 3 22 13 14 2 1
0 3 22 13 14 3 1
0 3 22 13 14 4 1
0 3 22 13 14 5 1
0 3 22 13 14 6 1
0 3 22 13 14 7 1
0 2 29 14 0 10 1
0 2 29 14 0 11 1
0 2 13 14 0 12 1
0 2 24 14 0 13 1
0 2 23 14 0 14 1
0 2 23 14 0 15 1
0 2 23 14 0 16 1
0 2 23 14 0 17 1
0 3 1 14 1 10 1
0 3 4 14 1 10 2
0 3 31 14 1 11 1
0 3 31 14 1 12 1
0 3 26 14 1 13 1
0 3 26 14 1 14 1
0 3 26 14 1 15 1
0 3 26 14 1 16 1
0 3 3 14 2 10 1
0 3 4 14 2 10 2
0 3 25 14 2 11 1
0 3 24 14 2 12 1
0 3 24 14 2 13 1
0 3 24 14 2 14 1
0 3 12 14 2 15 1
0 3 12 14 2 16 1
0 3 22 14 2 17 1
0 4 11 14 3 10 1
0 4 22 14 3 11 1
0 4 22 14 3 12 1
0 4 22 14 3 13 1
0 4 22 14 3 14 1
0 4 22 14 3 15 1
0 4 22 14 3 16 1
0 4 10 14 3 17 1
0 7 7 14 4 10 1
0 7 4 14 4 10 2
0 7 31 14 4 11 1
0 7 31 14 4 12 1
0 7 26 14 4 13 1
0 7 25 14 4 14 1
0 7 23 14 4 15 1
0 7 23 14 4 16 1
0 7 10 14 4 17 1
0 7 8 14 5 10 1
0 7 4 14 5 10 2
0 7 15 14 5 11 1
0 7 26 14 5 12 1
0 7 26 14 5 13 1
0 7 25 14 5 14 1
0 7 13 14 5 15 1
0 7 24 14 5 16 1
0 7 23 14 5 17 1
0 1 2 14 6 10 1
0 1 3 14 6 10 2
0 1 2 14 6 11 1
0 1 3 14 6 11 2
0 1 24 14 6 12 1
0 1 24 14 6 13 1
0 1 24 14 6 14 1
0 1 12 14 6 15 1
0 1 23 14 6 16 1
0 1 23 14 6 17 1
0 5 4 14 8 10 1
0 5 4 14 8 10 2
0 5 4 14 8 11 1
0 5 4 14 8 11 2
0 5 4 14 8 12 1
0 5 4 14 8 12 2
0 5 26 14 8 13 1
0 5 26 14 8 14 1
0 5 26 14 8 15 1
0 7 3 14 9 10 1
0 7 4 14 9 10 2
0 7 0 14 9 11 1
0 7 4 14 9 11 2
0 7 31 14 9 12 1
0 7 26 14 9 13 1
0 7 26 14 9 14 1
0 7 14 14 9 15 1
0 7 25 14 9 16 1
0 7 22 14 9 17 1
0 2 2 14 10 10 1
0 2 3 14 10 10 2
0 2 12 14 10 11 1
0 2 12 14 10 12 1
0 2 12 14 10 13 1
0 2 23 14 10 14 1
0 2 23 14 10 15 1
0 2 23 14 10 16 1
0 2 23 14 10 17 1
0 6 3 14 1 1 1
0 6 4 14 1 1 2
0 6 3 14 1 2 1
0 6 3 14 1 2 2
0 6 2 14 1 3 1
0 6 3 14 1 3 2
0 6 25 14 1 4 1
0 6 25 14 1 5 1
0 6 25 14 1 6 1
0 6 25 14 1 7 1
0 8 30 14 2 0 1
0 8 25 14 2 1 1
0 8 25 14 2 2 1
0 8 25 14 2 3 1
0 8 25 14 2 4 1
0 8 24 14 2 5 1
0 8 22 14 2 6 1
0 8 22 14 2 7 1
0 8 0 14 3 0 1
0 8 3 14 3 0 2
0 8 30 14 3 1 1
0 8 29 14 3 2 1
0 8 24 14 3 3 1
0 8 28 14 3 4 1
0 8 28 14 3 5 1
0 8 22 14 3 6 1
0 8 10 14 3 7 1
0 2 0 14 4 0 1
0 2 4 14 4 0 2
0 2 0 14 4 1 1
0 2 4 14 4 1 2
0 2 0 14 4 2 1
0 2 3 14 4 2 2
0 2 12 14 4 3 1
0 2 12 14 4 4 1
0 2 11 14 4 5 1
0 2 11 14 4 6 1
0 2 11 14 4 7 1
0 2 21 14 4 8 1
0 8 31 14 5 0 1
0 8 31 14 5 1 1
0 8 31 14 5 2 1
0 8 31 14 5 3 1
0 8 25 14 5 4 1
0 8 25 14 5 5 1
0 8 28 14 5 6 1
0 2 3 14 6 0 1
0 2 4 14 6 0 2
0 2 3 14 6 1 1
0 2 3 14 6 1 2
0 2 14 14 6 2 1
0 2 14 14 6 3 1
0 2 14 14 6 4 1
0 2 14 14 6 5 1
0 2 14 14 6 6 1
0 2 11 14 6 7 1
0 2 21 14 6 8 1
0 2 3 14 7 0 1
0 2 4 14 7 0 2
0 2 0 14 7 1 1
0 2 3 14 7 1 2
0 2 0 14 7 2 1
0 2 3 14 7 2 2
0 2 14 14 7 3 1
0 2 12 14 7 4 1
0 2 12 14 7 5 1
0 2 11 14 7 6 1
0 2 11 14 7 7 1
0 2 21 14 7 8 1
0 8 2 14 8 0 1
0 8 3 14 8 0 2
0 8 25 14 8 1 1
0 8 25 14 8 2 1
0 8 25 14 8 3 1
0 8 25 14 8 4 1
0 8 25 14 8 5 1
0 8 24 14 8 6 1
0 8 10 14 8 7 1
0 9 1 14 9 0 1
0 9 3 14 9 0 2
0 9 15 14 9 1 1
0 9 15 14 9 2 1
0 9 14 14 9 3 1
0 9 14 14 9 4 1
0 9 12 14 9 5 1
0 9 12 14 9 6 1
0 9 23 14 9 7 1
0 9 10 14 9 8 1
0 9 2 14 10 0 1
0 9 4 14 10 0 2
0 9 5 14 10 1 1
0 9 4 14 10 1 2
0 9 0 14 10 2 1
0 9 4 14 10 2 2
0 9 0 14 10 3 1
0 9 3 14 10 3 2
0 9 0 14 10 4 1
0 9 3 14 10 4 2
0 9 14 14 10 5 1
0 9 14 14 10 6 1
0 9 14 14 10 7 1
0 9 23 14 10 8 1
0 3 2 14 13 0 1
0 3 3 14 13 0 2
0 3 1 14 13 1 1
0 3 3 14 13 1 2
0 3 14 14 13 2 1
0 3 14 14 13 3 1
0 3 14 14 13 4 1
0 3 14 14 13 5 1
0 3 14 14 13 6 1
0 3 12 14 13 7 1
0 3 21 14 13 8 1
0 3 3 14 14 0 1
0 3 3 14 14 0 2
0 3 7 14 14 1 1
0 3 3 14 14 1 2
0 3 22 14 14 2 1
0 3 22 14 14 3 1
0 3 22 14 14 4 1
0 3 22 14 14 5 1
0 3 21 14 14 6 1
0 3 21 14 14 7 1
0 3 3 15 0 10 1
0 3 3 15 0 10 2
0 3 31 15 0 11 1
0 3 26 15 0 12 1
0 3 25 15 0 13 1
0 3 25 15 0 14 1
0 3 25 15 0 15 1
0 3 25 15 0 16 1
0 3 25 15 0 17 1
0 7 0 15 2 10 1
0 7 4 15 2 10 2
0 7 30 15 2 11 1
0 7 30 15 2 12 1
0 7 14 15 2 13 1
0 7 24 15 2 14 1
0 7 23 15 2 15 1
0 7 11 15 2 16 1
0 7 22 15 2 17 1
0 3 4 15 3 10 1
0 3 4 15 3 10 2
0 3 4 15 3 11 1
0 3 4 15 3 11 2
0 3 31 15 3 12 1
0 3 26 15 3 13 1
0 3 26 15 3 14 1
0 3 25 15 3 15 1
0 3 25 15 3 16 1
0 3 21 15 3 17 1
0 9 0 15 4 10 1
0 9 2 15 4 10 2
0 9 29 15 4 11 1
0 9 12 15 4 12 1
0 9 12 15 4 13 1
0 9 12 15 4 14 1
0 9 23 15 4 15 1
0 9 11 15 4 16 1
0 9 10 15 4 17 1
0 8 0 15 5 10 1
0 8 3 15 5 10 2
0 8 30 15 5 11 1
0 8 25 15 5 12 1
0 8 25 15 5 13 1
0 8 25 15 5 14 1
0 8 25 15 5 15 1
0 8 23 15 5 16 1
0 8 23 15 5 17 1
0 2 2 15 6 10 1
0 2 3 15 6 10 2
0 2 1 15 6 11 1
0 2 3 15 6 11 2
0 2 30 15 6 12 1
0 2 14 15 6 13 1
0 2 14 15 6 14 1
0 2 14 15 6 15 1
0 2 25 15 6 16 1
0 2 24 15 6 17 1
0 9 1 15 7 10 1
0 9 3 15 7 10 2
0 9 0 15 7 11 1
0 9 3 15 7 11 2
0 9 12 15 7 12 1
0 9 12 15 7 13 1
0 9 23 15 7 14 1
0 9 23 15 7 15 1
0 9 23 15 7 16 1
0 9 21 15 7 17 1
0 7 30 15 8 10 1
0 7 30 15 8 11 1
0 7 30 15 8 12 1
0 7 25 15 8 13 1
0 7 22 15 8 14 1
0 3 0 15 10 10 1
0 3 4 15 10 10 2
0 3 31 15 10 11 1
0 3 31 15 10 12 1
0 3 26 15 10 13 1
0 3 25 15 10 14 1
0 3 25 15 10 15 1
0 3 23 15 10 16 1
0 3 22 15 10 17 1
0 6 4 15 11 10 1
0 6 4 15 11 10 2
0 6 3 15 11 11 1
0 6 4 15 11 11 2
0 6 25 15 11 12 1
0 6 25 15 11 13 1
0 6 25 15 11 14 1
0 6 25 15 11 15 1
0 6 23 15 11 16 1
0 6 21 15 11 17 1
0 3 3 15 12 10 1
0 3 4 15 12 10 2
0 3 1 15 12 11 1
0 3 3 15 12 11 2
0 3 31 15 12 12 1
0 3 26 15 12 13 1
0 3 25 15 12 14 1
0 3 25 15 12 15 1
0 3 25 15 12 16 1
0 3 23 15 12 17 1
0 2 3 15 13 10 1
0 2 4 15 13 10 2
0 2 24 15 13 11 1
0 2 24 15 13 12 1
0 2 24 15 13 13 1
0 2 12 15 13 14 1
0 2 23 15 13 15 1
0 2 23 15 13 16 1
0 2 22 15 13 17 1
0 2 3 15 14 10 1
0 2 4 15 14 10 2
0 2 3 15 14 11 1
0 2 4 15 14 11 2
0 2 30 15 14 12 1
0 2 14 15 14 13 1
0 2 25 15 14 14 1
0 2 25 15 14 15 1
0 2 12 15 14 16 1
0 2 23 15 14 17 1
0 2 3 15 15 10 1
0 2 3 15 15 10 2
0 2 23 15 15 11 1
0 2 23 15 15 12 1
0 2 23 15 15 13 1
0 2 23 15 15 14 1
0 2 23 15 15 15 1
0 2 23 15 15 16 1
0 2 11 15 15 17 1
0 7 3 15 16 10 1
0 7 3 15 16 10 2
0 7 29 15 16 11 1
0 7 24 15 16 12 1
0 7 24 15 16 13 1
0 7 11 15 16 14 1
0 7 22 15 16 15 1
0 7 10 15 16 16 1
0 7 10 15 16 17 1
0 5 3 15 1 1 1
0 5 4 15 1 1 2
0 5 3 15 1 2 1
0 5 4 15 1 2 2
0 5 2 15 1 3 1
0 5 4 15 1 3 2
0 5 25 15 1 4 1
0 5 25 15 1 5 1
0 5 25 15 1 6 1
0 5 25 15 1 7 1
0 3 3 15 2 0 1
0 3 4 15 2 0 2
0 3 3 15 2 1 1
0 3 4 15 2 1 2
0 3 7 15 2 2 1
0 3 4 15 2 2 2
0 3 24 15 2 3 1
0 3 23 15 2 4 1
0 3 22 15 2 5 1
0 3 21 15 2 6 1
0 3 21 15 2 7 1
0 2 6 15 3 0 1
0 2 4 15 3 0 2
0 2 30 15 3 1 1
0 2 30 15 3 2 1
0 2 30 15 3 3 1
0 2 30 15 3 4 1
0 2 24 15 3 5 1
0 2 23 15 3 6 1
0 2 23 15 3 7 1
0 9 23 15 4 0 1
0 9 23 15 4 1 1
0 9 11 15 4 2 1
0 9 22 15 4 3 1
0 9 22 15 4 4 1
0 9 22 15 4 5 1
0 9 22 15 4 6 1
0 9 21 15 4 7 1
0 2 3 15 5 0 1
0 2 3 15 5 0 2
0 2 3 15 5 1 1
0 2 3 15 5 1 2
0 2 0 15 5 2 1
0 2 3 15 5 2 2
0 2 11 15 5 3 1
0 2 11 15 5 4 1
0 2 11 15 5 5 1
0 2 11 15 5 6 1
0 2 10 15 5 7 1
0 2 21 15 5 8 1
0 8 31 15 6 0 1
0 8 31 15 6 1 1
0 8 31 15 6 2 1
0 8 31 15 6 3 1
0 8 31 15 6 4 1
0 7 31 15 6 5 1
0 7 15 15 6 6 1
0 7 25 15 6 7 1
0 7 4 15 7 0 1
0 7 4 15 7 0 2
0 7 30 15 7 1 1
0 7 25 15 7 2 1
0 7 25 15 7 3 1
0 7 23 15 7 4 1
0 7 23 15 7 5 1
0 7 22 15 7 6 1
0 7 10 15 7 7 1
0 3 3 15 8 0 1
0 3 3 15 8 0 2
0 3 31 15 8 1 1
0 3 31 15 8 2 1
0 3 31 15 8 3 1
0 3 26 15 8 4 1
0 3 26 15 8 5 1
0 3 26 15 8 6 1
0 3 26 15 8 7 1
0 5 3 15 9 0 1
0 5 4 15 9 0 2
0 5 3 15 9 1 1
0 5 4 15 9 1 2
0 5 3 15 9 2 1
0 5 3 15 9 2 2
0 5 15 15 9 3 1
0 5 25 15 9 4 1
0 5 25 15 9 5 1
0 5 24 15 9 6 1
0 1 3 15 10 0 1
0 1 4 15 10 0 2
0 1 3 15 10 1 1
0 1 4 15 10 1 2
0 1 0 15 10 2 1
0 1 3 15 10 2 2
0 1 24 15 10 3 1
0 1 12 15 10 4 1
0 1 23 15 10 5 1
0 1 23 15 10 6 1
0 1 22 15 10 7 1
0 7 2 15 11 0 1
0 7 2 15 11 0 2
0 7 14 15 11 1 1
0 7 25 15 11 2 1
0 7 25 15 11 3 1
0 7 12 15 11 4 1
0 7 11 15 11 5 1
0 7 22 15 11 6 1
0 7 22 15 11 7 1
0 5 3 15 12 0 1
0 5 4 15 12 0 2
0 5 7 15 12 1 1
0 5 3 15 12 1 2
0 5 15 15 12 2 1
0 5 14 15 12 3 1
0 5 14 15 12 4 1
0 5 14 15 12 5 1
0 5 13 15 12 6 1
0 5 11 15 12 7 1
0 5 22 15 12 8 1
0 3 8 15 13 0 1
0 3 3 15 13 0 2
0 3 25 15 13 1 1
0 3 25 15 13 2 1
0 3 25 15 13 3 1
0 3 25 15 13 4 1
0 3 22 15 13 5 1
0 3 22 15 13 6 1
0 3 22 15 13 7 1
0 7 4 15 14 0 1
0 7 4 15 14 0 2
0 7 3 15 14 1 1
0 7 4 15 14 1 2
0 7 3 15 14 2 1
0 7 4 15 14 2 2
0 7 3 15 14 3 1
0 7 4 15 14 3 2
0 7 31 15 14 4 1
0 7 31 15 14 5 1
0 7 31 15 14 6 1
0 7 26 15 14 7 1
0 4 8 15 15 1 1
0 4 4 15 15 1 2
0 4 3 15 15 2 1
0 4 4 15 15 2 2
0 4 3 15 15 3 1
0 4 4 15 15 3 2
0 4 2 15 15 4 1
0 4 4 15 15 4 2
0 4 2 15 15 5 1
0 4 4 15 15 5 2
0 4 14 15 15 6 1
0 4 13 15 15 7 1
0 4 23 15 15 8 1
0 8 26 16 0 10 1
0 8 12 16 0 11 1
0 8 23 16 0 12 1
0 8 22 16 0 13 1
0 8 22 16 0 14 1
0 8 22 16 0 15 1
0 8 21 16 0 16 1
0 8 21 16 0 17 1
0 9 0 16 1 10 1
0 9 3 16 1 10 2
0 9 0 16 1 11 1
0 9 2 16 1 11 2
0 9 24 16 1 12 1
0 9 12 16 1 13 1
0 9 12 16 1 14 1
0 9 23 16 1 15 1
0 9 22 16 1 16 1
0 9 22 16 1 17 1
0 6 4 16 2 10 1
0 9 4 16 2 10 2
0 6 4 16 2 11 1
0 7 4 16 2 11 2
0 6 4 16 2 12 1
0 7 3 16 2 12 2
0 6 14 16 2 13 1
0 6 14 16 2 14 1
0 6 14 16 2 15 1
0 6 13 16 2 16 1
0 8 1 16 3 10 1
0 8 2 16 3 10 2
0 8 25 16 3 11 1
0 8 25 16 3 12 1
0 8 25 16 3 13 1
0 8 25 16 3 14 1
0 8 24 16 3 15 1
0 8 24 16 3 16 1
0 8 22 16 3 17 1
0 9 23 16 4 10 1
0 9 23 16 4 11 1
0 9 23 16 4 12 1
0 9 11 16 4 13 1
0 9 22 16 4 14 1
0 9 22 16 4 15 1
0 9 21 16 4 16 1
0 9 21 16 4 17 1
0 8 1 16 5 10 1
0 8 3 16 5 10 2
0 8 26 16 5 11 1
0 8 26 16 5 12 1
0 8 26 16 5 13 1
0 8 26 16 5 14 1
0 8 25 16 5 15 1
0 8 12 16 5 16 1
0 8 22 16 5 17 1
0 6 26 16 6 10 1
0 6 26 16 6 11 1
0 6 26 16 6 12 1
0 6 14 16 6 13 1
0 6 25 16 6 14 1
0 6 25 16 6 15 1
0 7 3 16 7 10 1
0 7 3 16 7 10 2
0 7 26 16 7 11 1
0 7 25 16 7 12 1
0 7 24 16 7 13 1
0 7 12 16 7 14 1
0 7 22 16 7 15 1
0 7 10 16 7 16 1
0 7 21 16 7 17 1
0 2 3 16 8 10 1
0 2 4 16 8 10 2
0 2 3 16 8 11 1
0 2 3 16 8 11 2
0 2 0 16 8 12 1
0 2 3 16 8 12 2
0 2 14 16 8 13 1
0 2 14 16 8 14 1
0 2 14 16 8 15 1
0 2 14 16 8 16 1
0 2 24 16 8 17 1
0 1 3 16 9 10 1
0 1 3 16 9 10 2
0 1 0 16 9 11 1
0 1 3 16 9 11 2
0 1 14 16 9 12 1
0 1 14 16 9 13 1
0 1 14 16 9 14 1
0 1 25 16 9 15 1
0 1 24 16 9 16 1
0 1 23 16 9 17 1
0 2 4 16 10 10 1
0 2 4 16 10 10 2
0 2 4 16 10 11 1
0 2 4 16 10 11 2
0 2 1 16 10 12 1
0 2 3 16 10 12 2
0 2 14 16 10 13 1
0 2 14 16 10 14 1
0 2 14 16 10 15 1
0 2 13 16 10 16 1
0 2 13 16 10 17 1
0 8 4 16 1 1 1
0 8 4 16 1 1 2
0 8 3 16 1 2 1
0 8 4 16 1 2 2
0 8 3 16 1 3 1
0 8 4 16 1 3 2
0 8 3 16 1 4 1
0 8 4 16 1 4 2
0 8 3 16 1 5 1
0 8 4 16 1 5 2
0 8 2 16 1 6 1
0 8 4 16 1 6 2
0 8 12 16 1 7 1
0 8 23 16 1 8 1
0 2 3 16 2 0 1
0 2 4 16 2 0 2
0 2 1 16 2 1 1
0 2 4 16 2 1 2
0 2 24 16 2 2 1
0 2 23 16 2 3 1
0 2 23 16 2 4 1
0 2 23 16 2 5 1
0 2 11 16 2 6 1
0 2 11 16 2 7 1
0 8 3 16 3 0 1
0 8 4 16 3 0 2
0 8 3 16 3 1 1
0 8 4 16 3 1 2
0 8 3 16 3 2 1
0 8 4 16 3 2 2
0 8 15 16 3 3 1
0 8 15 16 3 4 1
0 8 14 16 3 5 1
0 8 14 16 3 6 1
0 8 14 16 3 7 1
0 8 24 16 3 8 1
0 5 3 16 4 0 1
0 5 4 16 4 0 2
0 5 1 16 4 1 1
0 5 4 16 4 1 2
0 5 26 16 4 2 1
0 5 26 16 4 3 1
0 5 26 16 4 4 1
0 5 26 16 4 5 1
0 5 26 16 4 6 1
0 5 25 16 4 7 1
0 2 3 16 5 0 1
0 2 4 16 5 0 2
0 2 3 16 5 1 1
0 2 3 16 5 1 2
0 2 2 16 5 2 1
0 2 3 16 5 2 2
0 2 15 16 5 3 1
0 2 25 16 5 4 1
0 2 25 16 5 5 1
0 2 25 16 5 6 1
0 2 25 16 5 7 1
0 7 3 16 6 0 1
0 7 4 16 6 0 2
0 7 3 16 6 1 1
0 7 4 16 6 1 2
0 7 14 16 6 2 1
0 7 14 16 6 3 1
0 7 14 16 6 4 1
0 7 25 16 6 5 1
0 7 13 16 6 6 1
0 7 11 16 6 7 1
0 7 10 16 6 8 1
0 5 3 16 7 0 1
0 5 4 16 7 0 2
0 5 3 16 7 1 1
0 5 4 16 7 1 2
0 5 3 16 7 2 1
0 5 4 16 7 2 2
0 5 0 16 7 3 1
0 5 4 16 7 3 2
0 5 0 16 7 4 1
0 5 4 16 7 4 2
0 5 15 16 7 5 1
0 5 14 16 7 6 1
0 5 25 16 7 7 1
0 5 10 16 7 8 1
0 8 0 16 8 0 1
0 8 3 16 8 0 2
0 8 14 16 8 1 1
0 8 14 16 8 2 1
0 8 25 16 8 3 1
0 8 25 16 8 4 1
0 8 25 16 8 5 1
0 8 25 16 8 6 1
0 8 25 16 8 7 1
0 2 3 16 9 0 1
0 2 4 16 9 0 2
0 2 3 16 9 1 1
0 2 3 16 9 1 2
0 2 2 16 9 2 1
0 2 3 16 9 2 2
0 2 0 16 9 3 1
0 2 3 16 9 3 2
0 2 22 16 9 4 1
0 2 22 16 9 5 1
0 2 10 16 9 6 1
0 2 21 16 9 7 1
0 4 0 16 10 0 1
0 4 3 16 10 0 2
0 4 14 16 10 1 1
0 4 14 16 10 2 1
0 4 14 16 10 3 1
0 4 14 16 10 4 1
0 4 13 16 10 5 1
0 4 13 16 10 6 1
0 4 13 16 10 7 1
0 4 24 16 10 8 1
0 3 26 16 11 0 1
0 3 25 16 11 1 1
0 3 12 16 11 2 1
0 3 23 16 11 3 1
0 3 22 16 11 4 1
0 3 22 16 11 5 1
0 3 21 16 11 6 1
0 3 21 16 11 7 1
0 4 0 16 12 0 1
0 4 3 16 12 0 2
0 4 14 16 12 1 1
0 4 14 16 12 2 1
0 4 14 16 12 3 1
0 4 13 16 12 4 1
0 4 13 16 12 5 1
0 4 13 16 12 6 1
0 4 13 16 12 7 1
0 4 24 16 12 8 1
0 8 15 16 14 0 1
0 8 15 16 14 1 1
0 8 15 16 14 2 1
0 8 15 16 14 3 1
0 8 15 16 14 4 1
0 8 15 16 14 5 1
0 8 14 16 14 6 1
0 8 14 16 14 7 1
0 8 25 16 14 8 1
0 2 3 16 15 1 1
0 2 4 16 15 1 2
0 2 3 16 15 2 1
0 2 4 16 15 2 2
0 2 3 16 15 3 1
0 2 4 16 15 3 2
0 2 3 16 15 4 1
0 2 4 16 15 4 2
0 2 15 16 15 5 1
0 2 14 16 15 6 1
0 2 14 16 15 7 1
0 2 25 16 15 8 1
0 2 3 18 6 10 1
0 2 4 18 6 10 2
0 2 26 18 6 11 1
0 2 23 18 6 12 1
0 2 23 18 6 13 1
0 2 23 18 6 14 1
0 2 11 18 6 15 1
0 2 22 18 6 16 1
0 4 3 18 7 10 1
0 4 4 18 7 10 2
0 4 3 18 7 11 1
0 4 4 18 7 11 2
0 4 2 18 7 12 1
0 4 4 18 7 12 2
0 4 1 18 7 13 1
0 4 2 18 7 13 2
0 4 25 18 7 14 1
0 4 13 18 7 15 1
0 4 23 18 7 16 1
0 4 23 18 7 17 1
0 2 3 18 9 10 1
0 2 3 18 9 10 2
0 2 22 18 9 11 1
0 2 22 18 9 12 1
0 2 22 18 9 13 1
0 2 22 18 9 14 1
0 2 22 18 9 15 1
0 2 21 18 9 16 1
0 2 21 18 9 17 1
0 9 2 18 2 2 1
0 9 3 18 2 2 2
0 9 2 18 2 3 1
0 9 2 18 2 3 2
0 9 23 18 2 4 1
0 9 23 18 2 5 1
0 9 23 18 2 6 1
0 9 23 18 2 7 1
0 3 3 18 3 1 1
0 3 4 18 3 1 2
0 3 3 18 3 2 1
0 3 3 18 3 2 2
0 3 26 18 3 3 1
0 3 26 18 3 4 1
0 3 26 18 3 5 1
0 3 26 18 3 6 1
0 3 26 18 3 7 1
0 3 15 18 5 1 1
0 3 26 18 5 2 1
0 3 26 18 5 3 1
0 3 26 18 5 4 1
0 3 26 18 5 5 1
0 3 26 18 5 6 1
0 3 26 18 5 7 1
0 5 27 19 2 2 1
0 1 3 19 4 2 1
0 6 3 19 4 2 2
0 1 3 19 4 3 1
0 1 3 19 4 3 2
0 6 0 19 4 4 1
0 1 3 19 4 4 2
0 1 14 19 4 5 1
0 1 25 19 4 6 1
0 1 13 19 4 7 1
0 1 10 19 4 8 1
0 7 30 19 6 2 1
0 7 30 19 6 3 1
0 7 29 19 6 4 1
0 7 29 19 6 5 1
0 7 23 19 6 6 1
0 7 10 19 6 7 1
0 1 31 19 8 2 1
0 1 14 19 8 3 1
0 1 25 19 8 4 1
0 2 26 19 9 2 1
0 6 30 19 12 2 1
0 6 25 19 12 3 1
0 6 22 19 12 4 1
0 6 22 19 12 5 1
0 5 30 19 13 2 1
0 5 31 19 14 2 1
0 5 15 19 14 3 1
0 2 31 19 14 4 1
0 7 30 19 15 3 1
0 7 30 19 15 4 1
0 7 30 19 15 5 1
0 7 30 19 15 6 1
0 7 22 19 15 7 1
0 9 26 20 0 10 1
0 9 25 20 0 11 1
0 9 13 20 0 12 1
0 9 13 20 0 13 1
0 9 24 20 0 14 1
0 9 24 20 0 15 1
0 9 24 20 0 16 1
0 9 23 20 0 17 1
0 9 0 20 1 10 1
0 9 3 20 1 10 2
0 9 24 20 1 11 1
0 9 23 20 1 12 1
0 9 23 20 1 13 1
0 9 23 20 1 14 1
0 9 23 20 1 15 1
0 9 11 20 1 16 1
0 9 10 20 1 17 1
0 9 29 20 2 10 1
0 9 13 20 2 11 1
0 9 24 20 2 12 1
0 9 24 20 2 13 1
0 9 24 20 2 14 1
0 9 24 20 2 15 1
0 9 24 20 2 16 1
0 9 24 20 2 17 1
0 3 31 20 3 10 1
0 3 31 20 3 11 1
0 3 30 20 3 12 1
0 3 25 20 3 13 1
0 3 25 20 3 14 1
0 3 25 20 3 15 1
0 3 25 20 3 16 1
0 3 31 20 7 10 1
0 3 30 20 7 11 1
0 3 29 20 7 12 1
0 3 22 20 7 13 1
0 3 31 20 8 10 1
0 3 30 20 8 11 1
0 3 30 20 8 12 1
0 9 13 20 8 13 1
0 9 24 20 8 14 1
0 9 24 20 8 15 1
0 9 24 20 8 16 1
0 9 24 20 8 17 1
0 9 24 20 9 10 1
0 9 24 20 9 11 1
0 9 24 20 9 12 1
0 9 24 20 9 13 1
0 9 23 20 9 14 1
0 9 23 20 9 15 1
0 9 23 20 9 16 1
0 9 22 20 9 17 1
0 7 3 20 11 10 1
0 7 4 20 11 10 2
0 7 31 20 11 11 1
0 7 31 20 11 12 1
0 7 15 20 11 13 1
0 7 25 20 11 14 1
0 7 24 20 11 15 1
0 1 0 20 12 10 1
0 1 0 20 12 10 2
0 1 11 20 12 11 1
0 1 22 20 12 12 1
0 1 10 20 12 13 1
0 1 10 20 12 14 1
0 1 21 20 12 15 1
0 1 21 20 12 16 1
0 1 21 20 12 17 1
0 9 3 20 13 10 1
0 9 3 20 13 10 2
0 9 24 20 13 11 1
0 9 28 20 13 12 1
0 9 12 20 13 13 1
0 9 12 20 13 14 1
0 9 23 20 13 15 1
0 9 23 20 13 16 1
0 9 21 20 13 17 1
0 7 30 20 14 10 1
0 7 30 20 14 11 1
0 7 30 20 14 12 1
0 7 14 20 14 13 1
0 7 24 20 14 14 1
0 7 24 20 14 15 1
0 7 23 20 14 16 1
0 7 31 20 15 10 1
0 7 31 20 15 11 1
0 7 31 20 15 12 1
0 7 15 20 15 13 1
0 3 3 20 16 10 1
0 3 3 20 16 10 2
0 3 31 20 16 11 1
0 3 31 20 16 12 1
0 3 26 20 16 13 1
0 3 26 20 16 14 1
0 3 26 20 16 15 1
0 3 24 20 16 16 1
0 2 15 20 2 3 1
0 2 15 20 2 4 1
0 2 15 20 2 5 1
0 2 15 20 2 6 1
0 2 15 20 2 7 1
0 2 15 20 2 8 1
0 6 0 20 4 3 1
0 6 3 20 4 3 2
0 6 25 20 4 4 1
0 6 22 20 4 5 1
0 6 22 20 4 6 1
0 6 22 20 4 7 1
0 3 15 20 6 2 1
0 3 26 20 6 3 1
0 3 26 20 6 4 1
0 3 26 20 6 5 1
0 3 26 20 6 6 1
0 3 26 20 6 7 1
0 2 25 20 7 2 1
0 2 24 20 7 3 1
0 2 23 20 7 4 1
0 2 3 20 8 2 1
0 2 4 20 8 2 2
0 2 3 20 8 3 1
0 2 4 20 8 3 2
0 2 3 20 8 4 1
0 2 4 20 8 4 2
0 2 3 20 8 5 1
0 2 3 20 8 5 2
0 2 0 20 8 6 1
0 2 3 20 8 6 2
0 2 23 20 8 7 1
0 2 10 20 8 8 1
0 3 14 20 9 2 1
0 3 13 20 9 3 1
0 3 24 20 9 4 1
0 3 23 20 9 5 1
0 3 22 20 9 6 1
0 3 21 20 9 7 1
0 2 23 20 11 3 1
0 2 22 20 11 4 1
0 2 21 20 11 5 1
0 2 21 20 11 6 1
0 2 21 20 11 7 1
0 3 25 20 12 3 1
0 3 25 20 12 4 1
0 3 13 20 12 5 1
0 3 24 20 12 6 1
0 2 23 20 12 7 1
0 10 4 20 14 3 1
0 10 4 20 14 3 2
0 10 4 20 14 4 1
0 10 4 20 14 4 2
0 10 3 20 14 5 1
0 10 4 20 14 5 2
0 10 3 20 14 6 1
0 10 4 20 14 6 2
0 10 3 20 14 7 1
0 10 4 20 14 7 2
0 10 0 20 14 8 1
0 10 0 20 14 8 2
0 2 3 21 0 10 1
0 2 4 21 0 10 2
0 2 3 21 0 11 1
0 2 3 21 0 11 2
0 2 15 21 0 12 1
0 2 15 21 0 13 1
0 2 15 21 0 14 1
0 2 14 21 0 15 1
0 2 25 21 0 16 1
0 2 23 21 0 17 1
0 8 3 21 5 10 1
0 8 3 21 5 10 2
0 8 26 21 5 11 1
0 8 26 21 5 12 1
0 8 25 21 5 13 1
0 8 25 21 5 14 1
0 8 25 21 5 15 1
0 8 25 21 5 16 1
0 8 25 21 5 17 1
0 2 0 21 7 10 1
0 2 1 21 7 10 2
0 2 12 21 7 11 1
0 2 12 21 7 12 1
0 2 12 21 7 13 1
0 2 12 21 7 14 1
0 2 12 21 7 15 1
0 2 22 21 7 16 1
0 2 21 21 7 17 1
0 8 4 21 9 10 1
0 8 4 21 9 10 2
0 8 4 21 9 11 1
0 8 4 21 9 11 2
0 8 4 21 9 12 1
0 8 4 21 9 12 2
0 8 14 21 9 13 1
0 8 14 21 9 14 1
0 8 25 21 9 15 1
0 8 12 21 9 16 1
0 8 12 21 9 17 1
0 2 3 21 13 10 1
0 2 3 21 13 10 2
0 2 2 21 13 11 1
0 2 3 21 13 11 2
0 2 15 21 13 12 1
0 2 26 21 13 13 1
0 2 26 21 13 14 1
0 2 14 21 13 15 1
0 2 25 21 13 16 1
0 2 22 21 13 17 1
0 2 3 21 14 10 1
0 2 4 21 14 10 2
0 2 2 21 14 11 1
0 2 3 21 14 11 2
0 2 15 21 14 12 1
0 2 15 21 14 13 1
0 2 26 21 14 14 1
0 2 14 21 14 15 1
0 2 11 21 14 16 1
0 2 22 21 14 17 1
0 1 23 21 1 5 1
0 1 23 21 1 6 1
0 3 22 21 2 4 1
0 3 21 21 2 5 1
0 1 0 21 5 4 1
0 1 3 21 5 4 2
0 1 12 21 5 5 1
0 1 23 21 5 6 1
0 1 23 21 5 7 1
0 1 26 21 7 3 1
0 1 14 21 7 4 1
0 1 25 21 7 5 1
0 1 24 21 7 6 1
0 7 3 21 9 3 1
0 10 4 21 9 3 2
0 7 26 21 9 4 1
0 7 24 21 9 5 1
0 7 11 21 9 6 1
0 7 21 21 9 7 1
0 1 3 21 10 3 1
0 1 4 21 10 3 2
0 1 3 21 10 4 1
0 1 3 21 10 4 2
0 3 0 21 12 4 1
0 3 0 21 12 4 2
0 3 25 21 13 4 1
0 3 25 21 13 5 1
0 3 25 21 13 6 1
0 3 23 21 14 4 1
0 6 4 22 4 10 1
0 6 4 22 4 10 2
0 6 24 22 4 11 1
0 6 23 22 4 12 1
0 6 23 22 4 13 1
0 6 11 22 4 14 1
0 6 22 22 4 15 1
0 6 22 22 4 16 1
0 6 22 22 4 17 1
0 2 0 22 5 10 1
0 2 2 22 5 10 2
0 2 0 22 5 11 1
0 2 1 22 5 11 2
0 2 23 22 5 12 1
0 2 23 22 5 13 1
0 2 23 22 5 14 1
0 2 21 22 5 15 1
0 2 21 22 5 16 1
0 2 21 22 5 17 1
0 1 22 22 11 10 1
0 1 22 22 11 11 1
0 1 22 22 11 12 1
0 1 22 22 11 13 1
0 1 22 22 11 14 1
0 1 22 22 11 15 1
0 1 21 22 11 16 1
0 3 3 22 12 10 1
0 3 3 22 12 10 2
0 3 22 22 12 11 1
0 3 22 22 12 12 1
0 3 22 22 12 13 1
0 3 10 22 12 14 1
0 3 21 22 12 15 1
0 3 21 22 12 16 1
0 3 21 22 12 17 1
0 1 0 22 13 10 1
0 1 2 22 13 10 2
0 1 23 22 13 11 1
0 1 23 22 13 12 1
0 1 11 22 13 13 1
0 1 11 22 13 14 1
0 1 22 22 13 15 1
0 1 22 22 13 16 1
0 1 22 22 13 17 1
0 3 22 22 14 10 1
0 3 22 22 14 11 1
0 3 10 22 14 12 1
0 3 21 22 14 13 1
0 3 21 22 14 14 1
0 2 22 22 1 6 1
0 2 22 22 1 7 1
0 5 25 22 2 5 1
0 5 25 22 2 6 1
0 5 25 22 2 7 1
0 2 24 22 5 5 1
0 2 23 22 5 6 1
0 3 3 22 8 4 1
0 3 4 22 8 4 2
0 3 10 22 11 5 1
0 3 10 22 11 6 1
0 3 11 22 12 5 1
0 3 22 22 12 6 1
0 3 22 22 12 7 1
0 3 25 22 13 5 1
0 3 25 22 13 6 1
0 3 24 22 13 7 1
0 3 22 22 14 5 1
0 3 21 22 14 6 1
0 4 3 23 1 10 1
0 4 4 23 1 10 2
0 4 2 23 1 11 1
0 4 4 23 1 11 2
0 4 0 23 1 12 1
0 4 3 23 1 12 2
0 4 25 23 1 13 1
0 4 25 23 1 14 1
0 4 25 23 1 15 1
0 4 24 23 1 16 1
0 4 22 23 1 17 1
0 3 14 23 3 10 1
0 3 25 23 3 11 1
0 3 25 23 3 12 1
0 3 24 23 3 13 1
0 3 23 23 3 14 1
0 3 23 23 3 15 1
0 3 22 23 3 16 1
0 3 21 23 3 17 1
0 2 1 23 6 10 1
0 2 3 23 6 10 2
0 2 11 23 6 11 1
0 2 22 23 6 12 1
0 2 22 23 6 13 1
0 2 22 23 6 14 1
0 2 22 23 6 15 1
0 2 22 23 6 16 1
0 2 10 23 6 17 1
0 5 4 23 7 10 1
0 5 4 23 7 10 2
0 5 4 23 7 11 1
0 5 4 23 7 11 2
0 5 3 23 7 12 1
0 5 3 23 7 12 2
0 5 3 23 7 13 1
0 5 3 23 7 13 2
0 5 25 23 7 14 1
0 5 25 23 7 15 1
0 5 22 23 7 16 1
0 5 21 23 7 17 1
0 2 3 23 8 10 1
0 2 3 23 8 10 2
0 2 0 23 8 11 1
0 2 3 23 8 11 2
0 2 23 23 8 12 1
0 2 22 23 8 13 1
0 2 22 23 8 14 1
0 2 22 23 8 15 1
0 2 21 23 8 16 1
0 2 21 23 8 17 1
0 5 0 23 9 10 1
0 5 4 23 9 10 2
0 5 26 23 9 11 1
0 5 26 23 9 12 1
0 5 24 23 9 13 1
0 9 0 23 10 10 1
0 9 3 23 10 10 2
0 9 23 23 10 11 1
0 9 11 23 10 12 1
0 9 11 23 10 13 1
0 9 11 23 10 14 1
0 9 11 23 10 15 1
0 9 11 23 10 16 1
0 9 21 23 10 17 1
0 3 3 23 16 10 1
0 3 3 23 16 10 2
0 3 3 23 16 11 1
0 3 3 23 16 11 2
0 3 22 23 16 12 1
0 3 22 23 16 13 1
0 3 22 23 16 14 1
0 3 22 23 16 15 1
0 3 22 23 16 16 1
0 3 10 23 16 17 1
0 10 3
0 10 26
0 10 3
0 10 26
0 10 31
0 10 26
0 10 3
0 10 26
0 10 3
0 10 3
0 10 26
0 10 31
0 10 26
0 10 26
0 12 23
0 12 23
0 12 2
0 12 4
0 12 23
0 12 4
0 12 26
0 12 23
0 12 2
0 12 24
0 12 4
0 12 10
0 12 3
0 12 3
0 12 24
0 12 2
0 12 12
0 12 4
0 12 11
0 12 3
0 12 2
0 12 4
0 12 24
0 12 4
0 12 2
0 12 23
0 12 3
0 12 22
0 12 22
0 12 23
0 12 24
0 12 4
0 12 12
0 12 23
0 12 23
0 12 4
0 12 4
0 12 3
0 12 14
0 12 1
0 12 11
0 12 23
0 12 24
0 12 23
0 12 3
0 12 3
0 12 3
0 12 4
0 12 23
0 12 3
0 12 4
0 12 22
0 12 22
0 12 4
0 12 3
0 12 23
0 12 25
0 12 3
0 12 4
0 12 14
0 12 11
0 12 25
0 12 3
0 12 22
0 12 22
0 12 23
0 12 10
0 12 3
0 12 24
0 12 3
0 12 4
0 12 24
0 12 3
0 12 4
0 12 3
0 12 4
0 12 4
0 12 24
0 12 3
0 12 24
0 12 23
0 12 12
0 12 23
0 12 4
0 12 22
0 12 23
0 12 23
0 12 25
0 12 4
0 12 12
0 12 4
0 12 24
0 12 23
0 12 23
0 12 23
0 12 0
0 12 12
0 12 2
0 12 11
0 12 22
0 12 24
0 12 24
0 12 3
0 12 23
0 12 4
0 12 12
0 12 4
0 12 23
0 12 3
0 12 3
0 12 22
0 12 0
0 12 23
0 12 4
0 12 22
0 12 23
0 12 23
0 12 2
0 12 22
0 12 3
0 12 4
0 12 25
0 12 3
0 12 4
0 12 23
0 12 4
0 12 0
0 12 26
0 12 23
0 12 4
0 12 3
0 12 3
0 12 3
0 12 3
0 12 22
0 12 23
0 12 23
0 12 22
0 12 15
0 12 4
0 12 3
0 12 12
0 12 15
0 12 23
0 12 3
0 12 23
0 1 22
0 1 11
0 1 22
0 1 23
0 1 21
0 1 12
0 1 21
0 1 13
0 1 1
0 1 4
0 1 23
0 1 23
0 1 25
0 1 24
0 1 21
0 1 23
0 1 23
0 1 3
0 1 12
0 1 22
0 1 0
0 1 23
0 1 24
0 1 25
0 1 24
0 1 21
0 1 0
0 1 23
0 1 21
0 1 23
0 1 23
0 1 23
0 1 0
0 1 1
0 1 24
0 1 23
0 1 0
0 1 22
0 1 22
0 1 4
0 1 23
0 1 23
0 1 10
0 1 12
0 1 11
0 1 2
0 1 23
0 1 0
0 1 3
0 1 11
0 1 22
0 1 22
0 1 3
0 1 24
0 1 22
0 1 12
0 1 22
0 1 0
0 1 0
0 1 22
0 1 23
0 1 22
0 1 3
0 1 4
0 1 23
0 1 3
0 1 25
0 1 24
0 1 4
0 1 14
0 1 24
0 1 23
0 1 21
0 1 23
0 2 4
0 2 21
0 2 3
0 2 13
0 2 22
0 2 23
0 2 25
0 2 1
0 2 22
0 2 10
0 2 22
0 2 22
0 2 22
0 2 0
0 2 4
0 2 22
0 2 12
0 2 10
0 2 3
0 2 3
0 2 22
0 2 24
0 2 22
0 2 0
0 2 22
0 2 0
0 2 21
0 2 0
0 2 25
0 2 11
0 2 22
0 2 3
0 2 24
0 2 10
0 2 2
0 2 3
0 2 2
0 2 12
0 2 11
0 2 22
0 2 22
0 2 22
0 2 24
0 2 12
0 2 14
0 2 10
0 2 13
0 2 11
0 2 4
0 2 21
0 2 23
0 2 22
0 2 12
0 2 14
0 2 23
0 2 0
0 2 22
0 2 3
0 2 2
0 2 24
0 2 22
0 2 11
0 2 21
0 2 23
0 2 11
0 2 22
0 2 0
0 2 22
0 2 21
0 2 4
0 2 1
0 2 22
0 2 10
0 2 12
0 2 10
0 2 14
0 2 25
0 2 0
0 2 0
0 2 22
0 2 11
0 2 21
0 2 12
0 2 24
0 2 23
0 2 3
0 2 22
0 2 24
0 2 23
0 2 22
0 2 24
0 2 3
0 2 11
0 2 2
0 2 0
0 2 23
0 2 22
0 2 22
0 2 3
0 2 11
0 2 3
0 2 4
0 2 22
0 2 0
0 2 22
0 2 1
0 2 24
0 2 13
0 2 23
0 2 22
0 2 21
0 2 3
0 2 22
0 2 21
0 2 22
0 2 21
0 2 22
0 2 22
0 2 13
0 2 21
0 2 0
0 2 21
0 2 0
0 2 2
0 2 21
0 2 22
0 2 23
0 2 15
0 2 22
0 2 15
0 2 22
0 2 10
0 2 10
0 2 21
0 2 10
0 2 22
0 2 23
0 2 23
0 2 10
0 2 23
0 2 22
0 2 24
0 2 23
0 2 24
0 2 2
0 2 22
0 2 2
0 2 2
0 2 11
0 2 22
0 2 11
0 2 22
0 2 4
0 2 25
0 2 21
0 2 23
0 2 3
0 2 3
0 2 12
0 2 13
0 2 22
0 2 0
0 2 23
0 2 23
0 2 3
0 2 0
0 2 21
0 2 10
0 2 22
0 2 23
0 2 24
0 2 22
0 2 23
0 4 3
0 4 24
0 4 2
0 4 23
0 4 2
0 4 14
0 4 23
0 4 26
0 4 24
0 4 24
0 4 22
0 4 12
0 4 23
0 4 2
0 4 22
0 4 4
0 4 25
0 4 23
0 4 11
0 4 25
0 4 2
0 4 22
0 4 22
0 4 24
0 4 3
0 4 2
0 4 14
0 4 25
0 4 3
0 4 3
0 4 23
0 4 23
0 4 11
0 4 23
0 4 3
0 4 6
0 4 13
0 4 26
0 4 11
0 4 22
0 4 23
0 4 25
0 4 11
0 4 4
0 4 3
0 4 23
0 4 4
0 5 23
0 5 26
0 5 22
0 5 4
0 5 25
0 5 23
0 5 14
0 5 3
0 5 23
0 5 24
0 5 11
0 5 11
0 5 23
0 5 4
0 5 13
0 5 1
0 5 22
0 5 13
0 5 11
0 5 12
0 5 23
0 5 14
0 5 26
0 5 1
0 6 23
0 6 25
0 6 2
0 6 25
0 6 23
0 6 0
0 6 3
0 6 22
0 6 24
0 6 25
0 6 23
0 6 23
0 6 22
0 6 10
0 6 14
0 6 4
0 6 2
0 6 25
0 6 11
0 6 22
0 6 26
0 6 4
0 6 23
0 6 4
0 6 3
0 6 25
0 6 23
0 6 24
0 6 25
0 6 2
0 6 24
0 6 15
0 6 0
0 6 25
0 6 23
0 6 0
0 6 4
0 6 3
0 6 26
0 6 23
0 6 24
0 6 23
0 6 14
0 6 4
0 6 4
0 6 4
0 6 21
0 6 25
0 6 4
0 6 25
0 6 25
0 6 23
0 6 2
0 6 22
0 6 22
0 6 2
0 6 23
0 6 12
0 6 25
0 6 2
0 6 23
0 6 25
0 6 2
0 6 11
0 6 24
0 6 23
0 6 3
0 6 3
0 6 24
0 6 25
0 6 11
0 6 24
0 6 25
0 6 4
0 6 3
0 6 1
0 6 24
0 6 3
0 6 24
0 6 14
0 6 26
0 6 4
0 6 25
0 6 4
0 6 12
0 6 26
0 6 23
0 6 11
0 6 3
0 6 25
0 6 0
0 6 2
0 6 23
0 6 12
0 6 11
0 6 26
0 6 12
0 6 25
0 6 2
0 6 26
0 6 11
0 6 23
0 6 25
0 6 25
0 6 14
0 6 11
0 6 26
0 6 24
0 6 24
0 6 23
0 6 10
0 6 2
0 6 3
0 6 2
0 6 24
0 6 15
0 6 4
0 6 24
0 6 25
0 6 2
0 6 26
0 6 0
0 6 3
0 6 4
0 6 23
0 6 0
0 6 25
0 6 0
0 6 28
0 6 24
0 6 4
0 6 23
0 6 4
0 6 14
0 6 26
0 6 22
0 6 25
0 6 23
0 6 23
0 6 23
0 6 0
0 6 4
0 6 23
0 6 2
0 6 3
0 6 22
0 6 25
0 6 11
0 6 10
0 6 26
0 6 27
0 6 25
0 6 14
0 6 24
0 6 21
0 6 12
0 6 21
0 6 22
0 6 26
0 6 3
0 6 24
0 6 13
0 6 0
0 6 3
0 6 4
0 6 13
0 6 24
0 6 23
0 6 0
0 6 11
0 6 22
0 6 10
0 6 3
0 6 12
0 6 0
0 6 24
0 6 26
0 6 31
0 6 11
0 6 3
0 6 22
0 6 4
0 6 22
0 6 23
0 6 25
0 6 3
0 6 22
0 6 23
0 6 24
0 6 25
0 6 11
0 6 24
0 6 12
0 6 23
0 6 23
0 6 23
0 6 0
0 6 11
0 6 3
0 6 13
0 6 24
0 6 11
0 6 1
0 6 13
0 6 10
0 6 23
0 6 22
0 6 0
0 6 2
0 6 23
0 6 2
0 6 0
0 6 26
0 6 25
0 6 23
0 6 25
0 6 23
0 6 27
0 6 3
0 6 4
0 6 23
0 6 1
0 6 22
0 6 4
0 6 13
0 6 3
0 6 24
0 6 24
0 6 24
0 6 3
0 6 26
0 6 0
0 6 3
0 6 23
0 6 22
0 6 21
0 6 2
0 6 14
0 6 23
0 6 25
0 6 4
0 6 0
0 6 2
0 6 23
0 6 4
0 6 0
0 6 25
0 6 22
0 6 22
0 6 26
0 6 23
0 6 24
0 6 3
0 6 12
0 6 27
0 6 10
0 6 26
0 6 4
0 6 25
0 6 24
0 6 22
0 6 2
0 6 25
0 6 10
0 6 24
0 6 23
0 6 3
0 6 15
0 6 3
0 6 13
0 6 3
0 6 30
0 6 11
0 6 11
0 6 10
0 6 23
0 6 0
0 6 1
0 6 22
0 6 4
0 6 23
0 6 0
0 6 2
0 6 24
0 6 3
0 6 2
0 6 25
0 6 4
0 6 4
0 6 4
0 6 23
0 6 25
0 6 23
0 6 26
0 6 24
0 6 31
0 6 12
0 6 24
0 6 24
0 6 23
0 6 2
0 6 25
0 6 26
0 6 4
0 6 28
0 6 25
0 6 3
0 6 24
0 6 0
0 6 12
0 6 3
0 6 23
0 6 23
0 6 24
0 6 24
0 6 25
0 6 31
0 6 22
0 6 24
0 6 24
0 6 3
0 6 4
0 6 26
0 6 12
0 6 26
0 6 23
0 6 4
0 6 4
0 6 11
0 6 15
0 6 23
0 6 25
0 6 22
0 6 24
0 6 24
0 6 12
0 6 24
0 6 23
0 6 4
0 6 10
0 6 24
0 6 26
0 6 28
0 6 13
0 6 25
0 6 23
0 6 2
0 6 1
0 6 12
0 6 12
0 6 23
0 6 24
0 6 0
0 6 12
0 6 23
0 6 4
0 6 3
0 6 25
0 6 3
0 6 23
0 6 1
0 6 12
0 6 22
0 6 4
0 6 11
0 6 26
0 6 14
0 6 29
0 8 3
0 8 3
0 9 13
0 9 1
0 9 3
0 9 12
0 9 3
0 9 11
0 9 23
0 9 11
0 9 14
0 9 13
0 9 12
0 9 12
0 9 25
0 9 15
0 9 12
0 9 23
0 9 0
0 9 3
0 9 25
0 9 10
0 9 24
0 9 11
0 9 29
0 9 11
0 9 1
0 9 22
0 9 10
0 9 3
0 9 10
0 9 24
0 9 1
0 9 11
0 9 13
0 9 24
0 9 22
0 9 29
0 9 24
0 9 22
0 9 22
0 9 12
0 9 12
0 9 13
0 9 24
0 9 11
0 9 13
0 9 12
0 9 13
0 9 22
0 9 14
0 9 22
0 9 22
0 9 11
0 9 0
0 9 0
0 9 10
0 9 11
0 9 23
0 9 13
0 9 25
0 9 11
0 9 22
0 9 13
0 9 13
0 9 24
0 9 28
0 9 3
0 9 12
0 9 23
0 9 13
0 9 22
0 9 23
0 9 11
0 9 4
0 9 23
0 9 0
0 9 24
0 9 25
0 9 25
0 9 12
0 9 24
0 9 10
0 9 24
0 9 25
0 9 24
0 9 23
0 9 12
0 9 12
0 9 12
0 9 10
0 9 24
0 9 24
0 9 12
0 9 23
0 9 12
0 9 22
0 9 29
0 9 0
0 9 3
0 9 22
0 9 10
0 9 22
0 9 3
0 9 22
0 9 0
0 9 10
0 9 23
0 9 26
0 9 23
0 9 10
0 9 24
0 9 10
0 9 11
0 9 24
0 9 22
0 9 13
0 9 23
0 9 12
0 9 1
0 9 12
0 9 11
0 9 22
0 9 14
0 9 1
0 9 0
0 9 13
0 9 11
0 9 24
0 9 11
0 9 23
0 9 24
0 9 10
0 9 14
0 9 23
0 9 10
0 9 10
0 9 24
0 9 24
0 9 0
0 9 13
0 9 12
0 9 3
0 9 11
0 9 3
0 9 24
0 9 22
0 9 24
0 9 10
0 9 21
0 9 3
0 9 11
0 9 12
0 9 0
0 9 0
0 9 23
0 9 11
0 9 24
0 9 23
0 9 3
0 9 15
0 9 23
0 9 13
0 9 3
0 9 0
0 9 23
0 9 14
0 9 21
0 9 23
0 9 13
0 9 13
0 9 21
0 9 23
0 9 11
0 9 0
0 9 23
0 9 12
0 9 3
0 9 0
0 9 3
0 9 25
0 9 24
0 9 11
0 9 24
0 9 13
0 9 0
0 9 22
0 9 10
0 9 23
0 9 12
0 9 2
0 9 24
0 9 14
0 9 23
0 9 14
0 9 23
0 9 23
0 9 23
0 9 12
0 9 10
0 9 11
0 9 23
0 9 13
0 9 4
0 9 10
0 9 14
0 9 11
0 9 22
0 9 22
0 9 24
0 9 0
0 9 3
0 9 24
0 9 0
0 9 11
0 9 1
0 9 23
0 9 23
0 9 0
0 9 22
0 9 11
0 2 23
0 2 26
0 2 26
0 2 26
0 2 3
0 2 3
0 2 3
0 2 3
0 3 25
0 3 25
0 3 14
0 3 26
0 3 26
0 3 3
0 3 2
0 3 22
0 3 23
0 3 25
0 3 26
0 3 3
0 3 4
0 3 3
0 3 3
0 7 26
0 7 26
0 7 26
0 7 4
0 7 4
0 10 25
0 10 25
0 10 25
0 10 25
0 10 25
0 10 4
0 10 4
0 1 14
0 1 26
0 1 26
0 1 26
0 1 15
0 4 23
0 4 25
0 4 14
0 4 14
0 4 26
0 4 26
0 4 15
0 9 21
0 9 21
0 9 23
0 9 12
0 9 25
0 9 14
0 9 26
0 8 10
0 8 22
0 8 24
0 8 25
0 8 26
0 8 26
0 8 4
0 8 3
0 1 22
0 1 22
0 1 23
0 1 25
0 1 3
0 1 4
0 1 4
0 1 2
0 1 3
0 1 3
0 3 22
0 3 23
0 3 25
0 3 25
0 3 3
0 3 3
0 3 0
0 3 2
0 9 21
0 9 22
0 9 24
0 9 24
0 9 25
0 9 26
0 9 15
0 8 23
0 8 12
0 8 25
0 8 25
0 8 25
0 8 26
0 8 4
0 8 4
0 1 22
0 1 22
0 1 22
0 1 11
0 1 4
0 1 4
0 1 4
0 1 3
0 1 3
0 1 3
0 3 23
0 3 25
0 3 25
0 3 14
0 3 30
0 3 31
0 3 3
0 3 3
0 2 26
0 2 15
0 2 15
0 2 31
0 2 4
0 2 4
0 2 3
0 2 4
0 7 31
0 7 31
0 10 4
0 3 2
0 7 21
0 7 22
0 7 22
0 7 13
0 7 29
0 7 30
0 7 2
0 7 1
0 6 24
0 6 24
0 6 25
0 6 25
0 6 14
0 6 4
0 6 4
0 6 3
0 6 4
0 8 25
0 8 25
0 8 14
0 8 14
0 8 30
0 8 4
0 8 4
0 8 3
0 8 4
0 7 22
0 7 25
0 7 14
0 7 26
0 7 31
0 7 31
0 7 4
0 7 4
0 2 22
0 2 22
0 2 26
0 2 15
0 2 15
0 2 3
0 2 4
0 2 4
0 2 3
0 2 4
0 2 4
0 3 21
0 3 25
0 3 26
0 3 26
0 3 26
0 3 2
0 3 4
0 3 4
0 3 3
0 3 3
0 3 4
0 7 22
0 7 22
0 7 11
0 7 23
0 7 24
0 7 24
0 7 30
0 7 2
0 7 8
0 4 23
0 4 23
0 4 24
0 4 24
0 4 24
0 4 24
0 4 13
0 4 2
0 4 0
0 4 23
0 4 25
0 4 25
0 4 25
0 4 26
0 4 31
0 4 31
0 4 4
0 4 3
0 7 24
0 7 24
0 7 25
0 7 25
0 7 26
0 7 31
0 7 31
0 7 4
0 7 0
0 2 21
0 2 25
0 2 14
0 2 26
0 2 26
0 2 15
0 2 31
0 2 4
0 2 4
0 5 24
0 5 24
0 5 24
0 5 25
0 5 0
0 5 4
0 5 4
0 5 4
0 5 3
0 5 3
0 5 3
0 5 4
0 4 23
0 4 24
0 4 24
0 4 25
0 4 25
0 4 14
0 4 3
0 4 3
0 4 0
0 4 3
0 3 21
0 3 13
0 3 25
0 3 25
0 3 25
0 3 30
0 3 3
0 3 4
0 3 3
0 3 3
0 2 21
0 2 14
0 2 15
0 2 15
0 2 15
0 2 15
0 2 4
0 2 4
0 2 3
0 2 3
0 7 24
0 7 24
0 7 25
0 7 26
0 7 26
0 7 31
0 7 31
0 7 4
0 7 3
0 7 22
0 7 28
0 8 4
0 10 4
0 7 0
0 7 2
0 7 22
0 7 11
0 7 13
0 7 25
0 7 25
0 7 30
0 7 30
0 7 30
0 7 23
0 7 30
0 7 30
0 7 30
0 5 23
0 5 25
0 5 25
0 5 25
0 5 25
0 5 31
0 5 4
0 5 4
0 5 4
0 5 4
0 6 25
0 6 25
0 6 25
0 6 25
0 6 25
0 6 25
0 6 3
0 6 3
0 6 2
0 6 3
0 1 23
0 1 23
0 1 23
0 1 23
0 1 24
0 1 24
0 1 26
0 1 3
0 1 3
0 7 23
0 7 25
0 7 26
0 7 26
0 7 15
0 7 31
0 7 31
0 7 4
0 7 0
0 4 23
0 4 25
0 4 25
0 4 25
0 4 26
0 4 26
0 4 15
0 4 31
0 7 23
0 7 25
0 7 25
0 7 26
0 7 15
0 7 31
0 7 31
0 7 3
0 7 3
0 3 23
0 3 23
0 3 25
0 3 25
0 3 25
0 3 25
0 3 30
0 3 30
0 9 23
0 9 25
0 9 25
0 9 15
0 9 15
0 9 31
0 9 3
0 9 4
0 9 3
0 9 3
0 11 11
0 11 23
0 11 23
0 11 12
0 11 12
0 11 24
0 11 24
0 11 4
0 11 3
0 11 22
0 11 23
0 11 24
0 11 25
0 11 26
0 11 4
0 11 4
0 11 4
0 11 3
0 11 3
0 11 4
0 3 12
0 3 25
0 3 25
0 3 25
0 3 26
0 3 31
0 3 31
0 3 31
0 8 22
0 8 25
0 8 26
0 8 26
0 8 26
0 8 31
0 8 3
0 8 4
0 8 3
0 8 3
0 4 22
0 4 25
0 4 26
0 4 26
0 4 26
0 4 26
0 4 4
0 10 4
0 4 2
0 4 3
0 8 24
0 8 13
0 8 13
0 8 25
0 8 25
0 8 3
0 8 4
0 8 4
0 8 0
0 8 7
0 8 3
0 2 11
0 2 23
0 2 23
0 2 23
0 2 23
0 2 24
0 2 14
0 2 31
0 3 24
0 3 13
0 3 25
0 3 25
0 3 25
0 3 31
0 3 31
0 3 31
0 3 22
0 3 25
0 3 25
0 3 25
0 3 25
0 3 14
0 3 30
0 3 31
0 2 22
0 2 22
0 2 23
0 2 24
0 2 14
0 2 30
0 2 3
0 2 4
0 2 2
0 2 3
0 3 10
0 3 11
0 3 23
0 3 25
0 3 25
0 3 25
0 3 25
0 3 3
0 3 7
0 3 23
0 3 12
0 3 25
0 3 25
0 3 25
0 3 30
0 3 26
0 3 26
0 3 21
0 3 22
0 3 24
0 3 24
0 3 24
0 3 30
0 3 4
0 3 4
0 3 3
0 3 3
0 11 21
0 11 22
0 11 22
0 11 22
0 11 23
0 11 4
0 11 4
0 11 4
0 11 3
0 11 4
0 11 4
0 9 11
0 9 11
0 9 11
0 9 23
0 9 23
0 9 23
0 9 29
0 9 3
0 9 0
0 1 23
0 1 23
0 1 23
0 1 23
0 1 3
0 1 3
0 1 4
0 1 4
0 1 2
0 1 2
0 1 2
0 1 3
0 8 24
0 8 13
0 8 25
0 8 25
0 8 25
0 8 3
0 8 4
0 8 4
0 8 3
0 8 3
0 8 4
0 3 21
0 3 23
0 3 23
0 3 25
0 3 25
0 3 14
0 3 30
0 3 31
0 8 22
0 8 23
0 8 25
0 8 26
0 8 3
0 8 3
0 8 3
0 8 4
0 8 3
0 8 3
0 8 3
0 8 4
0 3 11
0 3 25
0 3 25
0 3 26
0 3 26
0 3 31
0 3 3
0 3 4
0 3 3
0 3 3
0 8 22
0 8 24
0 8 24
0 8 25
0 8 25
0 8 30
0 8 4
0 8 4
0 8 3
0 8 4
0 6 22
0 6 23
0 6 23
0 6 23
0 6 23
0 6 4
0 6 4
0 6 4
0 6 3
0 6 3
0 6 4
0 9 22
0 9 11
0 9 11
0 9 11
0 9 23
0 9 23
0 9 29
0 9 29
0 6 23
0 6 24
0 6 24
0 6 24
0 6 24
0 6 4
0 6 4
0 6 4
0 6 1
0 6 4
0 6 4
0 8 21
0 8 23
0 8 24
0 8 13
0 8 25
0 8 30
0 8 30
0 8 4
0 8 3
0 6 25
0 6 25
0 6 25
0 6 26
0 6 3
0 6 4
0 6 4
0 6 3
0 6 4
0 6 4
0 7 21
0 7 10
0 7 30
0 7 3
0 7 4
0 7 1
0 7 3
0 3 22
0 3 23
0 3 25
0 3 25
0 3 25
0 3 25
0 3 30
0 3 3
0 3 3
0 7 11
0 7 23
0 7 13
0 7 25
0 7 26
0 7 31
0 7 31
0 7 3
0 7 3
0 3 22
0 3 13
0 3 25
0 3 25
0 3 25
0 3 25
0 3 14
0 3 3
0 3 3
0 7 25
0 7 25
0 7 25
0 7 14
0 7 14
0 7 30
0 7 30
0 7 4
0 7 3
0 7 21
0 7 10
0 7 10
0 7 22
0 7 22
0 7 22
0 7 11
0 7 23
0 5 21
0 5 24
0 5 24
0 5 24
0 5 0
0 5 4
0 5 4
0 5 4
0 5 3
0 5 3
0 5 4
0 5 4
0 7 21
0 7 25
0 7 25
0 7 26
0 7 26
0 7 26
0 7 26
0 7 26
0 3 21
0 3 22
0 3 22
0 3 11
0 3 12
0 3 25
0 3 25
0 3 25
0 4 21
0 4 22
0 4 11
0 4 23
0 4 23
0 4 23
0 4 12
0 4 3
0 4 0
0 8 11
0 8 23
0 8 24
0 9 24
0 8 25
0 9 14
0 8 26
0 8 26
0 4 21
0 4 21
0 4 10
0 4 22
0 4 22
0 4 22
0 4 23
0 4 3
0 4 1
0 9 24
0 9 24
0 9 24
0 9 24
0 9 14
0 9 15
0 9 3
0 9 3
0 9 2
0 9 3
0 6 23
0 6 23
0 6 23
0 6 23
0 6 12
0 6 24
0 6 4
0 6 4
0 6 4
0 6 4
0 9 10
0 9 22
0 9 11
0 9 11
0 9 11
0 9 23
0 9 23
0 9 4
0 9 0
0 8 25
0 8 25
0 8 25
0 8 25
0 8 25
0 8 30
0 8 4
0 8 4
0 8 3
0 8 3
0 3 25
0 3 25
0 3 25
0 3 25
0 3 25
0 3 4
0 3 4
0 3 3
0 3 4
0 8 23
0 8 23
0 8 26
0 8 26
0 8 26
0 8 31
0 8 4
0 8 4
0 8 4
0 8 4
0 3 24
0 3 25
0 3 25
0 3 25
0 3 14
0 3 26
0 3 26
0 3 4
0 3 3
0 2 24
0 2 24
0 2 25
0 2 25
0 2 25
0 2 25
0 2 25
0 2 3
0 2 3
0 5 10
0 5 22
0 5 23
0 5 24
0 5 13
0 5 25
0 5 25
0 5 3
0 5 0
0 1 21
0 1 10
0 1 22
0 1 23
0 1 23
0 1 25
0 1 3
0 1 3
0 1 0
0 1 2
0 11 22
0 11 23
0 11 23
0 11 24
0 11 24
0 11 25
0 11 25
0 11 4
0 11 3
0 8 10
0 8 22
0 8 25
0 8 25
0 8 25
0 8 3
0 8 3
0 8 4
0 8 0
0 8 1
0 8 2
0 8 24
0 8 25
0 8 25
0 8 26
0 8 26
0 8 26
0 8 3
0 8 3
0 8 3
0 8 3
0 8 21
0 8 25
0 8 14
0 8 26
0 8 26
0 8 26
0 8 26
0 8 4
0 8 4
0 9 11
0 9 24
0 9 24
0 9 13
0 9 29
0 9 30
0 9 30
0 1 10
0 1 23
0 1 24
0 1 26
0 1 26
0 1 31
0 1 31
0 1 3
0 1 3
0 4 21
0 4 21
0 4 22
0 4 22
0 7 23
0 7 29
0 7 30
0 7 30
0 7 21
0 7 23
0 7 24
0 7 26
0 7 15
0 7 31
0 7 31
0 7 4
0 7 3
0 1 23
0 1 26
0 1 15
0 1 15
0 1 31
0 1 31
0 1 31
0 3 23
0 3 23
0 3 25
0 3 25
0 3 25
0 3 25
0 3 26
0 3 4
0 3 3
0 7 21
0 7 24
0 10 4
0 7 4
0 4 0
0 5 3
0 7 14
0 7 14
0 7 30
0 7 30
0 7 30
0 7 30
0 2 3
0 2 4
0 1 4
0 4 25
0 7 21
0 7 28
0 7 29
0 7 29
0 5 27
0 3 3
0 9 22
0 9 22
0 9 22
0 9 22
0 9 22
0 9 22
