# Parameters: nPorts nContainers
13 3528
# Transport type: id length=(20,40) weight type=(DC,RC,HC,HR)
0 20 3 DC
1 20 9 DC
2 20 14 DC
3 20 21 DC
4 20 27 DC
5 20 3 RC
6 20 9 RC
7 20 14 RC
8 20 21 RC
9 20 27 RC
10 40 3 DC
11 40 6 DC
12 40 9 DC
13 40 14 DC
14 40 21 DC
15 40 27 DC
16 40 3 RC
17 40 9 RC
18 40 14 RC
19 40 21 RC
20 40 27 RC
21 40 3 HC
22 40 6 HC
23 40 9 HC
24 40 14 HC
25 40 21 HC
26 40 27 HC
27 40 3 HR
28 40 9 HR
29 40 14 HR
30 40 21 HR
31 40 27 HR
32 40 3 HC
33 40 6 HC
34 40 9 HC
35 40 14 HC
36 40 21 HC
37 40 27 HC
# Container: startPort endPort typeId [bay stack tier slot]
0 7 4 1 4 10 1
0 7 4 1 4 10 2
0 7 4 1 4 11 1
0 7 4 1 4 11 2
0 7 25 1 4 12 1
0 3 22 1 4 13 1
0 4 26 1 5 10 1
0 6 26 1 5 11 1
0 6 14 1 5 12 1
0 6 14 1 5 13 1
0 9 24 1 7 10 1
0 5 4 1 8 10 1
0 10 4 1 8 10 2
0 5 3 1 8 11 1
0 5 4 1 8 11 2
0 5 12 1 8 12 1
0 5 21 1 8 13 1
0 5 24 1 6 6 1
0 4 23 1 6 7 1
0 5 4 1 7 4 1
0 5 4 1 7 4 2
0 5 4 1 7 5 1
0 5 4 1 7 5 2
0 5 3 1 7 6 1
0 5 4 1 7 6 2
0 5 3 1 7 7 1
0 5 3 1 7 7 2
0 5 3 1 7 8 1
0 5 2 1 7 8 2
0 8 2 1 9 6 1
0 8 4 1 9 6 2
0 8 1 1 9 7 1
0 8 4 1 9 7 2
0 8 22 1 9 8 1
0 7 25 2 10 10 1
0 7 25 2 10 11 1
0 4 25 2 10 12 1
0 4 25 2 10 13 1
0 4 4 2 11 10 1
0 4 4 2 11 10 2
0 4 4 2 11 11 1
0 4 4 2 11 11 2
0 4 25 2 11 12 1
0 4 22 2 11 13 1
0 4 2 2 12 10 1
0 4 3 2 12 10 2
0 4 25 2 12 11 1
0 4 24 2 12 12 1
0 4 22 2 12 13 1
0 7 4 2 13 10 1
0 7 4 2 13 10 2
0 7 15 2 13 11 1
0 4 25 2 13 12 1
0 7 3 2 14 10 1
0 7 3 2 14 10 2
0 7 3 2 14 11 1
0 7 3 2 14 11 2
0 7 25 2 14 12 1
0 4 25 2 14 13 1
0 4 14 2 3 7 1
0 3 25 2 3 8 1
0 1 26 2 4 6 1
0 1 12 2 4 7 1
0 4 10 2 4 8 1
0 1 3 2 5 5 1
0 1 3 2 5 5 2
0 1 15 2 5 6 1
0 1 15 2 5 7 1
0 1 26 2 5 8 1
0 9 3 2 6 3 1
0 9 4 2 6 3 2
0 9 25 2 6 4 1
0 9 24 2 6 5 1
0 9 24 2 6 6 1
0 9 24 2 6 7 1
0 3 2 2 7 3 1
0 3 4 2 7 3 2
0 5 4 2 7 4 1
0 5 0 2 7 4 2
0 5 15 2 7 5 1
0 5 26 2 7 6 1
0 5 14 2 7 7 1
0 5 14 2 7 8 1
0 4 26 2 8 3 1
0 4 25 2 8 4 1
0 4 25 2 8 5 1
0 4 25 2 8 6 1
0 4 25 2 8 7 1
0 8 26 2 9 3 1
0 8 26 2 9 4 1
0 8 26 2 9 5 1
0 8 26 2 9 6 1
0 8 26 2 9 7 1
0 9 25 2 10 5 1
0 9 22 2 10 6 1
0 8 23 2 11 6 1
0 8 22 2 11 7 1
0 4 4 2 12 7 1
0 4 4 2 12 7 2
0 4 3 2 12 8 1
0 4 3 2 12 8 2
0 9 1 3 6 10 1
0 9 4 3 6 10 2
0 6 0 3 6 11 1
0 6 3 3 6 11 2
0 6 23 3 6 12 1
0 6 23 3 6 13 1
0 4 4 3 7 10 1
0 4 4 3 7 10 2
0 4 2 3 7 11 1
0 4 3 3 7 11 2
0 4 26 3 7 12 1
0 4 23 3 7 13 1
0 8 26 3 8 10 1
0 4 14 3 9 10 1
0 4 22 3 9 11 1
0 3 4 3 2 7 1
0 3 4 3 2 7 2
0 3 26 3 2 8 1
0 1 0 3 4 5 1
0 1 3 3 4 5 2
0 1 0 3 4 6 1
0 1 3 3 4 6 2
0 1 0 3 4 7 1
0 1 2 3 4 7 2
0 1 22 3 4 8 1
0 1 2 3 6 2 1
0 1 3 3 6 2 2
0 1 26 3 6 3 1
0 1 26 3 6 4 1
0 1 25 3 6 5 1
0 1 25 3 6 6 1
0 1 25 3 6 7 1
0 1 3 3 7 2 1
0 1 4 3 7 2 2
0 1 3 3 7 3 1
0 1 4 3 7 3 2
0 1 3 3 7 4 1
0 1 3 3 7 4 2
0 1 15 3 7 5 1
0 1 15 3 7 6 1
0 1 15 3 7 7 1
0 1 26 3 7 8 1
0 3 15 3 8 2 1
0 3 26 3 8 3 1
0 3 25 3 8 4 1
0 3 25 3 8 5 1
0 3 23 3 8 6 1
0 3 23 3 8 7 1
0 3 2 3 9 2 1
0 3 4 3 9 2 2
0 3 26 3 9 3 1
0 3 26 3 9 4 1
0 3 14 3 9 5 1
0 3 25 3 9 6 1
0 3 24 3 9 7 1
0 5 4 3 10 3 1
0 5 4 3 10 3 2
0 5 4 3 10 4 1
0 5 4 3 10 4 2
0 5 4 3 10 5 1
0 5 4 3 10 5 2
0 5 3 3 10 6 1
0 5 4 3 10 6 2
0 5 3 3 10 7 1
0 5 4 3 10 7 2
0 5 3 3 10 8 1
0 5 1 3 10 8 2
0 5 25 3 11 5 1
0 5 25 3 11 6 1
0 4 25 3 11 7 1
0 7 4 3 13 7 1
0 7 4 3 13 7 2
0 5 3 3 13 8 1
0 6 3 3 13 8 2
0 5 3 4 0 10 1
0 6 4 4 0 10 2
0 4 3 4 0 11 1
0 6 4 4 0 11 2
0 2 3 4 0 12 1
0 2 0 4 0 12 2
0 2 12 4 0 13 1
0 6 2 4 1 10 1
0 6 4 4 1 10 2
0 6 1 4 1 11 1
0 6 3 4 1 11 2
0 6 24 4 1 12 1
0 6 23 4 1 13 1
0 5 4 4 2 10 1
0 5 4 4 2 10 2
0 5 3 4 2 11 1
0 5 4 4 2 11 2
0 5 26 4 2 12 1
0 4 14 4 3 10 1
0 5 25 4 3 11 1
0 5 25 4 3 12 1
0 5 25 4 3 13 1
0 4 3 4 4 10 1
0 4 4 4 4 10 2
0 4 15 4 4 11 1
0 4 15 4 4 12 1
0 4 25 4 4 13 1
0 4 3 4 5 10 1
0 4 4 4 5 10 2
0 4 14 4 5 11 1
0 4 25 4 5 12 1
0 4 12 4 5 13 1
0 9 25 4 6 10 1
0 7 3 4 7 10 1
0 10 3 4 7 10 2
0 9 3 4 8 10 1
0 9 4 4 8 10 2
0 9 3 4 8 11 1
0 9 3 4 8 11 2
0 9 3 4 8 12 1
0 9 2 4 8 12 2
0 9 23 4 8 13 1
0 3 3 4 9 10 1
0 3 4 4 9 10 2
0 3 24 4 9 11 1
0 3 23 4 9 12 1
0 3 23 4 9 13 1
0 7 4 4 10 10 1
0 7 4 4 10 10 2
0 7 4 4 10 11 1
0 7 4 4 10 11 2
0 7 26 4 10 12 1
0 4 3 4 11 10 1
0 4 3 4 11 10 2
0 4 3 4 11 11 1
0 4 3 4 11 11 2
0 4 3 4 11 12 1
0 4 3 4 11 12 2
0 4 12 4 11 13 1
0 4 3 4 12 10 1
0 4 4 4 12 10 2
0 4 26 4 12 11 1
0 4 26 4 12 12 1
0 4 25 4 12 13 1
0 4 0 4 13 10 1
0 4 3 4 13 10 2
0 4 24 4 13 11 1
0 4 23 4 13 12 1
0 4 22 4 13 13 1
0 4 1 4 14 10 1
0 4 3 4 14 10 2
0 4 25 4 14 11 1
0 4 25 4 14 12 1
0 6 0 4 1 7 1
0 6 0 4 1 7 2
0 6 0 4 1 8 1
0 6 0 4 1 8 2
0 6 15 4 2 5 1
0 6 26 4 2 6 1
0 6 15 4 2 7 1
0 6 15 4 2 8 1
0 6 0 4 3 4 1
0 6 3 4 3 4 2
0 6 12 4 3 5 1
0 6 12 4 3 6 1
0 6 11 4 3 7 1
0 6 21 4 3 8 1
0 6 12 4 4 3 1
0 6 12 4 4 4 1
0 6 12 4 4 5 1
0 6 23 4 4 6 1
0 6 11 4 4 7 1
0 6 11 4 4 8 1
0 6 26 4 5 1 1
0 6 25 4 5 2 1
0 6 25 4 5 3 1
0 6 24 4 5 4 1
0 6 24 4 5 5 1
0 6 13 4 5 6 1
0 6 23 4 5 7 1
0 3 3 4 6 1 1
0 7 4 4 6 1 2
0 3 3 4 6 2 1
0 3 4 4 6 2 2
0 3 15 4 6 3 1
0 3 26 4 6 4 1
0 3 14 4 6 5 1
0 3 14 4 6 6 1
0 3 25 4 6 7 1
0 5 4 4 7 1 1
0 5 4 4 7 1 2
0 5 4 4 7 2 1
0 5 4 4 7 2 2
0 5 3 4 7 3 1
0 5 4 4 7 3 2
0 5 3 4 7 4 1
0 5 4 4 7 4 2
0 5 3 4 7 5 1
0 5 3 4 7 5 2
0 5 3 4 7 6 1
0 5 3 4 7 6 2
0 5 3 4 7 7 1
0 5 3 4 7 7 2
0 5 3 4 7 8 1
0 5 3 4 7 8 2
0 6 1 4 8 1 1
0 6 3 4 8 1 2
0 6 14 4 8 2 1
0 6 14 4 8 3 1
0 6 14 4 8 4 1
0 6 14 4 8 5 1
0 6 14 4 8 6 1
0 6 13 4 8 7 1
0 6 24 4 8 8 1
0 3 1 4 9 1 1
0 3 4 4 9 1 2
0 3 26 4 9 2 1
0 3 26 4 9 3 1
0 3 14 4 9 4 1
0 3 25 4 9 5 1
0 3 25 4 9 6 1
0 3 25 4 9 7 1
0 9 3 4 10 1 1
0 9 4 4 10 1 2
0 9 26 4 10 2 1
0 9 14 4 10 3 1
0 9 14 4 10 4 1
0 9 25 4 10 5 1
0 9 25 4 10 6 1
0 9 25 4 10 7 1
0 9 3 4 11 3 1
0 9 4 4 11 3 2
0 9 2 4 11 4 1
0 9 4 4 11 4 2
0 9 2 4 11 5 1
0 9 4 4 11 5 2
0 9 1 4 11 6 1
0 9 3 4 11 6 2
0 9 24 4 11 7 1
0 9 11 4 11 8 1
0 4 3 4 12 4 1
0 6 3 4 12 4 2
0 4 3 4 12 5 1
0 6 3 4 12 5 2
0 4 15 4 12 6 1
0 4 26 4 12 7 1
0 6 13 4 12 8 1
0 7 4 4 13 5 1
0 7 4 4 13 5 2
0 7 4 4 13 6 1
0 7 4 4 13 6 2
0 7 3 4 13 7 1
0 7 4 4 13 7 2
0 7 25 4 13 8 1
0 5 3 4 14 7 1
0 5 4 4 14 7 2
0 5 26 4 14 8 1
0 4 3 5 7 10 1
0 4 4 5 7 10 2
0 4 3 5 7 11 1
0 4 2 5 7 11 2
0 4 26 5 7 12 1
0 4 25 5 7 13 1
0 5 4 5 8 10 1
0 5 4 5 8 10 2
0 5 3 5 8 11 1
0 5 4 5 8 11 2
0 5 12 5 8 12 1
0 5 12 5 8 13 1
0 3 1 5 10 10 1
0 3 3 5 10 10 2
0 3 26 5 10 11 1
0 3 13 5 10 12 1
0 3 24 5 10 13 1
0 4 3 5 11 10 1
0 4 4 5 11 10 2
0 4 26 5 11 11 1
0 4 12 5 11 12 1
0 4 22 5 11 13 1
0 3 3 5 12 10 1
0 3 4 5 12 10 2
0 3 25 5 12 11 1
0 3 13 5 12 12 1
0 3 23 5 12 13 1
0 3 0 5 13 10 1
0 3 4 5 13 10 2
0 3 0 5 13 11 1
0 3 4 5 13 11 2
0 3 24 5 13 12 1
0 3 11 5 13 13 1
0 2 15 5 15 10 1
0 2 26 5 15 11 1
0 6 0 5 1 5 1
0 6 3 5 1 5 2
0 6 0 5 1 6 1
0 6 3 5 1 6 2
0 6 25 5 1 7 1
0 6 12 5 1 8 1
0 9 2 5 2 4 1
0 9 4 5 2 4 2
0 9 0 5 2 5 1
0 9 2 5 2 5 2
0 9 12 5 2 6 1
0 9 12 5 2 7 1
0 9 23 5 2 8 1
0 8 4 5 4 2 1
0 8 4 5 4 2 2
0 1 4 5 4 3 1
0 8 4 5 4 3 2
0 1 4 5 4 4 1
0 8 3 5 4 4 2
0 8 15 5 4 5 1
0 8 15 5 4 6 1
0 1 15 5 4 7 1
0 1 26 5 4 8 1
0 3 3 5 5 1 1
0 3 4 5 5 1 2
0 3 26 5 5 2 1
0 3 26 5 5 3 1
0 3 25 5 5 4 1
0 3 24 5 5 5 1
0 3 24 5 5 6 1
0 3 24 5 5 7 1
0 6 14 5 6 0 1
0 6 24 5 6 1 1
0 6 24 5 6 2 1
0 6 24 5 6 3 1
0 6 24 5 6 4 1
0 6 24 5 6 5 1
0 6 24 5 6 6 1
0 6 24 5 6 7 1
0 3 2 5 7 0 1
0 3 4 5 7 0 2
0 9 4 5 7 1 1
0 9 0 5 7 1 2
0 9 15 5 7 2 1
0 9 15 5 7 3 1
0 9 26 5 7 4 1
0 9 25 5 7 5 1
0 9 25 5 7 6 1
0 9 25 5 7 7 1
0 3 12 5 8 0 1
0 3 12 5 8 1 1
0 3 12 5 8 2 1
0 3 23 5 8 3 1
0 3 23 5 8 4 1
0 3 23 5 8 5 1
0 3 22 5 8 6 1
0 8 10 5 8 7 1
0 9 3 5 9 0 1
0 9 3 5 9 0 2
0 9 0 5 9 1 1
0 9 3 5 9 1 2
0 9 24 5 9 2 1
0 9 24 5 9 3 1
0 9 12 5 9 4 1
0 9 23 5 9 5 1
0 9 23 5 9 6 1
0 9 21 5 9 7 1
0 5 3 5 10 1 1
0 7 4 5 10 1 2
0 5 1 5 10 2 1
0 5 4 5 10 2 2
0 9 26 5 10 3 1
0 9 14 5 10 4 1
0 5 14 5 10 5 1
0 5 14 5 10 6 1
0 5 14 5 10 7 1
0 5 14 5 10 8 1
0 6 3 5 11 2 1
0 6 3 5 11 2 2
0 6 0 5 11 3 1
0 6 3 5 11 3 2
0 6 13 5 11 4 1
0 6 24 5 11 5 1
0 6 12 5 11 6 1
0 6 12 5 11 7 1
0 6 12 5 11 8 1
0 6 13 5 12 3 1
0 6 13 5 12 4 1
0 6 13 5 12 5 1
0 6 24 5 12 6 1
0 6 12 5 12 7 1
0 6 11 5 12 8 1
0 3 26 5 13 4 1
0 3 26 5 13 5 1
0 6 14 5 13 6 1
0 6 24 5 13 7 1
0 3 13 5 14 5 1
0 3 13 5 14 6 1
0 3 12 5 14 7 1
0 3 22 5 14 8 1
0 3 4 6 0 10 1
0 3 4 6 0 10 2
0 3 3 6 0 11 1
0 3 3 6 0 11 2
0 3 2 6 0 12 1
0 3 2 6 0 12 2
0 3 2 6 0 13 1
0 3 2 6 0 13 2
0 3 23 6 0 14 1
0 2 7 6 1 10 1
0 2 3 6 1 10 2
0 2 7 6 1 11 1
0 2 3 6 1 11 2
0 2 2 6 1 12 1
0 2 3 6 1 12 2
0 2 10 6 1 13 1
0 2 21 6 1 14 1
0 3 3 6 3 10 1
0 3 4 6 3 10 2
0 3 3 6 3 11 1
0 3 4 6 3 11 2
0 3 0 6 3 12 1
0 3 2 6 3 12 2
0 3 23 6 3 13 1
0 3 23 6 3 14 1
0 3 2 6 4 10 1
0 3 2 6 4 10 2
0 3 24 6 4 11 1
0 3 23 6 4 12 1
0 3 23 6 4 13 1
0 3 23 6 4 14 1
0 2 4 6 5 10 1
0 2 4 6 5 10 2
0 2 4 6 5 11 1
0 2 4 6 5 11 2
0 2 3 6 5 12 1
0 2 3 6 5 12 2
0 2 22 6 5 13 1
0 2 22 6 5 14 1
0 3 2 6 6 10 1
0 3 4 6 6 10 2
0 3 5 6 6 11 1
0 3 3 6 6 11 2
0 3 23 6 6 12 1
0 3 23 6 6 13 1
0 3 22 6 6 14 1
0 1 3 6 7 10 1
0 1 4 6 7 10 2
0 1 29 6 7 11 1
0 1 24 6 7 12 1
0 1 24 6 7 13 1
0 1 24 6 7 14 1
0 8 3 6 8 10 1
0 8 4 6 8 10 2
0 8 30 6 8 11 1
0 8 25 6 8 12 1
0 8 25 6 8 13 1
0 8 13 6 8 14 1
0 3 4 6 9 10 1
0 3 4 6 9 10 2
0 3 2 6 9 11 1
0 3 4 6 9 11 2
0 3 23 6 9 12 1
0 3 23 6 9 13 1
0 3 22 6 9 14 1
0 3 2 6 10 10 1
0 3 4 6 10 10 2
0 3 28 6 10 11 1
0 3 23 6 10 12 1
0 3 23 6 10 13 1
0 3 23 6 10 14 1
0 3 3 6 11 10 1
0 3 4 6 11 10 2
0 3 3 6 11 11 1
0 3 3 6 11 11 2
0 3 24 6 11 12 1
0 3 23 6 11 13 1
0 3 23 6 11 14 1
0 5 25 6 12 10 1
0 1 30 6 13 10 1
0 1 30 6 13 11 1
0 1 14 6 13 12 1
0 1 25 6 13 13 1
0 1 24 6 13 14 1
0 1 3 6 15 10 1
0 1 4 6 15 10 2
0 1 0 6 15 11 1
0 1 3 6 15 11 2
0 1 22 6 15 12 1
0 1 10 6 15 13 1
0 1 10 6 15 14 1
0 9 4 6 1 4 1
0 9 4 6 1 4 2
0 9 3 6 1 5 1
0 9 4 6 1 5 2
0 9 24 6 1 6 1
0 9 12 6 1 7 1
0 9 12 6 1 8 1
0 6 0 6 2 1 1
0 3 4 6 2 1 2
0 3 14 6 2 2 1
0 3 25 6 2 3 1
0 3 25 6 2 4 1
0 3 24 6 2 5 1
0 3 24 6 2 6 1
0 3 24 6 2 7 1
0 3 1 6 3 1 1
0 3 4 6 3 1 2
0 3 1 6 3 2 1
0 3 3 6 3 2 2
0 3 14 6 3 3 1
0 3 25 6 3 4 1
0 3 25 6 3 5 1
0 3 24 6 3 6 1
0 3 24 6 3 7 1
0 6 14 6 4 1 1
0 6 14 6 4 2 1
0 6 25 6 4 3 1
0 6 25 6 4 4 1
0 6 13 6 4 5 1
0 6 13 6 4 6 1
0 4 24 6 4 7 1
0 6 11 6 5 0 1
0 6 11 6 5 1 1
0 6 11 6 5 2 1
0 6 11 6 5 3 1
0 6 11 6 5 4 1
0 6 11 6 5 5 1
0 6 11 6 5 6 1
0 6 11 6 5 7 1
0 6 22 6 5 8 1
0 3 4 6 6 0 1
0 3 4 6 6 0 2
0 3 26 6 6 1 1
0 3 26 6 6 2 1
0 3 26 6 6 3 1
0 3 25 6 6 4 1
0 3 25 6 6 5 1
0 3 25 6 6 6 1
0 3 25 6 6 7 1
0 5 3 6 7 0 1
0 5 4 6 7 0 2
0 5 3 6 7 1 1
0 5 4 6 7 1 2
0 5 3 6 7 2 1
0 5 3 6 7 2 2
0 5 15 6 7 3 1
0 5 15 6 7 4 1
0 5 15 6 7 5 1
0 5 26 6 7 6 1
0 5 13 6 7 7 1
0 5 13 6 7 8 1
0 6 24 6 8 0 1
0 6 11 6 8 1 1
0 6 11 6 8 2 1
0 6 11 6 8 3 1
0 6 11 6 8 4 1
0 6 10 6 8 5 1
0 6 10 6 8 6 1
0 6 10 6 8 7 1
0 6 10 6 8 8 1
0 6 1 6 9 0 1
0 6 4 6 9 0 2
0 6 25 6 9 1 1
0 6 24 6 9 2 1
0 6 12 6 9 3 1
0 6 12 6 9 4 1
0 6 23 6 9 5 1
0 6 23 6 9 6 1
0 6 23 6 9 7 1
0 9 3 6 10 0 1
0 9 4 6 10 0 2
0 9 26 6 10 1 1
0 9 14 6 10 2 1
0 9 24 6 10 3 1
0 9 23 6 10 4 1
0 9 23 6 10 5 1
0 9 23 6 10 6 1
0 9 23 6 10 7 1
0 3 3 6 11 1 1
0 3 3 6 11 1 2
0 3 23 6 11 2 1
0 3 23 6 11 3 1
0 3 23 6 11 4 1
0 3 11 6 11 5 1
0 3 22 6 11 6 1
0 3 21 6 11 7 1
0 5 3 6 13 1 1
0 5 4 6 13 1 2
0 5 0 6 13 2 1
0 5 4 6 13 2 2
0 5 26 6 13 3 1
0 5 26 6 13 4 1
0 5 26 6 13 5 1
0 5 26 6 13 6 1
0 5 25 6 13 7 1
0 6 0 6 14 4 1
0 6 2 6 14 4 2
0 6 13 6 14 5 1
0 6 12 6 14 6 1
0 6 12 6 14 7 1
0 6 23 6 14 8 1
0 2 3 7 0 10 1
0 2 4 7 0 10 2
0 2 1 7 0 11 1
0 2 4 7 0 11 2
0 2 13 7 0 12 1
0 2 24 7 0 13 1
0 2 24 7 0 14 1
0 3 25 7 3 10 1
0 3 25 7 3 11 1
0 3 25 7 3 12 1
0 3 24 7 3 13 1
0 3 23 7 3 14 1
0 3 4 7 4 10 1
0 3 4 7 4 10 2
0 3 2 7 4 11 1
0 3 4 7 4 11 2
0 3 12 7 4 12 1
0 3 23 7 4 13 1
0 3 23 7 4 14 1
0 3 4 7 5 10 1
0 3 4 7 5 10 2
0 3 25 7 5 11 1
0 3 25 7 5 12 1
0 3 24 7 5 13 1
0 3 23 7 5 14 1
0 4 4 7 7 10 1
0 4 4 7 7 10 2
0 4 25 7 7 11 1
0 4 24 7 7 12 1
0 4 23 7 7 13 1
0 4 21 7 7 14 1
0 2 0 7 8 10 1
0 2 3 7 8 10 2
0 2 25 7 8 11 1
0 2 25 7 8 12 1
0 2 22 7 8 13 1
0 3 22 7 8 14 1
0 5 3 7 9 10 1
0 5 4 7 9 10 2
0 5 2 7 9 11 1
0 5 4 7 9 11 2
0 5 26 7 9 12 1
0 5 14 7 9 13 1
0 3 22 7 9 14 1
0 4 4 7 10 10 1
0 4 4 7 10 10 2
0 4 4 7 10 11 1
0 4 4 7 10 11 2
0 4 26 7 10 12 1
0 4 26 7 10 13 1
0 4 4 7 11 10 1
0 4 4 7 11 10 2
0 4 4 7 11 11 1
0 4 4 7 11 11 2
0 4 26 7 11 12 1
0 4 25 7 11 13 1
0 4 22 7 11 14 1
0 4 4 7 13 10 1
0 4 4 7 13 10 2
0 4 3 7 13 11 1
0 4 4 7 13 11 2
0 4 3 7 13 12 1
0 4 2 7 13 12 2
0 4 24 7 13 13 1
0 4 23 7 13 14 1
0 4 12 7 14 10 1
0 4 23 7 14 11 1
0 4 22 7 14 12 1
0 4 25 7 15 10 1
0 4 25 7 15 11 1
0 9 1 7 1 2 1
0 9 3 7 1 2 2
0 9 0 7 1 3 1
0 9 3 7 1 3 2
0 9 13 7 1 4 1
0 9 13 7 1 5 1
0 9 13 7 1 6 1
0 9 12 7 1 7 1
0 9 22 7 1 8 1
0 3 0 7 2 1 1
0 3 2 7 2 1 2
0 3 0 7 2 2 1
0 3 1 7 2 2 2
0 3 12 7 2 3 1
0 3 23 7 2 4 1
0 3 11 7 2 5 1
0 3 11 7 2 6 1
0 3 11 7 2 7 1
0 3 10 7 2 8 1
0 4 3 7 3 1 1
0 4 4 7 3 1 2
0 4 15 7 3 2 1
0 4 26 7 3 3 1
0 4 26 7 3 4 1
0 4 26 7 3 5 1
0 4 25 7 3 6 1
0 4 25 7 3 7 1
0 6 13 7 4 0 1
0 6 13 7 4 1 1
0 6 13 7 4 2 1
0 6 24 7 4 3 1
0 6 13 7 4 4 1
0 6 23 7 4 5 1
0 6 23 7 4 6 1
0 6 23 7 4 7 1
0 6 14 7 5 0 1
0 6 14 7 5 1 1
0 6 25 7 5 2 1
0 6 12 7 5 3 1
0 6 11 7 5 4 1
0 6 11 7 5 5 1
0 6 11 7 5 6 1
0 6 11 7 5 7 1
0 6 11 7 5 8 1
0 6 13 7 6 0 1
0 6 12 7 6 1 1
0 6 12 7 6 2 1
0 6 12 7 6 3 1
0 6 12 7 6 4 1
0 6 11 7 6 5 1
0 6 11 7 6 6 1
0 6 11 7 6 7 1
0 6 21 7 6 8 1
0 3 24 7 7 0 1
0 3 24 7 7 1 1
0 3 24 7 7 2 1
0 3 24 7 7 3 1
0 3 24 7 7 4 1
0 3 24 7 7 5 1
0 3 24 7 7 6 1
0 3 24 7 7 7 1
0 3 3 7 8 0 1
0 3 4 7 8 0 2
0 3 23 7 8 1 1
0 3 23 7 8 2 1
0 3 23 7 8 3 1
0 3 11 7 8 4 1
0 3 11 7 8 5 1
0 3 11 7 8 6 1
0 3 22 7 8 7 1
0 6 2 7 9 0 1
0 3 4 7 9 0 2
0 8 3 7 9 1 1
0 8 0 7 9 1 2
0 8 24 7 9 2 1
0 8 24 7 9 3 1
0 8 23 7 9 4 1
0 8 22 7 9 5 1
0 8 22 7 9 6 1
0 8 21 7 9 7 1
0 6 1 7 10 0 1
0 6 2 7 10 0 2
0 6 14 7 10 1 1
0 6 13 7 10 2 1
0 6 24 7 10 3 1
0 6 12 7 10 4 1
0 6 11 7 10 5 1
0 6 11 7 10 6 1
0 6 11 7 10 7 1
0 6 11 7 10 8 1
0 6 2 7 11 0 1
0 6 3 7 11 0 2
0 6 1 7 11 1 1
0 6 3 7 11 1 2
0 6 0 7 11 2 1
0 6 3 7 11 2 2
0 6 0 7 11 3 1
0 6 2 7 11 3 2
0 6 10 7 11 4 1
0 6 10 7 11 5 1
0 6 21 7 11 6 1
0 6 21 7 11 7 1
0 7 3 7 12 1 1
0 7 3 7 12 1 2
0 7 3 7 12 2 1
0 7 3 7 12 2 2
0 7 3 7 12 3 1
0 7 3 7 12 3 2
0 7 26 7 12 4 1
0 7 25 7 12 5 1
0 7 25 7 12 6 1
0 4 25 7 12 7 1
0 10 4 7 13 1 1
0 10 4 7 13 1 2
0 9 26 7 13 2 1
0 9 26 7 13 3 1
0 9 26 7 13 4 1
0 4 25 7 13 5 1
0 4 25 7 13 6 1
0 4 25 7 13 7 1
0 5 15 7 14 2 1
0 5 14 7 14 3 1
0 5 25 7 14 4 1
0 5 25 7 14 5 1
0 5 25 7 14 6 1
0 5 25 7 14 7 1
0 4 0 8 0 10 1
0 4 3 8 0 10 2
0 4 25 8 0 11 1
0 4 25 8 0 12 1
0 4 12 8 0 13 1
0 4 23 8 0 14 1
0 5 4 8 1 10 1
0 5 4 8 1 10 2
0 5 4 8 1 11 1
0 5 4 8 1 11 2
0 5 26 8 1 12 1
0 5 25 8 1 13 1
0 5 22 8 1 14 1
0 5 31 8 2 10 1
0 5 26 8 2 11 1
0 5 25 8 2 12 1
0 5 25 8 2 13 1
0 5 25 8 2 14 1
0 4 3 8 3 10 1
0 4 4 8 3 10 2
0 4 31 8 3 11 1
0 4 26 8 3 12 1
0 4 25 8 3 13 1
0 4 25 8 3 14 1
0 10 4 8 4 10 1
0 10 4 8 4 10 2
0 9 15 8 4 11 1
0 9 25 8 4 12 1
0 9 25 8 4 13 1
0 9 25 8 4 14 1
0 5 3 8 5 10 1
0 9 4 8 5 10 2
0 9 26 8 5 11 1
0 5 25 8 5 12 1
0 5 25 8 5 13 1
0 5 25 8 5 14 1
0 4 4 8 7 10 1
0 4 4 8 7 10 2
0 4 3 8 7 11 1
0 4 4 8 7 11 2
0 4 14 8 7 12 1
0 4 25 8 7 13 1
0 4 23 8 7 14 1
0 2 4 8 8 10 1
0 2 4 8 8 10 2
0 2 3 8 8 11 1
0 2 4 8 8 11 2
0 2 26 8 8 12 1
0 2 25 8 8 13 1
0 5 3 8 9 10 1
0 4 4 8 9 10 2
0 4 3 8 9 11 1
0 4 4 8 9 11 2
0 4 26 8 9 12 1
0 4 14 8 9 13 1
0 4 22 8 9 14 1
0 4 3 8 1 1 1
0 8 3 8 1 1 2
0 4 2 8 1 2 1
0 4 3 8 1 2 2
0 8 26 8 1 3 1
0 4 30 8 1 4 1
0 4 30 8 1 5 1
0 4 25 8 1 6 1
0 4 25 8 1 7 1
0 6 24 8 2 0 1
0 6 24 8 2 1 1
0 6 12 8 2 2 1
0 6 12 8 2 3 1
0 6 23 8 2 4 1
0 6 22 8 2 5 1
0 6 22 8 2 6 1
0 6 22 8 2 7 1
0 6 24 8 3 0 1
0 6 23 8 3 1 1
0 6 23 8 3 2 1
0 6 23 8 3 3 1
0 6 22 8 3 4 1
0 6 22 8 3 5 1
0 6 10 8 3 6 1
0 6 10 8 3 7 1
0 6 29 8 4 0 1
0 6 12 8 4 1 1
0 6 23 8 4 2 1
0 6 11 8 4 3 1
0 6 22 8 4 4 1
0 6 22 8 4 5 1
0 6 10 8 4 6 1
0 6 10 8 4 7 1
0 5 4 8 5 0 1
0 5 4 8 5 0 2
0 5 25 8 5 1 1
0 5 25 8 5 2 1
0 5 25 8 5 3 1
0 5 24 8 5 4 1
0 5 24 8 5 5 1
0 5 23 8 5 6 1
0 5 22 8 5 7 1
0 6 3 8 6 0 1
0 6 3 8 6 0 2
0 6 12 8 6 1 1
0 6 23 8 6 2 1
0 6 23 8 6 3 1
0 6 11 8 6 4 1
0 6 11 8 6 5 1
0 6 22 8 6 6 1
0 6 22 8 6 7 1
0 6 3 8 7 0 1
0 6 3 8 7 0 2
0 6 3 8 7 1 1
0 6 3 8 7 1 2
0 6 13 8 7 2 1
0 6 12 8 7 3 1
0 6 11 8 7 4 1
0 6 11 8 7 5 1
0 6 22 8 7 6 1
0 6 10 8 7 7 1
0 6 10 8 7 8 1
0 6 25 8 8 0 1
0 6 12 8 8 1 1
0 6 12 8 8 2 1
0 6 12 8 8 3 1
0 5 23 8 8 4 1
0 5 23 8 8 5 1
0 5 22 8 8 6 1
0 5 10 8 8 7 1
0 6 0 8 9 0 1
0 6 2 8 9 0 2
0 6 29 8 9 1 1
0 6 28 8 9 2 1
0 6 22 8 9 3 1
0 6 22 8 9 4 1
0 6 22 8 9 5 1
0 6 10 8 9 6 1
0 6 21 8 9 7 1
0 8 4 8 10 0 1
0 8 4 8 10 0 2
0 8 4 8 10 1 1
0 8 4 8 10 1 2
0 8 3 8 10 2 1
0 8 4 8 10 2 2
0 8 3 8 10 3 1
0 8 4 8 10 3 2
0 8 3 8 10 4 1
0 8 4 8 10 4 2
0 8 24 8 10 5 1
0 8 12 8 10 6 1
0 8 22 8 10 7 1
0 9 3 8 12 0 1
0 9 4 8 12 0 2
0 9 15 8 12 1 1
0 9 15 8 12 2 1
0 9 26 8 12 3 1
0 9 26 8 12 4 1
0 9 26 8 12 5 1
0 9 25 8 12 6 1
0 9 25 8 12 7 1
0 5 4 8 13 0 1
0 5 4 8 13 0 2
0 5 3 8 13 1 1
0 5 4 8 13 1 2
0 5 3 8 13 2 1
0 5 4 8 13 2 2
0 5 3 8 13 3 1
0 5 4 8 13 3 2
0 5 2 8 13 4 1
0 5 4 8 13 4 2
0 5 31 8 13 5 1
0 5 15 8 13 6 1
0 5 14 8 13 7 1
0 5 14 8 13 8 1
0 6 25 8 14 1 1
0 6 25 8 14 2 1
0 6 13 8 14 3 1
0 6 13 8 14 4 1
0 6 24 8 14 5 1
0 4 22 8 14 6 1
0 4 21 8 14 7 1
0 9 4 9 0 10 1
0 9 4 9 0 10 2
0 9 3 9 0 11 1
0 7 4 9 0 11 2
0 2 1 9 4 10 1
0 2 4 9 4 10 2
0 2 23 9 4 11 1
0 5 23 9 4 12 1
0 2 4 9 5 10 1
0 2 4 9 5 10 2
0 2 0 9 5 11 1
0 2 4 9 5 11 2
0 2 12 9 5 12 1
0 2 23 9 5 13 1
0 2 22 9 5 14 1
0 1 3 9 6 10 1
0 1 3 9 6 10 2
0 1 3 9 6 11 1
0 1 3 9 6 11 2
0 1 3 9 6 12 1
0 1 3 9 6 12 2
0 1 21 9 6 13 1
0 1 21 9 6 14 1
0 7 3 9 7 10 1
0 5 4 9 7 10 2
0 5 3 9 7 11 1
0 5 3 9 7 11 2
0 5 25 9 7 12 1
0 3 25 9 7 13 1
0 3 25 9 7 14 1
0 3 3 9 8 10 1
0 3 4 9 8 10 2
0 3 3 9 8 11 1
0 3 4 9 8 11 2
0 3 25 9 8 12 1
0 3 25 9 8 13 1
0 3 12 9 8 14 1
0 5 3 9 9 10 1
0 5 4 9 9 10 2
0 5 26 9 9 11 1
0 5 26 9 9 12 1
0 5 25 9 9 13 1
0 5 25 9 9 14 1
0 5 22 9 11 10 1
0 5 4 9 12 10 1
0 5 4 9 12 10 2
0 5 4 9 12 11 1
0 5 4 9 12 11 2
0 5 26 9 12 12 1
0 5 25 9 12 13 1
0 5 22 9 12 14 1
0 4 25 9 14 10 1
0 4 25 9 14 11 1
0 4 25 9 14 12 1
0 4 25 9 14 13 1
0 4 25 9 14 14 1
0 5 3 9 15 10 1
0 5 4 9 15 10 2
0 5 26 9 15 11 1
0 5 26 9 15 12 1
0 5 14 9 15 13 1
0 5 4 9 1 1 1
0 5 4 9 1 1 2
0 5 3 9 1 2 1
0 5 4 9 1 2 2
0 5 3 9 1 3 1
0 5 4 9 1 3 2
0 5 3 9 1 4 1
0 5 4 9 1 4 2
0 5 24 9 1 5 1
0 5 24 9 1 6 1
0 5 24 9 1 7 1
0 4 4 9 2 0 1
0 4 4 9 2 0 2
0 4 3 9 2 1 1
0 4 4 9 2 1 2
0 4 3 9 2 2 1
0 4 4 9 2 2 2
0 4 3 9 2 3 1
0 4 4 9 2 3 2
0 4 3 9 2 4 1
0 4 4 9 2 4 2
0 4 3 9 2 5 1
0 4 4 9 2 5 2
0 4 1 9 2 6 1
0 4 4 9 2 6 2
0 4 26 9 2 7 1
0 4 14 9 2 8 1
0 3 15 9 3 0 1
0 3 25 9 3 1 1
0 3 25 9 3 2 1
0 3 25 9 3 3 1
0 3 24 9 3 4 1
0 3 24 9 3 5 1
0 3 24 9 3 6 1
0 6 23 9 3 7 1
0 2 3 9 4 0 1
0 2 4 9 4 0 2
0 2 3 9 4 1 1
0 2 4 9 4 1 2
0 2 0 9 4 2 1
0 2 4 9 4 2 2
0 2 25 9 4 3 1
0 2 25 9 4 4 1
0 2 13 9 4 5 1
0 2 23 9 4 6 1
0 2 23 9 4 7 1
0 4 4 9 5 0 1
0 4 4 9 5 0 2
0 4 4 9 5 1 1
0 4 4 9 5 1 2
0 4 3 9 5 2 1
0 4 4 9 5 2 2
0 4 0 9 5 3 1
0 4 4 9 5 3 2
0 4 15 9 5 4 1
0 4 15 9 5 5 1
0 4 26 9 5 6 1
0 4 14 9 5 7 1
0 4 14 9 5 8 1
0 3 4 9 6 0 1
0 3 4 9 6 0 2
0 6 0 9 6 1 1
0 6 0 9 6 1 2
0 6 0 9 6 2 1
0 6 0 9 6 2 2
0 6 22 9 6 3 1
0 6 22 9 6 4 1
0 6 22 9 6 5 1
0 6 22 9 6 6 1
0 6 22 9 6 7 1
0 10 4 9 7 0 1
0 10 4 9 7 0 2
0 9 4 9 7 1 1
0 10 4 9 7 1 2
0 9 26 9 7 2 1
0 9 26 9 7 3 1
0 9 25 9 7 4 1
0 9 25 9 7 5 1
0 9 25 9 7 6 1
0 9 25 9 7 7 1
0 6 0 9 8 0 1
0 6 4 9 8 0 2
0 6 0 9 8 1 1
0 6 3 9 8 1 2
0 6 13 9 8 2 1
0 6 12 9 8 3 1
0 6 23 9 8 4 1
0 6 11 9 8 5 1
0 6 11 9 8 6 1
0 6 11 9 8 7 1
0 6 10 9 8 8 1
0 3 0 9 9 0 1
0 3 2 9 9 0 2
0 3 12 9 9 1 1
0 3 23 9 9 2 1
0 3 23 9 9 3 1
0 3 23 9 9 4 1
0 3 23 9 9 5 1
0 3 22 9 9 6 1
0 3 22 9 9 7 1
0 6 13 9 10 0 1
0 6 24 9 10 1 1
0 6 12 9 10 2 1
0 6 23 9 10 3 1
0 6 23 9 10 4 1
0 6 23 9 10 5 1
0 6 23 9 10 6 1
0 6 23 9 10 7 1
0 6 3 9 11 0 1
0 6 3 9 11 0 2
0 6 26 9 11 1 1
0 6 14 9 11 2 1
0 6 12 9 11 3 1
0 6 23 9 11 4 1
0 6 23 9 11 5 1
0 6 23 9 11 6 1
0 6 11 9 11 7 1
0 6 24 9 12 0 1
0 6 24 9 12 1 1
0 6 11 9 12 2 1
0 6 22 9 12 3 1
0 6 13 9 14 1 1
0 6 13 9 14 2 1
0 6 24 9 14 3 1
0 6 24 9 14 4 1
0 6 24 9 14 5 1
0 6 24 9 14 6 1
0 6 24 9 14 7 1
0 5 4 10 3 0 1
0 5 4 10 3 0 2
0 5 4 10 3 1 1
0 5 4 10 3 1 2
0 5 3 10 3 2 1
0 5 4 10 3 2 2
0 5 3 10 3 3 1
0 5 4 10 3 3 2
0 5 3 10 3 4 1
0 5 4 10 3 4 2
0 5 3 10 3 5 1
0 5 4 10 3 5 2
0 5 14 10 3 6 1
0 5 14 10 3 7 1
0 5 22 10 3 8 1
0 3 27 10 7 0 1
0 3 27 10 7 1 1
0 6 10 10 7 2 1
0 6 10 10 7 3 1
0 3 3 10 10 0 1
0 3 4 10 10 0 2
0 3 3 10 10 1 1
0 3 4 10 10 1 2
0 3 3 10 10 2 1
0 3 4 10 10 2 2
0 3 3 10 10 3 1
0 3 3 10 10 3 2
0 3 3 10 10 4 1
0 3 3 10 10 4 2
0 3 0 10 10 5 1
0 3 3 10 10 5 2
0 3 13 10 10 6 1
0 3 22 10 10 7 1
0 4 11 10 10 8 1
0 3 3 10 11 0 1
0 3 4 10 11 0 2
0 3 3 10 11 1 1
0 3 4 10 11 1 2
0 3 26 10 11 2 1
0 3 24 10 11 3 1
0 1 29 10 11 4 1
0 1 24 10 11 5 1
0 1 24 10 11 6 1
0 1 23 10 11 7 1
0 3 3 10 12 0 1
0 3 4 10 12 0 2
0 3 3 10 12 1 1
0 3 3 10 12 1 2
0 3 3 10 12 2 1
0 3 3 10 12 2 2
0 3 3 10 12 3 1
0 3 3 10 12 3 2
0 3 3 10 12 4 1
0 3 3 10 12 4 2
0 3 3 10 12 5 1
0 3 3 10 12 5 2
0 3 3 10 12 6 1
0 3 3 10 12 6 2
0 3 11 10 12 7 1
0 3 21 10 12 8 1
0 2 3 11 6 10 1
0 2 4 11 6 10 2
0 2 3 11 6 11 1
0 2 3 11 6 11 2
0 2 3 11 6 12 1
0 2 3 11 6 12 2
0 2 2 11 6 13 1
0 2 0 11 6 13 2
0 3 0 11 6 14 1
0 3 1 11 6 14 2
0 6 3 11 7 10 1
0 6 3 11 7 10 2
0 6 2 11 7 11 1
0 6 3 11 7 11 2
0 6 0 11 7 12 1
0 6 3 11 7 12 2
0 6 25 11 7 13 1
0 6 13 11 7 14 1
0 6 3 11 8 10 1
0 6 3 11 8 10 2
0 6 3 11 8 11 1
0 6 3 11 8 11 2
0 6 1 11 8 12 1
0 6 3 11 8 12 2
0 6 22 11 8 13 1
0 6 10 11 8 14 1
0 5 25 11 9 10 1
0 5 25 11 9 11 1
0 6 24 11 1 1 1
0 6 24 11 1 2 1
0 6 24 11 1 3 1
0 6 24 11 1 4 1
0 6 12 11 1 5 1
0 6 22 11 1 6 1
0 6 10 11 1 7 1
0 6 26 11 2 0 1
0 6 26 11 2 1 1
0 6 22 11 2 2 1
0 6 22 11 2 3 1
0 6 22 11 2 4 1
0 6 22 11 2 5 1
0 6 21 11 2 6 1
0 6 10 11 2 7 1
0 6 0 11 3 0 1
0 6 0 11 3 0 2
0 6 0 11 3 1 1
0 6 0 11 3 1 2
0 6 0 11 3 2 1
0 6 0 11 3 2 2
0 6 0 11 3 3 1
0 6 0 11 3 3 2
0 6 11 11 3 4 1
0 6 11 11 3 5 1
0 6 11 11 3 6 1
0 6 11 11 3 7 1
0 6 21 11 3 8 1
0 6 24 11 4 0 1
0 6 24 11 4 1 1
0 6 24 11 4 2 1
0 6 24 11 4 3 1
0 6 12 11 4 4 1
0 6 23 11 4 5 1
0 6 23 11 4 6 1
0 6 23 11 4 7 1
0 6 0 11 5 0 1
0 6 0 11 5 0 2
0 6 22 11 5 1 1
0 6 22 11 5 2 1
0 6 22 11 5 3 1
0 6 22 11 5 4 1
0 6 22 11 5 5 1
0 6 22 11 5 6 1
0 6 21 11 5 7 1
0 6 12 11 6 0 1
0 6 12 11 6 1 1
0 6 23 11 6 2 1
0 6 23 11 6 3 1
0 6 23 11 6 4 1
0 6 23 11 6 5 1
0 6 23 11 6 6 1
0 6 11 11 6 7 1
0 6 24 11 7 0 1
0 6 24 11 7 1 1
0 6 24 11 7 2 1
0 6 24 11 7 3 1
0 6 23 11 7 4 1
0 6 23 11 7 5 1
0 6 23 11 7 6 1
0 6 23 11 7 7 1
0 6 23 11 8 0 1
0 6 23 11 8 1 1
0 6 23 11 8 2 1
0 6 23 11 8 3 1
0 6 23 11 8 4 1
0 6 23 11 8 5 1
0 6 23 11 8 6 1
0 6 21 11 8 7 1
0 6 12 11 9 0 1
0 6 23 11 9 1 1
0 6 11 11 9 2 1
0 6 11 11 9 3 1
0 6 11 11 9 4 1
0 6 11 11 9 5 1
0 6 11 11 9 6 1
0 6 11 11 9 7 1
0 6 10 11 9 8 1
0 1 0 11 10 0 1
0 1 0 11 10 0 2
0 1 22 11 10 1 1
0 1 22 11 10 2 1
0 1 22 11 10 3 1
0 1 22 11 10 4 1
0 1 21 11 10 5 1
0 1 21 11 10 6 1
0 1 21 11 10 7 1
0 1 3 11 11 0 1
0 1 3 11 11 0 2
0 1 3 11 11 1 1
0 1 3 11 11 1 2
0 1 3 11 11 2 1
0 1 3 11 11 2 2
0 1 3 11 11 3 1
0 1 3 11 11 3 2
0 1 2 11 11 4 1
0 1 3 11 11 4 2
0 1 0 11 11 5 1
0 1 3 11 11 5 2
0 1 11 11 11 6 1
0 1 10 11 11 7 1
0 1 21 11 11 8 1
0 1 1 11 12 0 1
0 1 4 11 12 0 2
0 1 24 11 12 1 1
0 1 24 11 12 2 1
0 1 24 11 12 3 1
0 1 23 11 12 4 1
0 1 23 11 12 5 1
0 1 23 11 12 6 1
0 1 23 11 12 7 1
0 1 14 11 14 1 1
0 1 25 11 14 2 1
0 1 25 11 14 3 1
0 1 24 11 14 4 1
0 5 2 12 6 10 1
0 1 3 12 6 10 2
0 1 14 12 6 11 1
0 1 25 12 6 12 1
0 1 25 12 6 13 1
0 1 25 12 6 14 1
0 4 30 12 7 10 1
0 4 30 12 7 11 1
0 4 14 12 7 12 1
0 4 25 12 7 13 1
0 4 24 12 7 14 1
0 1 12 12 8 10 1
0 1 23 12 8 11 1
0 1 23 12 8 12 1
0 1 22 12 8 13 1
0 1 21 12 8 14 1
0 1 14 12 9 10 1
0 1 23 12 9 11 1
0 1 23 12 9 12 1
0 1 23 12 9 13 1
0 1 11 12 9 14 1
0 6 31 12 1 1 1
0 6 26 12 1 2 1
0 6 26 12 1 3 1
0 6 24 12 1 4 1
0 6 24 12 1 5 1
0 6 24 12 1 6 1
0 6 11 12 1 7 1
0 6 24 12 3 0 1
0 6 24 12 3 1 1
0 6 24 12 3 2 1
0 6 24 12 3 3 1
0 6 24 12 3 4 1
0 6 12 12 3 5 1
0 6 12 12 3 6 1
0 6 12 12 3 7 1
0 6 30 12 4 0 1
0 6 30 12 4 1 1
0 6 25 12 4 2 1
0 6 24 12 4 3 1
0 6 24 12 4 4 1
0 4 29 12 4 5 1
0 4 22 12 4 6 1
0 4 22 12 4 7 1
0 6 0 12 5 0 1
0 6 2 12 5 0 2
0 6 23 12 5 1 1
0 6 23 12 5 2 1
0 6 23 12 5 3 1
0 6 11 12 5 4 1
0 6 22 12 5 5 1
0 6 21 12 5 6 1
0 6 21 12 5 7 1
0 6 1 12 6 0 1
0 6 3 12 6 0 2
0 6 1 12 6 1 1
0 6 3 12 6 1 2
0 6 15 12 6 2 1
0 6 14 12 6 3 1
0 6 14 12 6 4 1
0 6 14 12 6 5 1
0 6 12 12 6 6 1
0 6 12 12 6 7 1
0 6 23 12 6 8 1
0 6 2 12 7 0 1
0 6 3 12 7 0 2
0 6 24 12 7 1 1
0 6 24 12 7 2 1
0 6 24 12 7 3 1
0 6 12 12 7 4 1
0 6 23 12 7 5 1
0 6 10 12 7 6 1
0 6 21 12 7 7 1
0 6 24 12 8 0 1
0 6 24 12 8 1 1
0 6 24 12 8 2 1
0 6 28 12 8 3 1
0 6 22 12 8 4 1
0 6 22 12 8 5 1
0 6 22 12 8 6 1
0 6 22 12 8 7 1
0 6 2 12 9 0 1
0 6 3 12 9 0 2
0 6 2 12 9 1 1
0 6 3 12 9 1 2
0 6 0 12 9 2 1
0 6 3 12 9 2 2
0 6 14 12 9 3 1
0 6 29 12 9 4 1
0 6 13 12 9 5 1
0 6 12 12 9 6 1
0 6 11 12 9 7 1
0 6 11 12 9 8 1
0 7 4 12 12 0 1
0 7 4 12 12 0 2
0 7 4 12 12 1 1
0 7 4 12 12 1 2
0 7 4 12 12 2 1
0 7 4 12 12 2 2
0 7 4 12 12 3 1
0 7 4 12 12 3 2
0 7 4 12 12 4 1
0 7 4 12 12 4 2
0 7 4 12 12 5 1
0 7 4 12 12 5 2
0 7 4 12 12 6 1
0 7 4 12 12 6 2
0 7 0 12 12 7 1
0 7 4 12 12 7 2
0 4 3 12 14 1 1
0 4 4 12 14 1 2
0 4 30 12 14 2 1
0 4 30 12 14 3 1
0 4 30 12 14 4 1
0 4 30 12 14 5 1
0 4 22 12 14 6 1
0 4 21 12 14 7 1
0 1 3 13 1 10 1
0 1 4 13 1 10 2
0 1 2 13 1 11 1
0 1 3 13 1 11 2
0 1 30 13 1 12 1
0 1 29 13 1 13 1
0 1 22 13 1 14 1
0 5 4 13 9 10 1
0 5 4 13 9 10 2
0 5 30 13 9 11 1
0 5 25 13 9 12 1
0 5 25 13 9 13 1
0 5 23 13 9 14 1
0 4 29 13 10 10 1
0 4 28 13 10 11 1
0 4 12 13 10 12 1
0 4 22 13 10 13 1
0 4 22 13 10 14 1
0 8 4 13 11 10 1
0 8 4 13 11 10 2
0 8 4 13 11 11 1
0 8 4 13 11 11 2
0 9 29 13 11 12 1
0 5 3 13 12 10 1
0 5 3 13 12 10 2
0 5 3 13 12 11 1
0 5 3 13 12 11 2
0 7 4 13 13 10 1
0 7 4 13 13 10 2
0 7 4 13 13 11 1
0 7 4 13 13 11 2
0 7 4 13 13 12 1
0 7 4 13 13 12 2
0 4 3 13 14 10 1
0 4 3 13 14 10 2
0 4 0 13 14 11 1
0 4 3 13 14 11 2
0 4 28 13 14 12 1
0 4 22 13 14 13 1
0 4 21 13 14 14 1
0 4 30 13 15 10 1
0 4 30 13 15 11 1
0 4 30 13 15 12 1
0 4 30 13 15 13 1
0 4 30 13 15 14 1
0 9 4 13 1 1 1
0 9 4 13 1 1 2
0 9 15 13 1 2 1
0 9 26 13 1 3 1
0 9 14 13 1 4 1
0 9 14 13 1 5 1
0 9 14 13 1 6 1
0 9 14 13 1 7 1
0 2 1 13 2 0 1
0 1 2 13 2 0 2
0 8 25 13 3 0 1
0 8 25 13 3 1 1
0 1 24 13 3 2 1
0 1 24 13 3 3 1
0 1 24 13 3 4 1
0 1 10 13 3 5 1
0 8 10 13 3 6 1
0 2 1 13 4 0 1
0 1 4 13 4 0 2
0 1 23 13 4 1 1
0 1 23 13 4 2 1
0 1 23 13 4 3 1
0 1 23 13 4 4 1
0 1 23 13 4 5 1
0 1 23 13 4 6 1
0 1 23 13 4 7 1
0 2 24 13 5 0 1
0 9 12 13 5 1 1
0 9 23 13 5 2 1
0 9 23 13 5 3 1
0 9 11 13 5 4 1
0 9 22 13 5 5 1
0 9 10 13 5 6 1
0 9 10 13 5 7 1
0 5 1 13 6 0 1
0 5 3 13 6 0 2
0 5 1 13 6 1 1
0 5 3 13 6 1 2
0 5 13 13 6 2 1
0 5 13 13 6 3 1
0 5 13 13 6 4 1
0 5 13 13 6 5 1
0 5 12 13 6 6 1
0 5 11 13 6 7 1
0 5 22 13 6 8 1
0 9 3 13 7 0 1
0 9 3 13 7 0 2
0 9 2 13 7 1 1
0 9 3 13 7 1 2
0 9 15 13 7 2 1
0 9 14 13 7 3 1
0 9 14 13 7 4 1
0 9 13 13 7 5 1
0 9 13 13 7 6 1
0 9 12 13 7 7 1
0 9 22 13 7 8 1
0 6 3 13 8 0 1
0 5 4 13 8 0 2
0 5 3 13 8 1 1
0 5 4 13 8 1 2
0 5 3 13 8 2 1
0 5 4 13 8 2 2
0 5 3 13 8 3 1
0 5 4 13 8 3 2
0 5 15 13 8 4 1
0 5 15 13 8 5 1
0 5 14 13 8 6 1
0 5 14 13 8 7 1
0 5 23 13 8 8 1
0 10 4 13 9 0 1
0 10 4 13 9 0 2
0 10 4 13 9 1 1
0 10 4 13 9 1 2
0 10 4 13 9 2 1
0 10 4 13 9 2 2
0 10 4 13 9 3 1
0 10 4 13 9 3 2
0 10 4 13 9 4 1
0 10 4 13 9 4 2
0 10 3 13 9 5 1
0 10 4 13 9 5 2
0 10 3 13 9 6 1
0 10 4 13 9 6 2
0 10 14 13 9 7 1
0 10 25 13 9 8 1
0 6 12 13 10 0 1
0 6 12 13 10 1 1
0 6 12 13 10 2 1
0 6 12 13 10 3 1
0 6 12 13 10 4 1
0 6 12 13 10 5 1
0 6 23 13 10 6 1
0 6 11 13 10 7 1
0 6 11 13 10 8 1
0 6 23 13 11 0 1
0 6 23 13 11 1 1
0 6 23 13 11 2 1
0 6 23 13 11 3 1
0 6 23 13 11 4 1
0 6 11 13 11 5 1
0 6 22 13 11 6 1
0 6 22 13 11 7 1
0 6 23 13 12 0 1
0 6 23 13 12 1 1
0 6 11 13 12 2 1
0 6 11 13 12 3 1
0 6 11 13 12 4 1
0 6 11 13 12 5 1
0 6 22 13 12 6 1
0 6 22 13 12 7 1
0 6 13 13 13 0 1
0 6 12 13 13 1 1
0 6 12 13 13 2 1
0 6 12 13 13 3 1
0 6 12 13 13 4 1
0 6 12 13 13 5 1
0 6 12 13 13 6 1
0 6 12 13 13 7 1
0 6 23 13 13 8 1
0 6 12 13 14 1 1
0 6 12 13 14 2 1
0 6 23 13 14 3 1
0 6 23 13 14 4 1
0 6 23 13 14 5 1
0 6 23 13 14 6 1
0 6 23 13 14 7 1
0 1 30 15 0 10 1
0 9 25 15 1 10 1
0 5 30 15 3 10 1
0 5 25 15 4 10 1
0 4 25 15 5 10 1
0 4 30 15 6 10 1
0 4 14 15 6 11 1
0 4 25 15 6 12 1
0 4 29 15 6 13 1
0 4 21 15 6 14 1
0 9 1 15 7 10 1
0 9 3 15 7 10 2
0 9 0 15 7 11 1
0 9 3 15 7 11 2
0 9 30 15 7 12 1
0 9 24 15 7 13 1
0 9 23 15 7 14 1
0 9 23 15 7 15 1
0 9 23 15 7 16 1
0 4 31 15 8 10 1
0 4 31 15 8 11 1
0 4 30 15 8 12 1
0 4 30 15 8 13 1
0 4 25 15 8 14 1
0 4 23 15 8 15 1
0 4 22 15 8 16 1
0 5 11 15 9 10 1
0 7 24 15 1 2 1
0 6 23 15 2 2 1
0 6 23 15 2 3 1
0 6 11 15 2 4 1
0 6 22 15 2 5 1
0 6 21 15 2 6 1
0 1 21 15 2 7 1
0 1 26 15 3 2 1
0 9 14 15 3 3 1
0 8 23 15 3 4 1
0 6 3 15 4 2 1
0 7 3 15 4 2 2
0 6 14 15 4 3 1
0 6 25 15 4 4 1
0 6 25 15 4 5 1
0 6 24 15 4 6 1
0 1 24 15 4 7 1
0 1 3 15 5 2 1
0 1 3 15 5 2 2
0 1 24 15 5 3 1
0 1 24 15 5 4 1
0 1 23 15 5 5 1
0 1 23 15 5 6 1
0 1 21 15 5 7 1
0 3 14 15 10 2 1
0 3 25 15 10 3 1
0 3 25 15 10 4 1
0 3 25 15 10 5 1
0 3 25 15 10 6 1
0 4 22 15 10 7 1
0 8 14 15 11 2 1
0 8 25 15 11 3 1
0 8 25 15 11 4 1
0 8 24 15 11 5 1
0 5 24 15 11 6 1
0 4 24 15 11 7 1
0 6 14 15 13 2 1
0 6 14 15 13 3 1
0 6 14 15 13 4 1
0 6 14 15 13 5 1
0 9 23 15 13 6 1
0 6 1 15 14 2 1
0 6 3 15 14 2 2
0 6 14 15 14 3 1
0 4 3 16 6 10 1
0 4 3 16 6 10 2
0 4 30 16 6 11 1
0 4 14 16 6 12 1
0 4 25 16 6 13 1
0 4 13 16 6 14 1
0 4 24 16 6 15 1
0 4 11 16 6 16 1
0 1 23 16 7 10 1
0 1 23 16 7 11 1
0 1 22 16 7 12 1
0 1 11 16 7 13 1
0 1 23 16 8 10 1
0 1 23 16 8 11 1
0 1 22 16 8 12 1
0 1 22 16 8 13 1
0 1 22 16 8 14 1
0 1 22 16 8 15 1
0 1 22 16 8 16 1
0 6 23 16 1 3 1
0 6 23 16 1 4 1
0 6 23 16 1 5 1
0 6 22 16 1 6 1
0 6 21 16 1 7 1
0 6 7 16 3 2 1
0 6 3 16 3 2 2
0 6 2 16 3 3 1
0 6 3 16 3 3 2
0 6 0 16 3 4 1
0 6 2 16 3 4 2
0 6 12 16 3 5 1
0 6 11 16 3 6 1
0 6 10 16 3 7 1
0 6 21 16 3 8 1
0 4 2 16 5 2 1
0 4 4 16 5 2 2
0 4 30 16 5 3 1
0 4 30 16 5 4 1
0 4 30 16 5 5 1
0 4 25 16 5 6 1
0 4 21 16 5 7 1
0 8 4 16 6 2 1
0 8 4 16 6 2 2
0 8 4 16 6 3 1
0 8 4 16 6 3 2
0 8 31 16 6 4 1
0 5 30 16 6 5 1
0 8 13 16 6 6 1
0 8 23 16 6 7 1
0 5 31 16 7 2 1
0 5 15 16 7 3 1
0 5 15 16 7 4 1
0 5 15 16 7 5 1
0 5 26 16 7 6 1
0 6 2 16 8 2 1
0 6 4 16 8 2 2
0 6 0 16 8 3 1
0 6 4 16 8 3 2
0 6 15 16 8 4 1
0 6 15 16 8 5 1
0 6 15 16 8 6 1
0 6 15 16 8 7 1
0 6 21 16 8 8 1
0 6 26 16 9 2 1
0 6 30 16 9 3 1
0 6 30 16 9 4 1
0 6 30 16 9 5 1
0 6 23 16 9 6 1
0 6 22 16 9 7 1
0 5 4 16 10 2 1
0 5 4 16 10 2 2
0 5 14 16 10 3 1
0 5 25 16 10 4 1
0 5 14 16 10 5 1
0 5 25 16 10 6 1
0 5 25 16 10 7 1
0 3 3 16 11 2 1
0 3 4 16 11 2 2
0 3 3 16 11 3 1
0 3 4 16 11 3 2
0 3 2 16 11 4 1
0 3 3 16 11 4 2
0 3 30 16 11 5 1
0 3 25 16 11 6 1
0 3 23 16 11 7 1
0 6 3 16 12 2 1
0 8 4 16 12 2 2
0 6 3 16 12 3 1
0 8 4 16 12 3 2
0 6 26 16 12 4 1
0 6 14 16 12 5 1
0 6 14 16 12 6 1
0 6 14 16 12 7 1
0 5 31 16 13 3 1
0 3 31 16 13 4 1
0 3 31 16 13 5 1
0 3 25 16 13 6 1
0 4 3 17 6 10 1
0 4 4 17 6 10 2
0 4 30 17 6 11 1
0 4 25 17 6 12 1
0 4 23 17 6 13 1
0 4 23 17 6 14 1
0 4 21 17 6 15 1
0 4 21 17 6 16 1
0 4 8 17 8 10 1
0 4 2 17 8 10 2
0 4 30 17 8 11 1
0 4 14 17 8 12 1
0 4 23 17 8 13 1
0 4 11 17 8 14 1
0 4 22 17 8 15 1
0 6 12 17 9 10 1
0 6 3 17 1 4 1
0 6 3 17 1 4 2
0 6 3 17 1 5 1
0 6 3 17 1 5 2
0 6 3 17 1 6 1
0 6 3 17 1 6 2
0 6 3 17 1 7 1
0 6 3 17 1 7 2
0 6 0 17 1 8 1
0 6 3 17 1 8 2
0 6 2 17 2 4 1
0 6 3 17 2 4 2
0 6 13 17 2 5 1
0 6 24 17 2 6 1
0 2 0 17 5 3 1
0 2 4 17 5 3 2
0 2 31 17 5 4 1
0 2 30 17 5 5 1
0 2 25 17 5 6 1
0 2 25 17 5 7 1
0 7 0 17 6 3 1
0 7 4 17 6 3 2
0 8 23 17 9 3 1
0 4 31 17 10 3 1
0 4 31 17 10 4 1
0 4 30 17 10 5 1
0 4 14 17 10 6 1
0 4 11 17 10 7 1
0 1 22 17 11 3 1
0 1 2 17 12 3 1
0 1 3 17 12 3 2
0 1 25 17 12 4 1
0 4 24 17 13 4 1
0 4 29 17 13 5 1
0 4 12 17 13 6 1
0 4 21 17 13 7 1
0 4 31 18 0 10 1
0 4 31 18 0 11 1
0 4 26 18 0 12 1
0 4 5 18 1 10 1
0 4 4 18 1 10 2
0 4 31 18 1 11 1
0 4 26 18 1 12 1
0 4 22 18 1 13 1
0 4 6 18 2 10 1
0 4 4 18 2 10 2
0 4 31 18 3 10 1
0 4 31 18 3 11 1
0 4 15 18 3 12 1
0 4 30 18 5 10 1
0 4 30 18 5 11 1
0 4 14 18 5 12 1
0 4 25 18 5 13 1
0 4 28 18 10 10 1
0 1 29 18 11 10 1
0 4 3 18 12 10 1
0 4 3 18 12 10 2
0 4 31 18 12 11 1
0 4 26 18 12 12 1
0 4 26 18 12 13 1
0 4 26 18 12 14 1
0 4 12 18 12 15 1
0 4 30 18 13 10 1
0 4 22 18 14 10 1
0 4 21 18 14 11 1
0 4 31 18 15 10 1
0 4 31 18 15 11 1
0 4 26 18 15 12 1
0 4 26 18 15 13 1
0 4 14 18 15 14 1
0 4 23 18 15 15 1
0 4 31 18 1 5 1
0 6 1 18 2 5 1
0 6 4 18 2 5 2
0 6 0 18 2 6 1
0 6 3 18 2 6 2
0 6 24 18 2 7 1
0 6 12 18 2 8 1
0 6 23 18 3 4 1
0 6 22 18 3 5 1
0 6 21 18 3 6 1
0 6 21 18 3 7 1
0 4 30 18 4 4 1
0 4 30 18 4 5 1
0 6 29 18 5 4 1
0 4 28 18 6 4 1
0 4 28 18 7 4 1
0 4 21 18 7 5 1
0 5 30 18 8 4 1
0 5 28 18 8 5 1
0 2 4 18 9 4 1
0 2 4 18 9 4 2
0 2 31 18 9 5 1
0 2 25 18 9 6 1
0 2 25 18 9 7 1
0 4 0 18 10 4 1
0 5 3 18 10 4 2
0 4 30 18 10 5 1
0 5 31 18 11 4 1
0 5 24 18 11 5 1
0 5 23 18 11 6 1
0 5 30 18 12 4 1
0 4 21 18 13 5 1
0 4 29 19 0 10 1
0 4 27 19 0 11 1
0 4 30 19 1 10 1
0 4 30 19 1 11 1
0 4 24 19 1 12 1
0 4 23 19 1 13 1
0 5 3 19 2 10 1
0 5 4 19 2 10 2
0 5 0 19 2 11 1
0 5 4 19 2 11 2
0 5 14 19 2 12 1
0 5 14 19 2 13 1
0 5 25 19 2 14 1
0 5 25 19 2 15 1
0 5 24 19 2 16 1
0 5 15 19 3 10 1
0 5 26 19 3 11 1
0 5 26 19 3 12 1
0 5 26 19 3 13 1
0 5 14 19 3 14 1
0 4 29 19 4 10 1
0 4 29 19 4 11 1
0 5 27 19 3 5 1
0 5 29 19 4 5 1
0 2 31 19 8 5 1
0 1 31 19 9 5 1
0 1 25 19 9 6 1
0 1 22 19 9 7 1
0 4 30 19 11 5 1
0 4 31 19 12 5 1
0 6 26 20 4 10 1
0 9 0 20 7 10 1
0 10 3 20 7 10 2
0 4 14 20 7 11 1
0 4 14 20 7 12 1
0 4 22 20 7 13 1
0 4 3 20 8 10 1
0 4 4 20 8 10 2
0 4 3 20 8 11 1
0 4 3 20 8 11 2
0 4 26 20 8 12 1
0 4 12 20 8 13 1
0 4 23 20 8 14 1
0 4 22 20 9 10 1
0 5 25 20 10 10 1
0 5 25 20 10 11 1
0 3 21 20 11 10 1
0 4 14 20 12 10 1
0 4 22 20 12 11 1
0 7 4 20 15 10 1
0 7 4 20 15 10 2
0 7 4 20 15 11 1
0 7 4 20 15 11 2
0 7 3 20 15 12 1
0 7 4 20 15 12 2
0 7 25 20 15 13 1
0 7 25 20 15 14 1
0 7 3
0 7 4
0 7 3
0 7 25
0 7 26
0 7 4
0 7 2
0 7 4
0 7 0
0 7 3
0 7 25
0 7 26
0 7 4
0 7 15
0 7 25
0 7 25
0 7 3
0 7 4
0 7 25
0 7 4
0 7 26
0 7 25
0 7 3
0 7 25
0 7 4
0 7 4
0 7 4
0 7 3
0 7 26
0 7 3
0 7 4
0 7 4
0 7 4
0 7 3
0 7 3
0 7 4
0 8 25
0 8 23
0 8 1
0 8 25
0 8 2
0 8 24
0 8 23
0 8 24
0 8 25
0 8 22
0 8 23
0 8 25
0 8 25
0 8 23
0 8 23
0 8 3
0 8 23
0 8 1
0 8 23
0 8 25
0 8 25
0 8 25
0 8 3
0 8 2
0 8 11
0 8 23
0 8 24
0 8 3
0 8 22
0 8 23
0 8 24
0 8 23
0 8 2
0 8 25
0 8 25
0 8 2
0 9 12
0 9 21
0 9 13
0 9 26
0 9 10
0 9 22
0 9 22
0 9 23
0 9 13
0 9 10
0 9 25
0 9 4
0 9 12
0 9 24
0 9 4
0 9 11
0 9 4
0 9 13
0 9 13
0 9 25
0 9 10
0 9 25
0 9 23
0 9 14
0 9 23
0 9 13
0 9 22
0 9 23
0 9 22
0 9 25
0 9 11
0 9 21
0 9 12
0 9 24
0 9 22
0 9 22
0 9 22
0 9 1
0 9 21
0 9 3
0 9 13
0 9 22
0 9 25
0 9 24
0 9 4
0 9 26
0 9 12
0 9 21
0 9 12
0 9 23
0 9 10
0 9 4
0 9 22
0 9 0
0 9 22
0 9 12
0 9 22
0 9 23
0 9 23
0 9 3
0 9 22
0 9 10
0 9 12
0 9 25
0 9 10
0 9 10
0 9 23
0 9 10
0 9 0
0 9 26
0 9 23
0 9 12
0 9 10
0 9 4
0 9 10
0 9 3
0 9 22
0 9 23
0 9 23
0 9 22
0 9 21
0 9 11
0 9 3
0 9 21
0 9 21
0 9 22
0 9 4
0 9 23
0 9 21
0 9 11
0 9 21
0 9 21
0 9 12
0 9 11
0 9 12
0 9 12
0 9 3
0 9 10
0 9 22
0 9 22
0 9 25
0 9 25
0 9 13
0 9 22
0 9 21
0 9 4
0 9 11
0 9 21
0 9 1
0 9 22
0 9 25
0 9 26
0 9 23
0 9 13
0 9 1
0 9 22
0 9 12
0 9 23
0 9 22
0 9 23
0 9 0
0 9 3
0 9 25
0 9 23
0 9 0
0 9 21
0 9 21
0 9 10
0 9 22
0 9 22
0 9 10
0 9 11
0 9 11
0 9 3
0 9 23
0 9 3
0 9 4
0 9 11
0 9 13
0 9 21
0 9 4
0 9 23
0 9 21
0 9 11
0 9 26
0 9 0
0 9 2
0 9 14
0 9 22
0 9 21
0 9 3
0 9 10
0 9 22
0 9 4
0 9 25
0 9 23
0 9 10
0 9 12
0 9 25
0 9 23
0 9 13
0 9 22
0 9 10
0 9 21
0 9 10
0 9 12
0 9 22
0 9 23
0 9 26
0 9 3
0 9 23
0 9 10
0 9 23
0 9 23
0 9 22
0 9 2
0 9 10
0 9 22
0 9 11
0 9 10
0 9 4
0 10 3
0 10 24
0 10 30
0 10 24
0 10 2
0 10 25
0 10 3
0 10 23
0 10 3
0 10 31
0 10 10
0 10 25
0 10 3
0 10 29
0 10 3
0 10 3
0 10 3
0 10 3
0 10 12
0 10 10
0 10 24
0 10 25
0 10 24
0 10 8
0 10 12
0 10 22
0 10 3
0 10 15
0 10 4
0 10 3
0 10 23
0 10 26
0 10 24
0 10 13
0 10 22
0 10 25
0 10 0
0 10 24
0 10 3
0 10 3
0 10 30
0 10 24
0 10 11
0 10 23
0 10 26
0 10 10
0 10 24
0 10 3
0 10 25
0 10 23
0 10 3
0 10 3
0 10 24
0 10 3
0 10 13
0 10 3
0 10 22
0 10 31
0 10 3
0 10 3
0 10 24
0 10 10
0 10 23
0 10 14
0 10 30
0 10 26
0 10 3
0 10 24
0 10 8
0 10 25
0 10 24
0 10 30
0 10 3
0 10 11
0 10 3
0 10 2
0 10 26
0 10 24
0 10 24
0 10 3
0 10 11
0 10 3
0 10 3
0 10 24
0 10 2
0 10 25
0 10 3
0 10 8
0 10 15
0 10 26
0 10 24
0 11 12
0 11 3
0 11 14
0 11 13
0 11 22
0 11 14
0 11 22
0 11 14
0 11 4
0 11 12
0 11 0
0 11 12
0 11 0
0 11 3
0 11 14
0 11 22
0 11 23
0 11 11
0 11 22
0 11 11
0 11 23
0 11 3
0 11 3
0 11 13
0 11 3
0 12 21
0 12 25
0 12 23
0 12 3
0 12 24
0 12 22
0 12 25
0 12 24
0 12 26
0 12 3
0 12 22
0 12 2
0 12 2
0 12 4
0 12 23
0 12 3
0 12 15
0 12 3
0 12 30
0 12 13
0 12 23
0 12 3
0 12 3
0 12 10
0 12 11
0 12 22
0 12 2
0 12 24
0 12 25
0 12 3
0 12 1
0 12 14
0 12 3
0 12 15
0 12 23
0 12 25
0 12 15
0 12 24
0 12 3
0 12 22
0 12 2
0 12 24
0 12 2
0 12 11
0 12 22
0 12 23
0 12 23
0 12 24
0 12 13
0 12 10
0 12 22
0 12 2
0 12 13
0 12 3
0 12 30
0 12 22
0 12 4
0 12 23
0 12 2
0 12 13
0 12 13
0 12 25
0 12 3
0 12 2
0 12 11
0 12 30
0 12 3
0 12 3
0 12 15
0 12 15
0 12 10
0 12 21
0 12 3
0 12 31
0 12 11
0 12 23
0 12 10
0 12 13
0 1 4
0 1 15
0 1 3
0 1 3
0 1 3
0 1 4
0 1 3
0 1 4
0 1 26
0 1 4
0 1 3
0 1 22
0 1 4
0 1 4
0 1 3
0 1 4
0 1 15
0 1 3
0 1 3
0 1 4
0 1 3
0 1 3
0 1 2
0 1 4
0 1 3
0 1 3
0 1 3
0 1 4
0 1 4
0 1 26
0 1 2
0 1 4
0 1 23
0 1 3
0 1 22
0 1 4
0 1 0
0 1 3
0 1 4
0 2 3
0 2 11
0 2 3
0 2 3
0 2 3
0 2 3
0 2 3
0 2 3
0 2 3
0 2 11
0 2 3
0 2 3
0 2 22
0 2 3
0 2 3
0 2 3
0 3 3
0 3 24
0 3 21
0 3 22
0 3 25
0 3 2
0 3 22
0 3 11
0 3 0
0 3 24
0 3 21
0 3 2
0 3 3
0 3 3
0 3 25
0 3 14
0 3 22
0 3 14
0 3 10
0 3 3
0 3 3
0 3 3
0 3 11
0 3 30
0 3 3
0 3 23
0 3 30
0 3 14
0 3 3
0 3 12
0 3 12
0 3 2
0 3 22
0 3 4
0 3 24
0 3 3
0 3 21
0 3 24
0 3 2
0 3 3
0 3 22
0 3 14
0 3 3
0 3 3
0 3 22
0 3 25
0 3 3
0 3 22
0 3 23
0 3 3
0 3 3
0 3 2
0 3 23
0 3 3
0 3 23
0 3 10
0 3 7
0 3 3
0 3 23
0 3 3
0 3 4
0 3 7
0 3 21
0 3 3
0 3 3
0 3 23
0 3 0
0 3 2
0 3 21
0 3 4
0 3 3
0 3 26
0 3 4
0 3 24
0 3 3
0 3 8
0 3 3
0 3 14
0 3 24
0 3 23
0 3 10
0 3 3
0 3 22
0 3 22
0 3 23
0 3 21
0 3 3
0 3 3
0 3 3
0 3 3
0 3 23
0 3 11
0 3 3
0 3 22
0 3 24
0 3 3
0 3 8
0 3 2
0 3 3
0 3 3
0 3 14
0 3 2
0 3 23
0 3 0
0 3 30
0 3 22
0 3 3
0 3 14
0 3 3
0 3 10
0 3 8
0 3 12
0 3 24
0 3 15
0 3 21
0 3 21
0 3 0
0 3 3
0 3 14
0 3 3
0 3 3
0 3 13
0 3 25
0 3 3
0 3 3
0 3 26
0 3 30
0 3 23
0 3 10
0 3 22
0 3 11
0 3 4
0 3 11
0 3 12
0 3 25
0 3 3
0 3 22
0 3 10
0 3 0
0 3 3
0 3 3
0 3 10
0 3 22
0 3 21
0 3 0
0 3 3
0 3 12
0 3 3
0 3 3
0 3 4
0 3 2
0 3 23
0 3 30
0 3 31
0 3 3
0 3 3
0 3 13
0 3 3
0 3 12
0 3 15
0 3 23
0 3 3
0 3 12
0 3 14
0 3 22
0 3 24
0 3 3
0 3 22
0 3 4
0 3 13
0 3 21
0 3 21
0 3 1
0 3 3
0 3 3
0 3 10
0 3 22
0 3 3
0 3 2
0 3 10
0 3 3
0 3 14
0 3 13
0 3 2
0 3 2
0 3 13
0 3 3
0 3 2
0 3 26
0 3 24
0 3 13
0 3 24
0 3 21
0 3 30
0 3 3
0 3 3
0 3 14
0 3 2
0 3 8
0 3 3
0 3 10
0 3 3
0 3 23
0 3 22
0 3 22
0 3 3
0 3 24
0 3 0
0 3 3
0 3 22
0 3 12
0 3 11
0 3 2
0 3 10
0 3 21
0 3 25
0 3 3
0 3 0
0 3 2
0 3 14
0 3 3
0 3 0
0 3 25
0 3 13
0 3 11
0 3 8
0 3 13
0 3 23
0 3 3
0 3 4
0 3 30
0 3 3
0 3 25
0 3 3
0 3 24
0 3 22
0 3 12
0 3 2
0 3 23
0 3 3
0 3 23
0 3 21
0 3 3
0 3 11
0 3 3
0 3 10
0 3 3
0 3 31
0 3 3
0 3 3
0 3 3
0 3 21
0 3 1
0 3 2
0 3 11
0 3 3
0 3 21
0 3 0
0 3 2
0 3 30
0 3 3
0 3 2
0 3 30
0 3 3
0 3 3
0 3 3
0 3 13
0 3 24
0 3 14
0 3 25
0 6 23
0 6 24
0 6 12
0 6 23
0 6 23
0 6 22
0 6 2
0 6 24
0 6 25
0 6 11
0 6 25
0 6 24
0 6 10
0 6 23
0 6 1
0 6 12
0 6 10
0 6 21
0 6 21
0 6 23
0 6 23
0 6 24
0 6 25
0 6 14
0 6 23
0 6 23
0 6 3
0 6 11
0 6 25
0 6 13
0 6 24
0 6 21
0 6 11
0 6 10
0 6 12
0 6 13
0 6 22
0 6 24
0 6 21
0 6 23
0 6 23
0 6 13
0 6 23
0 6 22
0 6 11
0 6 11
0 6 25
0 6 24
0 6 25
0 6 13
0 6 23
0 6 21
0 6 3
0 6 2
0 6 13
0 6 13
0 6 21
0 6 23
0 6 0
0 6 13
0 6 21
0 6 11
0 6 3
0 6 24
0 6 10
0 6 22
0 6 2
0 6 12
0 6 14
0 6 10
0 6 12
0 6 24
0 6 13
0 6 25
0 6 21
0 6 3
0 6 14
0 6 2
0 6 4
0 6 12
0 6 3
0 6 11
0 6 23
0 6 11
0 6 21
0 6 14
0 6 12
0 6 13
0 6 25
0 6 21
0 6 13
0 6 24
0 6 2
0 6 3
0 6 25
0 6 10
0 6 24
0 6 12
0 6 25
0 6 12
0 6 2
0 6 22
0 6 10
0 6 3
0 6 10
0 6 24
0 6 2
0 6 11
0 6 14
0 6 24
0 6 21
0 6 25
0 6 24
0 6 22
0 6 22
0 6 13
0 6 13
0 6 14
0 6 24
0 6 11
0 6 14
0 6 13
0 6 14
0 6 22
0 6 21
0 6 22
0 6 22
0 6 11
0 6 0
0 6 2
0 6 10
0 6 11
0 6 23
0 6 14
0 6 25
0 6 11
0 6 22
0 6 14
0 6 14
0 6 24
0 6 25
0 6 3
0 6 13
0 6 23
0 6 14
0 6 22
0 6 23
0 6 11
0 6 10
0 6 23
0 6 2
0 6 24
0 6 25
0 6 25
0 6 12
0 6 24
0 6 10
0 6 24
0 6 25
0 6 24
0 6 23
0 6 13
0 6 13
0 6 12
0 6 10
0 6 24
0 6 25
0 6 13
0 6 23
0 6 13
0 6 21
0 6 25
0 6 0
0 6 3
0 6 22
0 6 10
0 6 22
0 6 3
0 6 21
0 6 2
0 6 10
0 6 23
0 6 25
0 6 23
0 6 10
0 6 24
0 6 10
0 6 11
0 6 24
0 6 22
0 6 14
0 6 23
0 6 13
0 6 2
0 6 13
0 6 10
0 6 22
0 6 21
0 6 2
0 6 2
0 6 14
0 6 12
0 6 24
0 6 11
0 6 23
0 6 24
0 6 10
0 6 14
0 6 23
0 6 10
0 6 10
0 6 24
0 6 24
0 6 2
0 6 14
0 6 12
0 6 3
0 6 12
0 6 3
0 6 25
0 6 21
0 6 24
0 6 10
0 6 21
0 6 3
0 6 12
0 6 12
0 6 1
0 6 2
0 6 23
0 6 11
0 6 25
0 6 23
0 6 3
0 6 21
0 6 23
0 6 14
0 6 3
0 6 0
0 6 24
0 6 21
0 6 21
0 6 23
0 6 14
0 6 14
0 6 21
0 6 23
0 6 12
0 6 1
0 6 23
0 6 13
0 6 3
0 6 1
0 6 4
0 6 25
0 6 24
0 6 12
0 6 24
0 6 13
0 6 2
0 6 22
0 6 10
0 6 23
0 6 12
0 6 3
0 6 24
0 6 15
0 6 23
0 6 21
0 6 23
0 6 23
0 6 23
0 6 13
0 6 10
0 6 12
0 6 23
0 6 14
0 6 10
0 6 10
0 6 14
0 6 12
0 6 22
0 6 21
0 6 24
0 6 2
0 6 3
0 6 24
0 6 1
0 6 11
0 6 2
0 6 23
0 6 23
0 6 1
0 6 22
0 6 12
0 6 12
0 6 24
0 6 23
0 6 3
0 6 12
0 6 2
0 6 24
0 6 22
0 6 24
0 6 12
0 6 23
0 6 22
0 6 2
0 6 21
0 6 12
0 6 11
0 6 3
0 6 23
0 6 2
0 6 10
0 6 10
0 6 10
0 6 12
0 6 12
0 6 25
0 6 22
0 6 25
0 6 23
0 6 22
0 6 10
0 6 11
0 6 1
0 6 14
0 6 25
0 6 24
0 6 24
0 6 10
0 6 10
0 6 24
0 6 21
0 6 10
0 6 24
0 6 11
0 6 12
0 6 23
0 6 2
0 6 10
0 6 21
0 6 12
0 6 11
0 6 12
0 6 22
0 6 25
0 6 23
0 6 12
0 6 12
0 6 2
0 6 10
0 6 14
0 6 21
0 6 21
0 6 25
0 6 22
0 6 10
0 6 4
0 6 25
0 6 13
0 6 10
0 6 23
0 6 24
0 6 21
0 6 2
0 6 2
0 6 23
0 6 22
0 6 14
0 6 4
0 6 11
0 6 14
0 6 25
0 6 4
0 6 14
0 6 21
0 6 23
0 6 12
0 6 25
0 6 2
0 6 2
0 6 23
0 6 12
0 6 3
0 6 2
0 6 3
0 6 23
0 6 21
0 6 21
0 6 25
0 6 2
0 6 12
0 6 10
0 6 25
0 6 3
0 6 22
0 6 22
0 6 12
0 6 24
0 6 3
0 6 14
0 6 2
0 6 3
0 6 3
0 6 3
0 6 13
0 6 11
0 6 21
0 6 10
0 6 3
0 6 21
0 6 2
0 6 12
0 6 25
0 6 25
0 6 11
0 6 23
0 6 21
0 6 24
0 6 14
0 6 22
0 6 13
0 6 10
0 6 21
0 6 23
0 6 11
0 6 3
0 6 2
0 6 2
0 6 23
0 6 11
0 6 10
0 6 14
0 6 11
0 6 3
0 6 3
0 6 24
0 6 23
0 6 10
0 6 3
0 6 23
0 6 2
0 6 3
0 6 10
0 6 24
0 6 12
0 6 10
0 6 23
0 6 23
0 6 0
0 6 10
0 6 10
0 6 24
0 6 2
0 6 25
0 6 24
0 6 12
0 6 4
0 6 3
0 6 25
0 6 22
0 6 25
0 6 23
0 6 13
0 6 3
0 6 12
0 6 12
0 6 23
0 6 23
0 6 24
0 6 13
0 6 22
0 7 25
0 7 4
0 7 4
0 7 3
0 7 4
0 4 25
0 4 25
0 6 25
0 6 25
0 6 14
0 6 15
0 4 23
0 4 25
0 4 3
0 7 4
0 4 2
0 4 4
0 6 14
0 2 4
0 6 3
0 2 4
0 7 26
0 7 26
0 7 4
0 7 4
0 7 4
0 7 4
0 9 22
0 9 11
0 4 1
0 9 0
0 4 25
0 3 25
0 3 25
0 3 26
0 3 31
0 5 4
0 8 3
0 5 25
0 7 30
0 4 30
0 9 22
0 9 13
0 9 1
0 9 4
0 9 4
0 9 3
0 9 3
0 9 3
0 7 25
0 7 3
0 7 3
0 7 3
0 7 3
0 7 3
0 7 3
0 8 23
0 8 26
0 8 15
0 8 31
0 8 4
0 8 4
0 1 22
0 1 24
0 1 3
0 1 3
0 1 4
0 1 3
0 1 3
0 1 4
0 8 26
0 8 26
0 8 4
0 8 4
0 8 4
0 8 4
0 1 10
0 1 22
0 1 25
0 1 26
0 1 26
0 4 24
0 8 25
0 8 25
0 9 25
0 8 26
0 10 4
0 8 4
0 9 23
0 9 24
0 9 2
0 9 4
0 9 4
0 9 3
0 9 3
0 9 4
0 2 4
0 2 4
0 2 4
0 2 4
0 2 4
0 2 4
0 2 4
0 2 4
0 2 4
0 2 3
0 2 3
0 2 4
0 9 30
0 1 22
0 1 24
0 1 29
0 1 30
0 1 4
0 1 4
0 5 13
0 5 13
0 5 25
0 5 25
0 5 30
0 5 3
0 5 3
0 5 0
0 5 2
0 8 25
0 8 25
0 8 26
0 8 15
0 8 4
0 8 4
0 8 3
0 8 3
0 4 25
0 5 25
0 5 25
0 5 14
0 5 30
0 5 30
0 3 4
0 3 4
0 4 22
0 4 22
0 4 22
0 4 22
0 4 11
0 4 29
0 4 29
0 1 21
0 1 23
0 1 23
0 1 24
0 1 24
0 4 4
0 4 4
0 1 4
0 2 4
0 9 22
0 9 25
0 9 25
0 9 25
0 9 14
0 9 30
0 9 26
0 4 31
0 4 31
0 5 23
0 5 12
0 5 0
0 5 3
0 5 7
0 5 7
0 9 25
0 4 22
0 1 24
0 1 25
0 8 23
0 8 15
0 3 3
0 3 4
0 4 24
0 4 14
0 4 4
0 1 3
0 1 3
0 9 22
0 1 22
0 1 24
0 3 21
0 3 26
0 3 31
0 3 31
0 5 26
0 4 23
0 4 25
0 7 4
