# Parameters: nPorts nContainers
13 2579
# Transport type: id length=(20,40) weight type=(DC,RC,HC,HR)
0 20 3 DC
1 20 9 DC
2 20 14 DC
3 20 21 DC
4 20 27 DC
5 20 3 RC
6 20 9 RC
7 20 14 RC
8 20 21 RC
9 20 27 RC
10 40 3 DC
11 40 6 DC
12 40 9 DC
13 40 14 DC
14 40 21 DC
15 40 27 DC
16 40 3 RC
17 40 9 RC
18 40 14 RC
19 40 21 RC
20 40 27 RC
21 40 3 HC
22 40 6 HC
23 40 9 HC
24 40 14 HC
25 40 21 HC
26 40 27 HC
27 40 3 HR
28 40 9 HR
29 40 14 HR
30 40 21 HR
31 40 27 HR
32 40 3 HC
33 40 6 HC
34 40 9 HC
35 40 14 HC
36 40 21 HC
37 40 27 HC
# Container: startPort endPort typeId [bay stack tier slot]
0 6 24 1 4 10 1
0 6 21 1 4 11 1
0 10 3 1 5 10 1
0 10 4 1 5 10 2
0 10 2 1 5 11 1
0 10 3 1 5 11 2
0 10 14 1 5 12 1
0 10 24 1 5 13 1
0 2 3 1 6 10 1
0 2 3 1 6 10 2
0 2 3 1 6 11 1
0 2 3 1 6 11 2
0 2 3 1 6 12 1
0 2 3 1 6 12 2
0 2 22 1 6 13 1
0 8 26 1 7 10 1
0 8 26 1 7 11 1
0 8 26 1 7 12 1
0 7 26 1 10 10 1
0 4 26 1 10 11 1
0 4 14 1 10 12 1
0 4 25 1 10 13 1
0 7 3 1 11 10 1
0 9 4 1 11 10 2
0 6 26 1 11 11 1
0 2 26 1 11 12 1
0 2 25 1 11 13 1
0 10 25 1 6 6 1
0 10 25 1 6 7 1
0 6 3 1 7 4 1
0 6 3 1 7 4 2
0 6 26 1 7 5 1
0 6 25 1 7 6 1
0 6 25 1 7 7 1
0 6 3 1 8 4 1
0 6 4 1 8 4 2
0 6 3 1 8 5 1
0 6 4 1 8 5 2
0 6 25 1 8 6 1
0 6 23 1 8 7 1
0 7 3 1 9 6 1
0 8 4 1 9 6 2
0 5 2 1 9 7 1
0 7 3 1 9 7 2
0 5 13 1 9 8 1
0 2 26 2 4 10 1
0 2 26 2 4 11 1
0 2 24 2 4 12 1
0 7 11 2 5 10 1
0 7 11 2 5 11 1
0 7 22 2 5 12 1
0 7 22 2 5 13 1
0 2 23 2 10 10 1
0 2 23 2 10 11 1
0 2 22 2 10 12 1
0 2 22 2 10 13 1
0 4 4 2 11 10 1
0 4 4 2 11 10 2
0 4 2 2 11 11 1
0 4 3 2 11 11 2
0 4 25 2 11 12 1
0 4 24 2 11 13 1
0 2 3 2 12 10 1
0 2 4 2 12 10 2
0 2 3 2 13 10 1
0 2 4 2 13 10 2
0 2 25 2 13 11 1
0 2 25 2 13 12 1
0 2 25 2 13 13 1
0 3 3 2 14 10 1
0 3 3 2 14 10 2
0 3 3 2 14 11 1
0 3 3 2 14 11 2
0 3 24 2 14 12 1
0 3 10 2 14 13 1
0 8 4 2 3 7 1
0 8 4 2 3 7 2
0 10 26 2 3 8 1
0 8 3 2 4 6 1
0 11 4 2 4 6 2
0 8 3 2 4 7 1
0 8 3 2 4 7 2
0 10 26 2 4 8 1
0 4 11 2 5 5 1
0 4 22 2 5 6 1
0 7 25 2 6 3 1
0 7 13 2 6 4 1
0 7 12 2 6 5 1
0 7 12 2 6 6 1
0 7 12 2 6 7 1
0 7 11 2 6 8 1
0 7 25 2 8 3 1
0 7 13 2 8 4 1
0 7 24 2 8 5 1
0 7 24 2 8 6 1
0 7 24 2 8 7 1
0 4 4 2 9 3 1
0 4 4 2 9 3 2
0 4 1 2 9 4 1
0 4 4 2 9 4 2
0 4 25 2 9 5 1
0 4 25 2 9 6 1
0 4 24 2 9 7 1
0 5 25 2 10 5 1
0 5 25 2 10 6 1
0 5 24 2 10 7 1
0 5 3 2 11 6 1
0 5 4 2 11 6 2
0 5 3 2 11 7 1
0 5 3 2 11 7 2
0 5 15 2 11 8 1
0 5 26 2 12 7 1
0 10 12 2 12 8 1
0 5 4 3 10 10 1
0 8 4 3 10 10 2
0 5 2 3 10 11 1
0 8 4 3 10 11 2
0 4 3 3 11 10 1
0 4 3 3 11 10 2
0 4 14 3 11 11 1
0 4 25 3 11 12 1
0 10 25 3 11 13 1
0 8 4 3 13 10 1
0 8 4 3 13 10 2
0 8 4 3 13 11 1
0 8 4 3 13 11 2
0 5 15 3 13 12 1
0 2 3 3 14 10 1
0 2 3 3 14 10 2
0 2 24 3 14 11 1
0 2 24 3 14 12 1
0 2 10 3 14 13 1
0 8 3 3 15 10 1
0 9 4 3 15 10 2
0 8 15 3 15 11 1
0 8 25 3 15 12 1
0 3 26 3 2 7 1
0 3 4 3 3 6 1
0 4 4 3 3 6 2
0 3 4 3 3 7 1
0 3 4 3 3 7 2
0 10 2 3 4 5 1
0 10 4 3 4 5 2
0 10 2 3 4 6 1
0 10 3 3 4 6 2
0 10 26 3 4 7 1
0 10 14 3 4 8 1
0 10 26 3 6 2 1
0 10 26 3 6 3 1
0 5 26 3 6 4 1
0 3 15 3 6 5 1
0 2 14 3 6 6 1
0 2 25 3 6 7 1
0 4 3 3 7 2 1
0 4 4 3 7 2 2
0 4 2 3 7 3 1
0 4 3 3 7 3 2
0 4 13 3 7 4 1
0 4 24 3 7 5 1
0 4 24 3 7 6 1
0 4 24 3 7 7 1
0 7 12 3 8 2 1
0 7 23 3 8 3 1
0 7 23 3 8 4 1
0 7 23 3 8 5 1
0 7 23 3 8 6 1
0 10 24 3 9 2 1
0 10 22 3 9 3 1
0 10 25 3 10 3 1
0 10 23 3 10 4 1
0 10 23 3 10 5 1
0 10 23 3 10 6 1
0 10 23 3 10 7 1
0 9 3 3 11 5 1
0 9 4 3 11 5 2
0 9 15 3 11 6 1
0 9 25 3 11 7 1
0 7 13 3 11 8 1
0 2 22 3 12 6 1
0 7 12 3 13 7 1
0 7 22 3 13 8 1
0 11 4 4 3 10 1
0 11 4 4 3 10 2
0 2 3 4 3 11 1
0 2 3 4 3 11 2
0 2 24 4 3 12 1
0 2 23 4 3 13 1
0 10 25 4 8 10 1
0 2 25 4 1 7 1
0 2 14 4 1 8 1
0 2 14 4 2 5 1
0 2 25 4 2 6 1
0 2 25 4 2 7 1
0 9 26 4 3 4 1
0 9 26 4 3 5 1
0 2 15 4 3 6 1
0 2 26 4 3 7 1
0 4 1 4 4 3 1
0 4 4 4 4 3 2
0 4 0 4 4 4 1
0 4 2 4 4 4 2
0 4 13 4 4 5 1
0 4 24 4 4 6 1
0 4 12 4 4 7 1
0 4 11 4 4 8 1
0 4 3 4 5 1 1
0 4 4 4 5 1 2
0 4 3 4 5 2 1
0 4 4 4 5 2 2
0 4 26 4 5 3 1
0 4 26 4 5 4 1
0 4 14 4 5 5 1
0 4 25 4 5 6 1
0 4 25 4 5 7 1
0 7 13 4 6 1 1
0 7 12 4 6 2 1
0 7 12 4 6 3 1
0 7 12 4 6 4 1
0 7 12 4 6 5 1
0 7 12 4 6 6 1
0 7 12 4 6 7 1
0 7 23 4 6 8 1
0 7 3 4 7 1 1
0 7 3 4 7 1 2
0 7 25 4 7 2 1
0 7 13 4 7 3 1
0 7 24 4 7 4 1
0 7 24 4 7 5 1
0 7 24 4 7 6 1
0 7 24 4 7 7 1
0 2 4 4 8 1 1
0 10 4 4 8 1 2
0 2 3 4 8 2 1
0 6 4 4 8 2 2
0 2 3 4 8 3 1
0 2 4 4 8 3 2
0 2 3 4 8 4 1
0 2 4 4 8 4 2
0 10 25 4 8 5 1
0 10 25 4 8 6 1
0 2 14 4 8 7 1
0 1 3 4 9 1 1
0 1 4 4 9 1 2
0 1 3 4 9 2 1
0 1 4 4 9 2 2
0 1 3 4 9 3 1
0 1 3 4 9 3 2
0 1 15 4 9 4 1
0 1 26 4 9 5 1
0 1 26 4 9 6 1
0 1 25 4 9 7 1
0 7 25 4 10 1 1
0 7 13 4 10 2 1
0 7 24 4 10 3 1
0 7 24 4 10 4 1
0 7 23 4 10 5 1
0 7 22 4 10 6 1
0 7 22 4 10 7 1
0 6 3 4 12 4 1
0 9 3 4 12 4 2
0 6 15 4 12 5 1
0 6 4 4 13 5 1
0 8 4 4 13 5 2
0 5 4 4 13 6 1
0 8 4 4 13 6 2
0 5 3 4 13 7 1
0 6 4 4 13 7 2
0 9 3 4 14 7 1
0 9 4 4 14 7 2
0 9 10 4 14 8 1
0 4 1 5 6 10 1
0 4 4 5 6 10 2
0 4 26 5 6 11 1
0 4 24 5 6 12 1
0 4 24 5 6 13 1
0 4 24 5 7 10 1
0 4 24 5 7 11 1
0 4 23 5 7 12 1
0 4 23 5 7 13 1
0 7 15 5 8 10 1
0 7 25 5 8 11 1
0 7 24 5 8 12 1
0 7 23 5 8 13 1
0 4 3 5 9 10 1
0 4 4 5 9 10 2
0 4 15 5 9 11 1
0 4 25 5 9 12 1
0 4 25 5 9 13 1
0 5 4 5 10 10 1
0 5 4 5 10 10 2
0 5 3 5 10 11 1
0 3 4 5 10 11 2
0 5 25 5 10 12 1
0 1 3 5 13 10 1
0 1 3 5 13 10 2
0 1 3 5 13 11 1
0 1 3 5 13 11 2
0 1 3 5 13 12 1
0 1 3 5 13 12 2
0 1 23 5 13 13 1
0 3 4 5 14 10 1
0 3 4 5 14 10 2
0 3 4 5 14 11 1
0 3 4 5 14 11 2
0 3 26 5 14 12 1
0 1 2 5 15 10 1
0 1 4 5 15 10 2
0 1 26 5 15 11 1
0 1 25 5 15 12 1
0 1 24 5 15 13 1
0 4 4 5 2 4 1
0 4 4 5 2 4 2
0 4 4 5 2 5 1
0 4 4 5 2 5 2
0 4 4 5 2 6 1
0 4 4 5 2 6 2
0 4 26 5 2 7 1
0 7 24 5 3 3 1
0 7 24 5 3 4 1
0 7 23 5 3 5 1
0 7 23 5 3 6 1
0 7 23 5 3 7 1
0 7 12 5 4 2 1
0 7 12 5 4 3 1
0 7 12 5 4 4 1
0 7 23 5 4 5 1
0 7 22 5 4 6 1
0 7 22 5 4 7 1
0 7 0 5 5 1 1
0 7 2 5 5 1 2
0 7 0 5 5 2 1
0 7 2 5 5 2 2
0 7 24 5 5 3 1
0 7 24 5 5 4 1
0 7 23 5 5 5 1
0 7 22 5 5 6 1
0 7 22 5 5 7 1
0 7 12 5 6 0 1
0 7 12 5 6 1 1
0 7 12 5 6 2 1
0 7 23 5 6 3 1
0 7 23 5 6 4 1
0 7 23 5 6 5 1
0 7 22 5 6 6 1
0 7 22 5 6 7 1
0 4 2 5 7 0 1
0 4 2 5 7 0 2
0 4 24 5 7 1 1
0 4 23 5 7 2 1
0 4 23 5 7 3 1
0 4 23 5 7 4 1
0 4 23 5 7 5 1
0 4 23 5 7 6 1
0 4 23 5 7 7 1
0 7 2 5 8 0 1
0 7 3 5 8 0 2
0 7 25 5 8 1 1
0 7 13 5 8 2 1
0 7 24 5 8 3 1
0 7 24 5 8 4 1
0 7 24 5 8 5 1
0 7 23 5 8 6 1
0 7 23 5 8 7 1
0 7 14 5 9 0 1
0 7 24 5 9 1 1
0 7 23 5 9 2 1
0 7 22 5 9 3 1
0 7 22 5 9 4 1
0 7 22 5 9 5 1
0 7 22 5 9 6 1
0 7 22 5 9 7 1
0 6 25 5 10 1 1
0 10 24 5 10 2 1
0 10 12 5 10 3 1
0 10 23 5 10 4 1
0 10 23 5 10 5 1
0 10 23 5 10 6 1
0 10 23 5 10 7 1
0 7 3 5 11 2 1
0 7 4 5 11 2 2
0 6 26 5 11 3 1
0 5 26 5 11 4 1
0 5 26 5 11 5 1
0 5 26 5 11 6 1
0 5 26 5 11 7 1
0 9 3 5 12 3 1
0 9 4 5 12 3 2
0 7 3 5 12 4 1
0 7 4 5 12 4 2
0 6 3 5 12 5 1
0 6 4 5 12 5 2
0 6 26 5 12 6 1
0 5 15 5 12 7 1
0 5 4 5 13 4 1
0 5 4 5 13 4 2
0 5 3 5 13 5 1
0 5 4 5 13 5 2
0 5 3 5 13 6 1
0 5 4 5 13 6 2
0 5 3 5 13 7 1
0 5 4 5 13 7 2
0 5 2 5 13 8 1
0 5 0 5 13 8 2
0 8 3 5 14 5 1
0 8 4 5 14 5 2
0 8 3 5 14 6 1
0 8 3 5 14 6 2
0 8 3 5 14 7 1
0 8 3 5 14 7 2
0 8 15 5 14 8 1
0 4 0 6 10 10 1
0 4 4 6 10 10 2
0 4 28 6 10 11 1
0 4 23 6 10 12 1
0 4 22 6 10 13 1
0 4 22 6 10 14 1
0 10 4 6 11 10 1
0 10 4 6 11 10 2
0 10 4 6 11 11 1
0 10 4 6 11 11 2
0 10 2 6 11 12 1
0 10 3 6 11 12 2
0 10 1 6 11 13 1
0 10 0 6 11 13 2
0 10 22 6 11 14 1
0 3 0 6 12 10 1
0 3 3 6 12 10 2
0 4 0 6 13 10 1
0 4 4 6 13 10 2
0 4 24 6 13 11 1
0 4 24 6 13 12 1
0 4 24 6 13 13 1
0 4 24 6 13 14 1
0 10 4 6 14 10 1
0 3 3 6 14 10 2
0 8 4 6 14 11 1
0 3 0 6 14 11 2
0 3 15 6 14 12 1
0 3 26 6 14 13 1
0 4 3 6 15 10 1
0 4 4 6 15 10 2
0 4 1 6 15 11 1
0 4 3 6 15 11 2
0 4 23 6 15 12 1
0 4 23 6 15 13 1
0 4 23 6 15 14 1
0 7 15 6 1 4 1
0 4 0 6 4 1 1
0 4 4 6 4 1 2
0 4 26 6 4 2 1
0 4 24 6 4 3 1
0 4 12 6 4 4 1
0 4 23 6 4 5 1
0 4 23 6 4 6 1
0 4 22 6 4 7 1
0 10 3 6 5 0 1
0 10 4 6 5 0 2
0 10 2 6 5 1 1
0 10 4 6 5 1 2
0 10 15 6 5 2 1
0 10 26 6 5 3 1
0 10 25 6 5 4 1
0 10 25 6 5 5 1
0 10 25 6 5 6 1
0 10 25 6 5 7 1
0 7 22 6 6 0 1
0 7 22 6 6 1 1
0 7 22 6 6 2 1
0 3 22 6 6 3 1
0 2 22 6 6 4 1
0 2 22 6 6 5 1
0 7 13 6 7 0 1
0 7 24 6 7 1 1
0 7 24 6 7 2 1
0 7 24 6 7 3 1
0 7 12 6 7 4 1
0 7 12 6 7 5 1
0 7 23 6 7 6 1
0 7 23 6 7 7 1
0 7 24 6 8 0 1
0 7 24 6 8 1 1
0 7 24 6 8 2 1
0 7 10 6 8 3 1
0 2 25 6 9 0 1
0 2 13 6 9 1 1
0 2 23 6 9 2 1
0 2 23 6 9 3 1
0 2 23 6 9 4 1
0 2 23 6 9 5 1
0 7 23 6 9 6 1
0 7 23 6 9 7 1
0 6 4 6 10 0 1
0 6 4 6 10 0 2
0 6 4 6 10 1 1
0 6 4 6 10 1 2
0 6 3 6 10 2 1
0 6 4 6 10 2 2
0 6 3 6 10 3 1
0 6 4 6 10 3 2
0 6 3 6 10 4 1
0 6 4 6 10 4 2
0 6 3 6 10 5 1
0 6 4 6 10 5 2
0 6 26 6 10 6 1
0 6 14 6 10 7 1
0 6 14 6 10 8 1
0 8 4 6 11 1 1
0 8 4 6 11 1 2
0 8 4 6 11 2 1
0 8 4 6 11 2 2
0 8 4 6 11 3 1
0 8 4 6 11 3 2
0 8 4 6 11 4 1
0 8 4 6 11 4 2
0 8 25 6 11 5 1
0 8 25 6 11 6 1
0 7 24 6 11 7 1
0 7 2 6 12 1 1
0 7 2 6 12 1 2
0 7 24 6 12 2 1
0 7 24 6 12 3 1
0 7 12 6 12 4 1
0 7 22 6 12 5 1
0 7 21 6 12 6 1
0 7 21 6 12 7 1
0 7 2 6 13 1 1
0 7 3 6 13 1 2
0 7 1 6 13 2 1
0 7 3 6 13 2 2
0 7 0 6 13 3 1
0 7 3 6 13 3 2
0 7 0 6 13 4 1
0 7 2 6 13 4 2
0 7 0 6 13 5 1
0 7 2 6 13 5 2
0 7 0 6 13 6 1
0 7 2 6 13 6 2
0 7 13 6 13 7 1
0 7 10 6 13 8 1
0 8 3 6 14 4 1
0 8 4 6 14 4 2
0 8 3 6 14 5 1
0 8 4 6 14 5 2
0 8 0 6 14 6 1
0 8 4 6 14 6 2
0 8 0 6 14 7 1
0 8 3 6 14 7 2
0 4 23 6 14 8 1
0 4 0 7 6 10 1
0 4 3 7 6 10 2
0 4 0 7 6 11 1
0 4 3 7 6 11 2
0 4 12 7 6 12 1
0 4 22 7 6 13 1
0 4 22 7 6 14 1
0 4 26 7 7 10 1
0 4 25 7 7 11 1
0 4 12 7 7 12 1
0 4 23 7 7 13 1
0 4 22 7 7 14 1
0 4 2 7 8 10 1
0 4 4 7 8 10 2
0 4 25 7 8 11 1
0 4 23 7 8 12 1
0 4 23 7 8 13 1
0 4 23 7 8 14 1
0 4 0 7 9 10 1
0 4 0 7 9 10 2
0 4 0 7 9 11 1
0 4 0 7 9 11 2
0 4 11 7 9 12 1
0 4 11 7 9 13 1
0 4 22 7 9 14 1
0 8 3 7 13 10 1
0 8 3 7 13 10 2
0 8 3 7 13 11 1
0 8 3 7 13 11 2
0 1 3 7 14 10 1
0 1 3 7 14 10 2
0 1 25 7 14 11 1
0 1 25 7 14 12 1
0 1 23 7 14 13 1
0 1 21 7 14 14 1
0 1 4 7 15 10 1
0 1 4 7 15 10 2
0 1 26 7 15 11 1
0 1 14 7 15 12 1
0 1 14 7 15 13 1
0 1 14 7 15 14 1
0 4 4 7 1 2 1
0 4 4 7 1 2 2
0 4 3 7 1 3 1
0 4 4 7 1 3 2
0 4 3 7 1 4 1
0 4 4 7 1 4 2
0 4 3 7 1 5 1
0 4 3 7 1 5 2
0 4 3 7 1 6 1
0 4 3 7 1 6 2
0 4 3 7 1 7 1
0 4 3 7 1 7 2
0 4 3 7 1 8 1
0 4 3 7 1 8 2
0 4 25 7 2 1 1
0 2 24 7 2 2 1
0 2 23 7 2 3 1
0 2 21 7 2 4 1
0 7 10 7 2 5 1
0 7 10 7 2 6 1
0 7 21 7 2 7 1
0 7 11 7 3 1 1
0 7 11 7 4 0 1
0 7 11 7 4 1 1
0 7 11 7 4 2 1
0 7 11 7 4 3 1
0 7 11 7 4 4 1
0 7 11 7 4 5 1
0 4 12 7 5 0 1
0 4 23 7 5 1 1
0 4 11 7 5 2 1
0 4 22 7 5 3 1
0 4 22 7 5 4 1
0 4 22 7 5 5 1
0 4 22 7 5 6 1
0 4 22 7 5 7 1
0 4 4 7 6 0 1
0 4 4 7 6 0 2
0 4 26 7 6 1 1
0 4 24 7 6 2 1
0 4 24 7 6 3 1
0 4 24 7 6 4 1
0 4 24 7 6 5 1
0 4 24 7 6 6 1
0 4 24 7 6 7 1
0 7 0 7 7 0 1
0 7 3 7 7 0 2
0 7 25 7 7 1 1
0 7 12 7 7 2 1
0 7 12 7 7 3 1
0 7 11 7 7 4 1
0 7 11 7 7 5 1
0 7 11 7 7 6 1
0 7 11 7 7 7 1
0 7 10 7 7 8 1
0 7 24 7 8 0 1
0 7 24 7 8 1 1
0 7 24 7 8 2 1
0 7 12 7 8 3 1
0 7 12 7 8 4 1
0 7 23 7 8 5 1
0 7 23 7 8 6 1
0 7 23 7 8 7 1
0 7 25 7 9 0 1
0 7 13 7 9 1 1
0 7 13 7 9 2 1
0 7 13 7 9 3 1
0 7 12 7 9 4 1
0 7 11 7 9 5 1
0 7 22 7 9 6 1
0 7 22 7 9 7 1
0 1 26 7 10 0 1
0 1 26 7 10 1 1
0 1 26 7 10 2 1
0 1 14 7 10 3 1
0 10 23 7 10 4 1
0 10 22 7 10 5 1
0 10 22 7 10 6 1
0 10 22 7 10 7 1
0 7 24 7 11 0 1
0 7 24 7 11 1 1
0 7 24 7 11 2 1
0 7 12 7 11 3 1
0 7 12 7 11 4 1
0 7 12 7 11 5 1
0 7 23 7 11 6 1
0 7 23 7 11 7 1
0 6 3 7 12 1 1
0 5 4 7 12 1 2
0 5 3 7 12 2 1
0 5 4 7 12 2 2
0 7 15 7 12 3 1
0 5 26 7 12 4 1
0 7 25 7 12 5 1
0 5 24 7 12 6 1
0 5 24 7 12 7 1
0 7 3 7 13 1 1
0 7 3 7 13 1 2
0 7 3 7 13 2 1
0 7 3 7 13 2 2
0 7 14 7 13 3 1
0 7 13 7 13 4 1
0 7 12 7 13 5 1
0 7 11 7 13 6 1
0 7 11 7 13 7 1
0 7 21 7 13 8 1
0 1 0 7 14 2 1
0 1 3 7 14 2 2
0 1 14 7 14 3 1
0 1 25 7 14 4 1
0 1 25 7 14 5 1
0 1 25 7 14 6 1
0 1 25 7 14 7 1
0 2 3 8 6 10 1
0 2 3 8 6 10 2
0 2 23 8 6 11 1
0 2 23 8 6 12 1
0 2 11 8 6 13 1
0 2 11 8 6 14 1
0 7 30 8 7 10 1
0 7 13 8 7 11 1
0 7 13 8 7 12 1
0 7 24 8 7 13 1
0 2 24 8 7 14 1
0 2 1 8 9 10 1
0 2 3 8 9 10 2
0 2 24 8 9 11 1
0 9 31 8 1 1 1
0 9 26 8 1 2 1
0 9 26 8 1 3 1
0 9 29 8 1 4 1
0 4 23 8 1 5 1
0 4 23 8 1 6 1
0 4 22 8 1 7 1
0 5 3 8 2 0 1
0 9 4 8 2 0 2
0 5 3 8 2 1 1
0 6 4 8 2 1 2
0 5 3 8 2 2 1
0 6 4 8 2 2 2
0 5 2 8 2 3 1
0 6 4 8 2 3 2
0 5 30 8 2 4 1
0 5 22 8 2 5 1
0 5 22 8 2 6 1
0 5 21 8 2 7 1
0 6 4 8 3 0 1
0 6 4 8 3 0 2
0 6 4 8 3 1 1
0 6 4 8 3 1 2
0 6 4 8 3 2 1
0 6 4 8 3 2 2
0 6 30 8 3 3 1
0 6 25 8 3 4 1
0 6 25 8 3 5 1
0 6 25 8 3 6 1
0 6 25 8 3 7 1
0 7 12 8 4 0 1
0 7 12 8 4 1 1
0 7 23 8 4 2 1
0 7 11 8 4 3 1
0 7 11 8 4 4 1
0 2 2 8 6 0 1
0 2 4 8 6 0 2
0 7 0 8 6 1 1
0 7 2 8 6 1 2
0 7 11 8 6 2 1
0 7 10 8 6 3 1
0 7 10 8 6 4 1
0 7 10 8 6 5 1
0 7 10 8 6 6 1
0 7 10 8 6 7 1
0 7 21 8 6 8 1
0 10 3 8 7 0 1
0 10 4 8 7 0 2
0 10 2 8 7 1 1
0 10 4 8 7 1 2
0 10 2 8 7 2 1
0 10 3 8 7 2 2
0 10 1 8 7 3 1
0 10 3 8 7 3 2
0 7 0 8 7 4 1
0 7 1 8 7 4 2
0 7 12 8 7 5 1
0 7 11 8 7 6 1
0 7 22 8 7 7 1
0 7 10 8 7 8 1
0 7 14 8 8 0 1
0 7 24 8 8 1 1
0 7 24 8 8 2 1
0 7 23 8 8 3 1
0 7 23 8 8 4 1
0 7 22 8 8 5 1
0 7 22 8 8 6 1
0 7 22 8 8 7 1
0 5 4 8 9 0 1
0 5 4 8 9 0 2
0 5 4 8 9 1 1
0 5 4 8 9 1 2
0 5 3 8 9 2 1
0 5 4 8 9 2 2
0 5 31 8 9 3 1
0 5 30 8 9 4 1
0 5 30 8 9 5 1
0 5 25 8 9 6 1
0 5 25 8 9 7 1
0 7 25 8 10 0 1
0 7 13 8 10 1 1
0 7 24 8 10 2 1
0 7 24 8 10 3 1
0 7 24 8 10 4 1
0 7 11 8 10 5 1
0 7 22 8 10 6 1
0 7 22 8 10 7 1
0 7 0 8 11 0 1
0 7 0 8 11 0 2
0 7 0 8 11 1 1
0 7 0 8 11 1 2
0 7 0 8 11 2 1
0 7 0 8 11 2 2
0 7 11 8 11 3 1
0 7 11 8 11 4 1
0 7 11 8 11 5 1
0 7 11 8 11 6 1
0 7 11 8 11 7 1
0 7 22 8 11 8 1
0 7 25 8 12 0 1
0 7 28 8 12 1 1
0 7 23 8 12 2 1
0 7 23 8 12 3 1
0 7 23 8 12 4 1
0 7 23 8 12 5 1
0 7 23 8 12 6 1
0 7 23 8 12 7 1
0 2 23 8 13 0 1
0 2 23 8 13 1 1
0 2 23 8 13 2 1
0 2 23 8 13 3 1
0 2 22 8 13 4 1
0 2 22 8 13 5 1
0 2 22 8 13 6 1
0 2 21 8 13 7 1
0 1 3 9 6 10 1
0 1 3 9 6 10 2
0 1 3 9 6 11 1
0 1 3 9 6 11 2
0 1 3 9 6 12 1
0 1 3 9 6 12 2
0 1 23 9 6 13 1
0 1 21 9 6 14 1
0 1 4 9 7 10 1
0 1 4 9 7 10 2
0 1 3 9 7 11 1
0 1 4 9 7 11 2
0 1 26 9 7 12 1
0 1 14 9 7 13 1
0 1 26 9 8 10 1
0 7 11 9 8 11 1
0 4 11 9 8 12 1
0 4 11 9 8 13 1
0 4 11 9 8 14 1
0 10 4 9 9 10 1
0 10 4 9 9 10 2
0 10 4 9 9 11 1
0 10 4 9 9 11 2
0 4 0 9 9 12 1
0 10 3 9 9 12 2
0 10 23 9 9 13 1
0 10 10 9 9 14 1
0 3 4 9 10 10 1
0 3 4 9 10 10 2
0 3 4 9 10 11 1
0 3 4 9 10 11 2
0 4 3 9 11 10 1
0 4 4 9 11 10 2
0 4 2 9 11 11 1
0 4 4 9 11 11 2
0 4 0 9 11 12 1
0 4 2 9 11 12 2
0 4 23 9 11 13 1
0 4 11 9 11 14 1
0 6 26 9 13 10 1
0 6 25 9 13 11 1
0 6 25 9 13 12 1
0 6 25 9 13 13 1
0 6 25 9 13 14 1
0 3 4 9 14 10 1
0 3 4 9 14 10 2
0 3 3 9 14 11 1
0 3 4 9 14 11 2
0 1 26 9 14 12 1
0 1 26 9 14 13 1
0 5 26 9 15 10 1
0 1 26 9 15 11 1
0 1 26 9 15 12 1
0 1 26 9 15 13 1
0 7 1 9 1 1 1
0 7 3 9 1 1 2
0 7 0 9 1 2 1
0 7 3 9 1 2 2
0 7 25 9 1 3 1
0 7 24 9 1 4 1
0 7 23 9 1 5 1
0 7 23 9 1 6 1
0 7 22 9 1 7 1
0 4 3 9 2 0 1
0 4 4 9 2 0 2
0 4 3 9 2 1 1
0 4 4 9 2 1 2
0 4 2 9 2 2 1
0 4 4 9 2 2 2
0 4 26 9 2 3 1
0 4 26 9 2 4 1
0 4 26 9 2 5 1
0 4 25 9 2 6 1
0 4 25 9 2 7 1
0 5 4 9 3 0 1
0 5 4 9 3 0 2
0 2 26 9 3 1 1
0 2 25 9 3 2 1
0 2 25 9 3 3 1
0 2 25 9 3 4 1
0 2 24 9 3 5 1
0 2 24 9 3 6 1
0 2 22 9 3 7 1
0 5 26 9 4 0 1
0 5 26 9 4 1 1
0 5 26 9 4 2 1
0 5 26 9 4 3 1
0 5 26 9 4 4 1
0 5 26 9 4 5 1
0 5 26 9 4 6 1
0 5 26 9 4 7 1
0 5 25 9 6 0 1
0 5 24 9 6 1 1
0 5 24 9 6 2 1
0 5 24 9 6 3 1
0 5 22 9 6 4 1
0 5 22 9 6 5 1
0 5 21 9 6 6 1
0 4 3 9 7 0 1
0 4 3 9 7 0 2
0 4 3 9 7 1 1
0 4 3 9 7 1 2
0 4 26 9 7 2 1
0 4 14 9 7 3 1
0 4 24 9 7 4 1
0 4 12 9 7 5 1
0 4 11 9 7 6 1
0 2 24 9 8 0 1
0 2 23 9 8 1 1
0 2 23 9 8 2 1
0 2 23 9 8 3 1
0 4 11 9 8 4 1
0 4 11 9 8 5 1
0 4 22 9 8 6 1
0 4 22 9 8 7 1
0 6 3 9 9 0 1
0 4 4 9 9 0 2
0 3 3 9 9 1 1
0 3 4 9 9 1 2
0 3 0 9 9 2 1
0 3 4 9 9 2 2
0 3 26 9 9 3 1
0 3 26 9 9 4 1
0 3 26 9 9 5 1
0 3 26 9 9 6 1
0 3 24 9 9 7 1
0 7 22 9 10 0 1
0 7 22 9 10 1 1
0 7 22 9 10 2 1
0 7 22 9 10 3 1
0 7 10 9 10 4 1
0 7 10 9 10 5 1
0 7 21 9 10 6 1
0 7 21 9 10 7 1
0 9 4 9 11 0 1
0 9 4 9 11 0 2
0 9 26 9 11 1 1
0 9 25 9 11 2 1
0 9 25 9 11 3 1
0 9 23 9 11 4 1
0 9 23 9 11 5 1
0 9 22 9 11 6 1
0 9 21 9 11 7 1
0 7 12 9 12 0 1
0 7 11 9 12 1 1
0 7 11 9 12 2 1
0 7 22 9 12 3 1
0 7 22 9 12 4 1
0 7 22 9 12 5 1
0 7 22 9 12 6 1
0 7 22 9 12 7 1
0 7 1 9 13 0 1
0 7 3 9 13 0 2
0 7 0 9 13 1 1
0 7 2 9 13 1 2
0 7 11 9 13 2 1
0 7 11 9 13 3 1
0 7 11 9 13 4 1
0 7 10 9 13 5 1
0 7 10 9 13 6 1
0 7 21 9 13 7 1
0 7 25 9 14 1 1
0 7 25 9 14 2 1
0 7 25 9 14 3 1
0 7 13 9 14 4 1
0 4 0 10 4 10 1
0 4 4 10 4 10 2
0 4 25 10 4 11 1
0 4 24 10 4 12 1
0 4 23 10 4 13 1
0 1 26 10 11 10 1
0 1 26 10 11 11 1
0 1 25 10 11 12 1
0 1 23 10 11 13 1
0 1 21 10 11 14 1
0 1 7 10 12 10 1
0 1 0 10 12 10 2
0 4 28 10 1 1 1
0 4 27 10 1 2 1
0 4 27 10 1 3 1
0 4 21 10 1 4 1
0 6 3 10 2 0 1
0 6 4 10 2 0 2
0 6 3 10 2 1 1
0 6 4 10 2 1 2
0 6 3 10 2 2 1
0 5 3 10 2 2 2
0 6 6 10 2 3 1
0 5 3 10 2 3 2
0 5 31 10 2 4 1
0 5 31 10 2 5 1
0 6 25 10 2 6 1
0 6 23 10 2 7 1
0 5 1 10 3 0 1
0 5 3 10 3 0 2
0 5 31 10 3 1 1
0 5 30 10 3 2 1
0 5 23 10 3 3 1
0 5 23 10 3 4 1
0 5 22 10 3 5 1
0 5 22 10 3 6 1
0 5 21 10 3 7 1
0 1 3 10 4 0 1
0 1 4 10 4 0 2
0 1 30 10 4 1 1
0 1 30 10 4 2 1
0 1 30 10 4 3 1
0 1 30 10 4 4 1
0 1 25 10 4 5 1
0 1 23 10 4 6 1
0 1 21 10 4 7 1
0 1 3 10 5 0 1
0 1 4 10 5 0 2
0 1 30 10 5 1 1
0 1 30 10 5 2 1
0 1 14 10 5 3 1
0 1 14 10 5 4 1
0 1 25 10 5 5 1
0 1 25 10 5 6 1
0 1 24 10 5 7 1
0 5 3 10 6 0 1
0 5 4 10 6 0 2
0 5 3 10 6 1 1
0 5 4 10 6 1 2
0 5 3 10 6 2 1
0 5 3 10 6 2 2
0 5 15 10 6 3 1
0 5 15 10 6 4 1
0 5 14 10 6 5 1
0 5 14 10 6 6 1
0 5 14 10 6 7 1
0 5 22 10 6 8 1
0 1 26 10 8 0 1
0 1 26 10 8 1 1
0 1 14 10 8 2 1
0 1 25 10 8 3 1
0 1 25 10 8 4 1
0 1 25 10 8 5 1
0 1 31 10 9 0 1
0 1 31 10 9 1 1
0 1 26 10 9 2 1
0 1 26 10 9 3 1
0 1 26 10 9 4 1
0 7 2 10 10 0 1
0 7 2 10 10 0 2
0 7 30 10 10 1 1
0 7 25 10 10 2 1
0 7 29 10 10 3 1
0 7 29 10 10 4 1
0 7 29 10 10 5 1
0 7 12 10 10 6 1
0 7 22 10 10 7 1
0 7 3 10 11 0 1
0 7 3 10 11 0 2
0 7 31 10 11 1 1
0 7 15 10 11 2 1
0 9 25 10 11 3 1
0 7 25 10 11 4 1
0 7 25 10 11 5 1
0 7 24 10 11 6 1
0 7 24 10 11 7 1
0 5 31 10 12 0 1
0 5 31 10 12 1 1
0 5 30 10 12 2 1
0 5 30 10 12 3 1
0 5 30 10 12 4 1
0 5 30 10 12 5 1
0 5 23 10 12 6 1
0 5 23 10 12 7 1
0 1 31 10 13 0 1
0 1 31 10 13 1 1
0 1 26 10 13 2 1
0 1 30 10 13 3 1
0 1 30 10 13 4 1
0 1 25 10 13 5 1
0 1 25 10 13 6 1
0 1 25 10 13 7 1
0 1 31 10 14 1 1
0 1 31 10 14 2 1
0 1 26 10 14 3 1
0 1 26 10 14 4 1
0 1 26 10 14 5 1
0 1 26 10 14 6 1
0 1 26 10 14 7 1
0 1 26 11 1 1 1
0 1 26 11 1 2 1
0 1 26 11 1 3 1
0 1 26 11 1 4 1
0 1 26 11 1 5 1
0 2 3 11 2 0 1
0 2 3 11 2 0 2
0 2 26 11 2 1 1
0 2 25 11 2 2 1
0 2 12 11 2 3 1
0 2 11 11 2 4 1
0 1 25 11 3 0 1
0 1 25 11 3 1 1
0 1 25 11 3 2 1
0 1 25 11 3 3 1
0 1 25 11 3 4 1
0 1 25 11 3 5 1
0 1 25 11 3 6 1
0 1 25 11 3 7 1
0 1 26 11 4 0 1
0 1 26 11 4 1 1
0 1 26 11 4 2 1
0 1 26 11 4 3 1
0 1 25 11 4 4 1
0 1 25 11 4 5 1
0 1 25 11 4 6 1
0 1 25 11 4 7 1
0 1 3 11 5 0 1
0 1 4 11 5 0 2
0 1 25 11 5 1 1
0 1 25 11 5 2 1
0 1 25 11 5 3 1
0 1 25 11 5 4 1
0 1 13 11 5 5 1
0 1 24 11 5 6 1
0 1 22 11 5 7 1
0 7 26 11 6 0 1
0 7 25 11 6 1 1
0 7 25 11 6 2 1
0 7 24 11 6 3 1
0 7 24 11 6 4 1
0 7 24 11 6 5 1
0 7 24 11 6 6 1
0 7 24 11 6 7 1
0 7 14 11 7 0 1
0 7 25 11 7 1 1
0 7 25 11 7 2 1
0 7 13 11 7 3 1
0 7 24 11 7 4 1
0 7 24 11 7 5 1
0 7 24 11 7 6 1
0 7 24 11 7 7 1
0 1 26 11 8 0 1
0 1 26 11 8 1 1
0 1 26 11 8 2 1
0 1 25 11 8 3 1
0 1 25 11 8 4 1
0 1 24 11 8 5 1
0 1 11 11 8 6 1
0 1 22 11 8 7 1
0 7 15 11 9 0 1
0 7 15 11 9 1 1
0 7 14 11 9 2 1
0 7 12 11 9 3 1
0 7 11 11 9 4 1
0 7 11 11 9 5 1
0 7 11 11 9 6 1
0 7 11 11 9 7 1
0 7 21 11 9 8 1
0 1 3 11 10 0 1
0 1 3 11 10 0 2
0 1 14 11 10 1 1
0 1 14 11 10 2 1
0 1 25 11 10 3 1
0 1 25 11 10 4 1
0 1 25 11 10 5 1
0 1 21 11 10 6 1
0 1 3 11 11 0 1
0 1 4 11 11 0 2
0 1 25 11 11 1 1
0 1 25 11 11 2 1
0 1 25 11 11 3 1
0 1 13 11 11 4 1
0 1 13 11 11 5 1
0 1 12 11 11 6 1
0 1 21 11 11 7 1
0 2 2 11 12 0 1
0 2 3 11 12 0 2
0 2 1 11 12 1 1
0 2 2 11 12 1 2
0 2 25 11 12 2 1
0 2 24 11 12 3 1
0 2 12 11 12 4 1
0 2 23 11 12 5 1
0 2 21 11 12 6 1
0 2 21 11 12 7 1
0 1 3 11 13 0 1
0 1 4 11 13 0 2
0 1 25 11 13 1 1
0 1 25 11 13 2 1
0 1 25 11 13 3 1
0 1 25 11 13 4 1
0 1 25 11 13 5 1
0 1 25 11 13 6 1
0 1 25 11 13 7 1
0 1 26 11 14 1 1
0 1 14 11 14 2 1
0 1 25 11 14 3 1
0 1 25 11 14 4 1
0 5 4 12 1 1 1
0 8 4 12 1 1 2
0 5 14 12 1 2 1
0 5 25 12 1 3 1
0 5 25 12 1 4 1
0 5 25 12 1 5 1
0 5 24 12 1 6 1
0 5 31 12 2 0 1
0 5 31 12 2 1 1
0 5 31 12 2 2 1
0 5 30 12 2 3 1
0 5 14 12 2 4 1
0 5 29 12 2 5 1
0 5 24 12 2 6 1
0 5 24 12 2 7 1
0 5 31 12 3 0 1
0 5 31 12 3 1 1
0 5 31 12 3 2 1
0 5 31 12 3 3 1
0 3 31 12 3 4 1
0 6 3 12 4 0 1
0 6 4 12 4 0 2
0 6 3 12 4 1 1
0 6 4 12 4 1 2
0 6 0 12 4 2 1
0 6 4 12 4 2 2
0 6 15 12 4 3 1
0 6 22 12 4 4 1
0 6 4 12 5 0 1
0 8 4 12 5 0 2
0 6 4 12 5 1 1
0 8 4 12 5 1 2
0 3 4 12 5 2 1
0 6 4 12 5 2 2
0 5 4 12 7 0 1
0 5 4 12 7 0 2
0 5 31 12 7 1 1
0 5 31 12 7 2 1
0 5 15 12 7 3 1
0 5 25 12 7 4 1
0 5 13 12 7 5 1
0 5 24 12 7 6 1
0 3 4 12 10 0 1
0 3 4 12 10 0 2
0 3 4 12 10 1 1
0 3 4 12 10 1 2
0 3 4 12 10 2 1
0 3 4 12 10 2 2
0 3 4 12 10 3 1
0 3 4 12 10 3 2
0 3 30 12 10 4 1
0 1 15 12 11 0 1
0 1 26 12 11 1 1
0 1 26 12 11 2 1
0 1 25 12 11 3 1
0 1 25 12 11 4 1
0 1 25 12 11 5 1
0 1 21 12 11 6 1
0 1 26 12 12 0 1
0 1 26 12 12 1 1
0 1 25 12 12 2 1
0 1 25 12 12 3 1
0 1 25 12 12 4 1
0 5 30 12 13 0 1
0 5 30 12 13 1 1
0 5 30 12 13 2 1
0 5 30 12 13 3 1
0 5 30 12 13 4 1
0 5 30 12 13 5 1
0 5 30 12 14 1 1
0 5 14 12 14 2 1
0 5 25 12 14 3 1
0 5 25 12 14 4 1
0 2 3 13 1 10 1
0 2 4 13 1 10 2
0 2 3 13 1 11 1
0 2 3 13 1 11 2
0 2 3 13 1 12 1
0 2 3 13 1 12 2
0 2 2 13 1 13 1
0 2 0 13 1 13 2
0 2 0 13 1 14 1
0 2 0 13 1 14 2
0 7 4 13 1 1 1
0 9 4 13 1 1 2
0 7 4 13 1 2 1
0 9 4 13 1 2 2
0 7 4 13 1 3 1
0 9 4 13 1 3 2
0 7 3 13 1 4 1
0 9 4 13 1 4 2
0 2 3 13 1 5 1
0 7 4 13 1 5 2
0 2 23 13 1 6 1
0 2 23 13 1 7 1
0 7 12 13 2 0 1
0 7 23 13 2 1 1
0 7 23 13 2 2 1
0 7 23 13 2 3 1
0 7 23 13 2 4 1
0 7 11 13 2 5 1
0 7 22 13 2 6 1
0 7 22 13 2 7 1
0 3 3 13 3 0 1
0 11 4 13 3 0 2
0 2 3 13 3 1 1
0 6 4 13 3 1 2
0 2 3 13 3 2 1
0 3 3 13 3 2 2
0 2 24 13 3 3 1
0 2 24 13 3 4 1
0 2 24 13 3 5 1
0 2 23 13 3 6 1
0 2 10 13 3 7 1
0 6 3 13 4 0 1
0 6 4 13 4 0 2
0 6 3 13 4 1 1
0 6 4 13 4 1 2
0 6 3 13 4 2 1
0 6 4 13 4 2 2
0 6 3 13 4 3 1
0 6 4 13 4 3 2
0 6 3 13 4 4 1
0 6 4 13 4 4 2
0 6 26 13 4 5 1
0 6 23 13 4 6 1
0 6 21 13 4 7 1
0 10 25 13 5 0 1
0 10 25 13 5 1 1
0 10 11 13 5 2 1
0 10 22 13 5 3 1
0 4 3 13 6 0 1
0 4 3 13 6 0 2
0 4 14 13 6 1 1
0 4 24 13 6 2 1
0 4 24 13 6 3 1
0 4 23 13 6 4 1
0 4 23 13 6 5 1
0 4 23 13 6 6 1
0 4 23 13 6 7 1
0 4 3 13 7 0 1
0 4 4 13 7 0 2
0 4 26 13 7 1 1
0 4 25 13 7 2 1
0 4 25 13 7 3 1
0 4 13 13 7 4 1
0 4 24 13 7 5 1
0 4 25 13 8 0 1
0 4 25 13 8 1 1
0 4 24 13 8 2 1
0 4 12 13 8 3 1
0 4 12 13 8 4 1
0 4 22 13 8 5 1
0 4 21 13 8 6 1
0 4 21 13 8 7 1
0 7 2 13 9 0 1
0 7 4 13 9 0 2
0 7 2 13 9 1 1
0 7 3 13 9 1 2
0 7 23 13 9 2 1
0 7 23 13 9 3 1
0 7 23 13 9 4 1
0 7 23 13 9 5 1
0 7 22 13 9 6 1
0 7 22 13 9 7 1
0 5 3 13 11 0 1
0 8 4 13 11 0 2
0 5 3 13 11 1 1
0 5 4 13 11 1 2
0 5 3 13 11 2 1
0 5 4 13 11 2 2
0 5 26 13 11 3 1
0 5 14 13 11 4 1
0 5 14 13 11 5 1
0 5 12 13 11 6 1
0 5 11 13 11 7 1
0 2 29 15 6 10 1
0 2 31 15 7 10 1
0 2 26 15 7 11 1
0 2 30 15 7 12 1
0 2 29 15 7 13 1
0 9 2 15 8 10 1
0 9 4 15 8 10 2
0 9 26 15 8 11 1
0 8 25 15 8 12 1
0 6 14 15 8 13 1
0 6 25 15 8 14 1
0 2 23 15 8 15 1
0 9 21 15 8 16 1
0 6 4 15 9 10 1
0 6 4 15 9 10 2
0 6 31 15 9 11 1
0 6 30 15 9 12 1
0 6 25 15 9 13 1
0 6 25 15 9 14 1
0 6 25 15 9 15 1
0 5 14 15 9 16 1
0 5 25 15 10 10 1
0 5 25 15 10 11 1
0 5 25 15 10 12 1
0 5 25 15 10 13 1
0 5 25 15 10 14 1
0 5 12 15 10 15 1
0 5 21 15 10 16 1
0 5 31 15 11 10 1
0 5 30 15 11 11 1
0 5 29 15 11 12 1
0 5 29 15 11 13 1
0 5 24 15 11 14 1
0 5 23 15 11 15 1
0 5 21 15 11 16 1
0 5 3 15 12 10 1
0 5 4 15 12 10 2
0 5 30 15 12 11 1
0 5 29 15 12 12 1
0 2 29 15 12 13 1
0 4 4 15 13 10 1
0 4 4 15 13 10 2
0 4 31 15 13 11 1
0 4 31 15 13 12 1
0 4 31 15 13 13 1
0 4 13 15 13 14 1
0 4 24 15 13 15 1
0 3 4 15 1 2 1
0 6 4 15 1 2 2
0 7 3 15 5 2 1
0 7 4 15 5 2 2
0 6 2 15 5 3 1
0 7 3 15 5 3 2
0 6 0 15 5 4 1
0 7 3 15 5 4 2
0 6 13 15 5 5 1
0 6 12 15 5 6 1
0 6 11 15 5 7 1
0 6 21 15 5 8 1
0 5 0 15 10 2 1
0 5 3 15 10 2 2
0 5 0 15 10 3 1
0 5 3 15 10 3 2
0 5 22 15 10 4 1
0 5 22 15 10 5 1
0 5 21 15 10 6 1
0 7 14 15 11 2 1
0 7 24 15 11 3 1
0 7 12 15 11 4 1
0 7 12 15 11 5 1
0 7 12 15 11 6 1
0 6 3 15 12 2 1
0 8 3 15 12 2 2
0 6 2 15 12 3 1
0 7 1 15 12 3 2
0 6 2 15 12 4 1
0 6 0 15 12 4 2
0 6 24 15 12 5 1
0 6 24 15 12 6 1
0 6 10 15 12 7 1
0 7 26 15 13 2 1
0 6 26 15 13 3 1
0 6 14 15 13 4 1
0 6 25 15 13 5 1
0 6 24 15 13 6 1
0 6 24 15 13 7 1
0 11 4 15 14 2 1
0 11 4 15 14 2 2
0 8 3 15 14 3 1
0 11 4 15 14 3 2
0 6 3 15 14 4 1
0 11 4 15 14 4 2
0 6 24 15 14 5 1
0 6 24 15 14 6 1
0 6 12 15 14 7 1
0 8 3 16 1 3 1
0 8 4 16 1 3 2
0 8 3 16 1 4 1
0 8 4 16 1 4 2
0 8 3 16 1 5 1
0 8 4 16 1 5 2
0 8 3 16 1 6 1
0 8 3 16 1 6 2
0 8 25 16 1 7 1
0 9 26 16 2 3 1
0 9 26 16 2 4 1
0 9 4 16 3 2 1
0 9 4 16 3 2 2
0 9 3 16 3 3 1
0 9 4 16 3 3 2
0 9 3 16 3 4 1
0 9 4 16 3 4 2
0 9 0 16 3 5 1
0 9 4 16 3 5 2
0 9 14 16 3 6 1
0 9 23 16 3 7 1
0 8 25 16 4 2 1
0 8 25 16 4 3 1
0 5 30 16 4 4 1
0 5 29 16 4 5 1
0 5 22 16 4 6 1
0 5 31 16 5 2 1
0 5 31 16 5 3 1
0 5 26 16 5 4 1
0 5 25 16 5 5 1
0 5 25 16 5 6 1
0 8 4 16 6 2 1
0 8 4 16 6 2 2
0 7 2 16 6 3 1
0 8 4 16 6 3 2
0 6 4 16 7 2 1
0 8 4 16 7 2 2
0 6 4 16 7 3 1
0 8 4 16 7 3 2
0 6 4 16 7 4 1
0 8 4 16 7 4 2
0 5 4 16 7 5 1
0 6 4 16 7 5 2
0 5 3 16 7 6 1
0 4 4 16 7 6 2
0 4 14 16 7 7 1
0 6 22 16 7 8 1
0 6 26 16 8 2 1
0 9 26 16 9 2 1
0 9 25 16 9 3 1
0 9 25 16 9 4 1
0 9 23 16 9 5 1
0 9 23 16 9 6 1
0 5 31 16 10 2 1
0 5 31 16 10 3 1
0 5 30 16 10 4 1
0 5 30 16 11 2 1
0 5 30 16 11 3 1
0 5 30 16 11 4 1
0 5 30 16 11 5 1
0 5 31 16 12 2 1
0 5 27 16 12 3 1
0 5 31 16 13 3 1
0 5 31 16 13 4 1
0 5 25 16 13 5 1
0 5 31 16 14 3 1
0 5 30 16 14 4 1
0 5 25 16 14 5 1
0 5 24 16 14 6 1
0 5 22 16 14 7 1
0 5 31 17 0 10 1
0 5 30 17 0 11 1
0 5 24 17 0 12 1
0 5 23 17 0 13 1
0 5 22 17 0 14 1
0 5 22 17 0 15 1
0 5 22 17 0 16 1
0 5 15 17 1 10 1
0 5 24 17 1 11 1
0 5 24 17 1 12 1
0 5 24 17 1 13 1
0 5 23 17 1 14 1
0 5 23 17 1 15 1
0 5 23 17 1 16 1
0 5 7 17 2 10 1
0 5 3 17 2 10 2
0 5 31 17 2 11 1
0 5 15 17 2 12 1
0 5 15 17 2 13 1
0 5 14 17 2 14 1
0 5 14 17 2 15 1
0 7 0 17 4 10 1
0 7 0 17 4 10 2
0 7 22 17 4 11 1
0 7 22 17 4 12 1
0 7 22 17 4 13 1
0 7 22 17 4 14 1
0 7 10 17 4 15 1
0 7 21 17 4 16 1
0 7 23 17 5 10 1
0 7 23 17 5 11 1
0 7 23 17 5 12 1
0 7 11 17 5 13 1
0 7 11 17 5 14 1
0 7 22 17 5 15 1
0 7 22 17 5 16 1
0 10 26 17 2 4 1
0 10 25 17 2 5 1
0 10 24 17 2 6 1
0 10 11 17 2 7 1
0 10 24 17 5 3 1
0 10 24 17 5 4 1
0 10 12 17 5 5 1
0 10 10 17 5 6 1
0 10 21 17 5 7 1
0 6 31 17 6 3 1
0 6 31 17 6 4 1
0 5 30 17 7 3 1
0 5 30 17 7 4 1
0 5 29 17 7 5 1
0 5 23 17 7 6 1
0 5 21 17 7 7 1
0 6 31 17 8 3 1
0 6 4 17 9 3 1
0 6 4 17 9 3 2
0 6 31 17 9 4 1
0 6 31 17 9 5 1
0 6 26 17 9 6 1
0 7 15 17 10 3 1
0 7 15 17 10 4 1
0 7 25 17 10 5 1
0 7 4 17 11 3 1
0 7 4 17 11 3 2
0 7 25 17 11 4 1
0 7 29 17 11 5 1
0 2 15 17 12 3 1
0 1 30 17 12 4 1
0 1 30 17 12 5 1
0 3 31 17 13 4 1
0 3 30 17 13 5 1
0 2 23 17 13 6 1
0 2 23 17 13 7 1
0 6 26 18 7 10 1
0 6 25 18 7 11 1
0 6 25 18 7 12 1
0 6 25 18 7 13 1
0 6 25 18 7 14 1
0 6 25 18 7 15 1
0 6 30 18 3 4 1
0 6 30 18 3 5 1
0 6 25 18 3 6 1
0 6 24 18 3 7 1
0 10 26 18 6 4 1
0 10 24 18 6 5 1
0 10 24 18 6 6 1
0 10 23 18 6 7 1
0 6 31 18 7 4 1
0 6 14 18 7 5 1
0 6 23 18 7 6 1
0 6 23 18 7 7 1
0 5 31 19 5 10 1
0 5 31 19 5 11 1
0 5 15 19 5 12 1
0 5 26 19 5 13 1
0 5 26 19 5 14 1
0 5 13 19 5 15 1
0 5 3 19 1 6 1
0 5 4 19 1 6 2
0 5 2 19 1 7 1
0 5 3 19 1 7 2
0 5 1 19 1 8 1
0 5 3 19 1 8 2
0 5 24 19 3 5 1
0 5 24 19 3 6 1
0 8 4 19 12 5 1
0 8 4 19 12 5 2
0 8 3 19 12 6 1
0 8 4 19 12 6 2
0 8 3 19 12 7 1
0 8 3 19 12 7 2
0 5 4 20 0 10 1
0 9 4 20 0 10 2
0 5 4 20 0 11 1
0 9 4 20 0 11 2
0 5 3 20 0 12 1
0 9 3 20 0 12 2
0 5 15 20 0 13 1
0 5 25 20 0 14 1
0 5 22 20 0 15 1
0 5 22 20 0 16 1
0 6 4 20 2 10 1
0 6 4 20 2 10 2
0 6 4 20 2 11 1
0 6 4 20 2 11 2
0 6 25 20 2 12 1
0 6 25 20 2 13 1
0 6 12 20 2 14 1
0 6 12 20 2 15 1
0 6 22 20 2 16 1
0 5 1 20 3 10 1
0 3 3 20 3 10 2
0 5 0 20 3 11 1
0 3 3 20 3 11 2
0 5 0 20 3 12 1
0 3 3 20 3 12 2
0 6 4 20 4 10 1
0 6 4 20 4 10 2
0 6 4 20 4 11 1
0 6 4 20 4 11 2
0 6 3 20 4 12 1
0 6 3 20 4 12 2
0 6 25 20 4 13 1
0 6 25 20 4 14 1
0 6 23 20 4 15 1
0 6 23 20 4 16 1
0 2 0 20 10 10 1
0 1 4 20 10 10 2
0 1 15 20 10 11 1
0 1 15 20 10 12 1
0 1 26 20 10 13 1
0 1 25 20 10 14 1
0 1 24 20 10 15 1
0 8 3 20 13 10 1
0 8 4 20 13 10 2
0 8 0 20 13 11 1
0 8 4 20 13 11 2
0 8 15 20 13 12 1
0 8 15 20 13 13 1
0 8 25 20 13 14 1
0 8 25 20 13 15 1
0 10 26 20 14 10 1
0 10 26 20 14 11 1
0 10 14 20 14 12 1
0 10 24 20 14 13 1
0 10 23 20 14 14 1
0 2 4 20 15 10 1
0 3 4 20 15 10 2
0 2 4 20 15 11 1
0 3 4 20 15 11 2
0 2 3 20 15 12 1
0 3 4 20 15 12 2
0 2 22 20 15 13 1
0 2 22 20 15 14 1
0 2 22 20 15 15 1
0 2 22 20 15 16 1
0 8 4
0 8 26
0 8 24
0 8 26
0 8 30
0 8 26
0 8 4
0 8 26
0 8 3
0 8 4
0 8 26
0 8 30
0 8 26
0 8 26
0 8 26
0 8 26
0 8 4
0 8 26
0 9 25
0 9 12
0 9 30
0 9 25
0 9 3
0 9 26
0 9 14
0 9 14
0 9 10
0 9 4
0 9 26
0 9 3
0 9 15
0 9 10
0 9 14
0 9 3
0 9 3
0 9 12
0 9 26
0 9 14
0 9 3
0 9 25
0 9 3
0 9 23
0 9 22
0 9 25
0 9 26
0 9 10
0 9 15
0 9 26
0 9 26
0 9 13
0 9 14
0 9 4
0 9 21
0 9 2
0 9 15
0 9 25
0 9 26
0 9 26
0 9 4
0 9 4
0 9 4
0 9 13
0 9 24
0 9 4
0 9 10
0 9 22
0 9 23
0 9 12
0 9 4
0 9 26
0 9 26
0 9 4
0 9 13
0 9 21
0 9 14
0 9 26
0 9 4
0 9 22
0 9 22
0 9 25
0 9 14
0 9 4
0 9 26
0 9 4
0 9 13
0 9 26
0 9 4
0 9 12
0 9 4
0 9 14
0 9 14
0 9 26
0 9 4
0 9 26
0 9 26
0 10 21
0 10 26
0 10 15
0 10 24
0 10 26
0 10 25
0 10 30
0 10 11
0 10 21
0 10 14
0 10 26
0 10 25
0 10 25
0 10 25
0 10 0
0 10 22
0 10 3
0 10 15
0 10 25
0 10 29
0 10 26
0 10 3
0 10 31
0 10 15
0 10 21
0 10 15
0 10 26
0 10 4
0 10 3
0 10 24
0 10 0
0 10 25
0 10 14
0 10 25
0 10 26
0 10 26
0 10 3
0 10 24
0 10 4
0 10 14
0 10 30
0 10 11
0 10 11
0 10 26
0 10 11
0 10 0
0 10 30
0 10 26
0 10 14
0 10 3
0 10 3
0 10 10
0 10 3
0 10 24
0 10 26
0 10 25
0 10 24
0 10 23
0 10 12
0 10 3
0 10 22
0 10 23
0 10 25
0 10 3
0 10 26
0 10 22
0 10 12
0 10 22
0 10 23
0 10 14
0 10 13
0 10 15
0 10 14
0 10 3
0 10 10
0 10 25
0 10 25
0 10 30
0 10 30
0 10 15
0 10 25
0 10 23
0 10 3
0 10 13
0 10 22
0 10 0
0 10 24
0 10 29
0 10 30
0 10 26
0 10 15
0 10 0
0 10 25
0 10 14
0 10 25
0 10 25
0 10 25
0 10 0
0 10 3
0 10 6
0 10 25
0 10 0
0 10 22
0 10 22
0 10 4
0 10 24
0 10 25
0 10 11
0 10 13
0 10 12
0 10 3
0 10 26
0 10 2
0 10 3
0 10 11
0 10 15
0 10 22
0 10 3
0 10 26
0 10 23
0 10 12
0 10 30
0 10 0
0 10 1
0 10 15
0 10 25
0 10 22
0 10 3
0 10 3
0 10 23
0 10 3
0 10 30
0 10 26
0 10 10
0 10 14
0 10 26
0 10 25
0 10 15
0 10 25
0 10 4
0 10 22
0 10 3
0 10 14
0 10 25
0 10 26
0 10 30
0 10 3
0 10 25
0 10 10
0 10 25
0 11 15
0 11 4
0 11 3
0 11 3
0 11 4
0 11 4
0 11 3
0 11 3
0 11 3
0 11 4
0 11 26
0 11 4
0 11 3
0 11 15
0 11 3
0 11 4
0 11 3
0 11 26
0 12 22
0 12 25
0 12 3
0 12 30
0 12 14
0 12 3
0 12 3
0 1 3
0 1 14
0 1 14
0 1 22
0 1 25
0 1 25
0 1 24
0 1 14
0 1 21
0 1 12
0 1 15
0 1 13
0 1 12
0 1 21
0 1 26
0 1 25
0 1 14
0 1 21
0 1 26
0 1 0
0 1 25
0 1 11
0 1 4
0 1 24
0 1 23
0 1 14
0 1 21
0 1 26
0 1 14
0 1 24
0 1 2
0 1 25
0 1 21
0 1 12
0 1 3
0 1 25
0 1 13
0 1 14
0 1 12
0 1 21
0 1 30
0 1 1
0 1 1
0 1 23
0 1 14
0 1 21
0 1 15
0 2 30
0 2 30
0 2 4
0 2 30
0 2 30
0 2 30
0 2 30
0 2 30
0 2 4
0 2 29
0 2 4
0 2 0
0 2 30
0 2 30
0 2 30
0 2 4
0 2 29
0 2 4
0 2 10
0 2 30
0 2 0
0 2 30
0 2 2
0 2 30
0 2 30
0 2 30
0 3 22
0 3 15
0 3 3
0 3 21
0 3 15
0 3 23
0 3 15
0 3 23
0 3 15
0 3 14
0 3 14
0 3 1
0 3 15
0 3 1
0 3 3
0 3 15
0 3 22
0 3 25
0 3 14
0 3 24
0 3 14
0 3 25
0 3 4
0 3 4
0 3 15
0 4 25
0 4 25
0 4 26
0 4 26
0 4 25
0 4 26
0 4 25
0 4 26
0 4 26
0 5 30
0 5 3
0 5 24
0 5 3
0 5 3
0 5 11
0 5 25
0 5 11
0 5 22
0 5 3
0 5 30
0 5 15
0 5 25
0 5 3
0 5 3
0 5 12
0 5 14
0 5 23
0 5 2
0 5 26
0 5 26
0 5 3
0 5 0
0 5 15
0 5 10
0 5 22
0 5 25
0 5 30
0 5 22
0 5 26
0 5 3
0 5 25
0 5 3
0 5 26
0 5 3
0 5 13
0 5 24
0 5 25
0 5 25
0 5 26
0 5 15
0 5 12
0 5 24
0 5 3
0 5 15
0 5 4
0 5 30
0 5 24
0 5 12
0 5 25
0 5 3
0 5 15
0 5 15
0 5 30
0 5 3
0 5 3
0 5 13
0 5 30
0 5 3
0 5 3
0 5 22
0 5 22
0 5 12
0 5 23
0 5 3
0 5 31
0 5 13
0 5 25
0 5 12
0 5 15
0 5 23
0 5 25
0 5 12
0 5 11
0 5 3
0 5 24
0 5 11
0 5 23
0 5 27
0 5 15
0 5 4
0 5 25
0 5 23
0 5 14
0 5 3
0 5 23
0 5 25
0 5 10
0 5 11
0 5 25
0 5 3
0 5 12
0 5 3
0 5 22
0 5 14
0 5 10
0 5 12
0 5 22
0 5 14
0 5 30
0 5 2
0 5 22
0 5 26
0 5 3
0 5 25
0 5 23
0 5 0
0 5 3
0 5 15
0 5 25
0 5 25
0 5 23
0 5 23
0 5 21
0 5 11
0 5 14
0 5 4
0 5 3
0 5 25
0 5 11
0 5 21
0 5 29
0 5 4
0 5 23
0 6 4
0 6 4
0 6 26
0 6 23
0 6 24
0 6 26
0 6 3
0 6 24
0 6 14
0 6 1
0 6 26
0 6 24
0 6 2
0 6 4
0 6 3
0 6 26
0 6 22
0 6 24
0 6 22
0 6 14
0 6 4
0 6 4
0 6 4
0 6 14
0 6 30
0 6 4
0 6 26
0 6 30
0 6 22
0 6 3
0 6 15
0 6 15
0 6 3
0 6 24
0 6 13
0 6 26
0 6 3
0 6 24
0 6 26
0 6 3
0 6 12
0 6 25
0 6 22
0 6 3
0 6 3
0 6 24
0 6 26
0 6 12
0 6 25
0 6 26
0 6 4
0 6 3
0 6 3
0 6 25
0 6 3
0 6 25
0 6 14
0 6 26
0 6 4
0 6 26
0 6 4
0 6 13
0 6 26
0 6 23
0 6 12
0 6 4
0 6 26
0 6 0
0 6 3
0 6 24
0 6 13
0 6 12
0 6 26
0 6 13
0 6 26
0 6 3
0 6 28
0 6 12
0 6 22
0 6 26
0 6 26
0 6 14
0 6 12
0 6 26
0 6 25
0 6 25
0 6 23
0 6 11
0 6 3
0 6 3
0 6 3
0 6 25
0 6 14
0 6 4
0 6 24
0 6 26
0 6 3
0 6 29
0 6 2
0 6 3
0 6 4
0 6 22
0 6 2
0 6 26
0 6 1
0 6 31
0 6 24
0 6 4
0 6 22
0 6 4
0 6 14
0 6 5
0 6 15
0 6 26
0 6 23
0 6 23
0 6 23
0 6 0
0 6 4
0 6 21
0 6 3
0 6 3
0 6 15
0 6 26
0 6 12
0 6 11
0 6 26
0 6 30
0 6 26
0 6 14
0 6 24
0 6 14
0 6 13
0 6 14
0 6 15
0 6 26
0 6 3
0 6 24
0 6 14
0 6 0
0 6 3
0 6 4
0 6 13
0 6 25
0 6 23
0 6 0
0 6 12
0 6 15
0 6 11
0 6 3
0 6 13
0 6 2
0 6 25
0 6 30
0 6 31
0 6 12
0 6 4
0 6 15
0 6 4
0 6 15
0 6 23
0 6 26
0 6 3
0 6 15
0 6 22
0 6 24
0 6 26
0 6 12
0 6 25
0 6 13
0 6 21
0 6 23
0 6 23
0 6 1
0 6 12
0 7 3
0 7 12
0 7 26
0 7 11
0 7 3
0 7 12
0 7 4
0 7 21
0 7 21
0 7 3
0 7 3
0 7 21
0 7 3
0 7 3
0 4 23
0 4 24
0 4 25
0 4 26
0 9 24
0 9 24
0 9 25
0 9 25
0 10 25
0 10 25
0 10 26
0 10 26
0 10 14
0 10 14
0 11 4
0 11 4
0 11 4
0 10 12
0 10 2
0 10 3
0 10 4
0 10 3
0 10 3
0 10 3
0 7 11
0 7 23
0 11 3
0 11 4
0 5 2
0 11 4
0 5 25
0 5 25
0 5 25
0 5 25
0 5 25
0 5 25
0 3 31
0 4 23
0 4 23
0 4 23
0 4 23
0 4 28
0 4 22
0 4 11
0 4 11
0 7 23
0 10 12
0 10 24
0 4 3
0 4 3
0 7 10
0 7 22
0 10 11
0 7 23
0 7 23
0 6 24
0 6 25
0 6 14
0 6 14
0 9 25
0 9 25
0 9 25
0 9 26
0 9 26
0 6 25
0 6 25
0 6 25
0 6 25
0 6 25
0 5 24
0 5 25
0 5 25
0 5 25
0 5 4
0 5 3
0 5 25
0 5 25
0 5 25
0 5 25
0 5 25
0 9 24
0 9 25
0 9 26
0 9 26
0 6 24
0 6 25
0 6 25
0 6 31
0 6 3
0 6 6
0 9 4
0 9 4
0 9 4
0 9 4
0 5 25
0 5 25
0 5 14
0 6 25
0 10 21
0 10 25
0 10 25
0 10 25
0 10 25
0 4 23
0 4 23
0 10 24
0 8 31
0 4 24
0 4 13
0 10 14
0 4 26
0 4 26
0 10 25
0 10 25
0 10 25
0 10 25
0 10 14
0 9 25
0 9 25
0 9 26
0 9 26
0 7 13
0 7 13
0 10 22
0 7 12
0 7 13
0 7 13
0 7 25
0 7 3
0 7 1
0 4 21
0 7 11
0 4 22
0 4 3
0 4 0
0 3 4
0 4 4
0 8 3
0 3 3
0 7 21
0 6 4
0 2 4
0 6 14
0 6 4
0 6 4
0 6 25
0 5 2
0 6 3
0 6 4
