# Parameters: nPorts nContainers
14 2724
# Transport type: id length=(20,40) weight type=(DC,RC,HC,HR)
0 20 3 DC
1 20 9 DC
2 20 14 DC
3 20 21 DC
4 20 27 DC
5 20 3 RC
6 20 9 RC
7 20 14 RC
8 20 21 RC
9 20 27 RC
10 40 3 DC
11 40 6 DC
12 40 9 DC
13 40 14 DC
14 40 21 DC
15 40 27 DC
16 40 3 RC
17 40 9 RC
18 40 14 RC
19 40 21 RC
20 40 27 RC
21 40 3 HC
22 40 6 HC
23 40 9 HC
24 40 14 HC
25 40 21 HC
26 40 27 HC
27 40 3 HR
28 40 9 HR
29 40 14 HR
30 40 21 HR
31 40 27 HR
32 40 3 HC
33 40 6 HC
34 40 9 HC
35 40 14 HC
36 40 21 HC
37 40 27 HC
# Container: startPort endPort typeId [bay stack tier slot]
0 10 15 1 4 10 1
0 10 26 1 4 11 1
0 10 25 1 4 12 1
0 10 25 1 4 13 1
0 9 23 1 5 10 1
0 9 10 1 5 11 1
0 11 0 1 6 6 1
0 2 3 1 6 6 2
0 6 0 1 6 7 1
0 2 0 1 6 7 2
0 5 13 1 7 4 1
0 5 23 1 7 5 1
0 4 22 1 7 6 1
0 4 22 1 7 7 1
0 4 4 1 9 6 1
0 4 4 1 9 6 2
0 2 14 1 9 7 1
0 4 21 1 9 8 1
0 2 15 2 1 10 1
0 2 26 2 2 10 1
0 2 26 2 2 11 1
0 2 26 2 2 12 1
0 2 26 2 4 10 1
0 2 26 2 4 11 1
0 2 26 2 4 12 1
0 2 24 2 4 13 1
0 2 14 2 5 10 1
0 2 14 2 5 11 1
0 2 25 2 5 12 1
0 2 25 2 5 13 1
0 2 26 2 11 10 1
0 2 26 2 11 11 1
0 2 26 2 11 12 1
0 2 26 2 12 10 1
0 2 26 2 12 11 1
0 8 25 2 14 10 1
0 8 24 2 14 11 1
0 2 4 2 3 7 1
0 2 4 2 3 7 2
0 2 4 2 4 6 1
0 2 4 2 4 6 2
0 2 3 2 4 7 1
0 2 3 2 4 7 2
0 2 3 2 4 8 1
0 2 3 2 4 8 2
0 4 0 2 5 5 1
0 6 0 2 5 5 2
0 4 0 2 5 6 1
0 4 0 2 5 6 2
0 6 22 2 5 7 1
0 4 11 2 5 8 1
0 5 26 2 9 3 1
0 5 26 2 9 4 1
0 5 26 2 9 5 1
0 5 14 2 9 6 1
0 5 25 2 9 7 1
0 3 3 2 10 5 1
0 3 4 2 10 5 2
0 3 3 2 10 6 1
0 3 4 2 10 6 2
0 3 2 2 10 7 1
0 3 3 2 10 7 2
0 3 25 2 10 8 1
0 10 3 2 11 6 1
0 10 3 2 11 6 2
0 10 26 2 11 7 1
0 10 14 2 11 8 1
0 10 3 2 12 7 1
0 4 4 2 12 7 2
0 2 25 2 12 8 1
0 2 26 3 0 10 1
0 2 26 3 0 11 1
0 2 25 3 0 12 1
0 2 25 3 0 13 1
0 2 25 3 1 10 1
0 2 25 3 1 11 1
0 2 25 3 1 12 1
0 2 25 3 1 13 1
0 2 3 3 2 10 1
0 2 3 3 2 10 2
0 2 26 3 2 11 1
0 2 25 3 2 12 1
0 2 25 3 2 13 1
0 2 26 3 3 10 1
0 2 26 3 3 11 1
0 2 25 3 3 12 1
0 2 25 3 3 13 1
0 2 3 3 4 10 1
0 2 4 3 4 10 2
0 2 26 3 4 11 1
0 2 26 3 4 12 1
0 2 25 3 4 13 1
0 2 4 3 5 10 1
0 2 4 3 5 10 2
0 2 4 3 5 11 1
0 2 4 3 5 11 2
0 2 26 3 5 12 1
0 2 25 3 2 7 1
0 11 12 3 3 6 1
0 11 11 3 3 7 1
0 11 22 3 3 8 1
0 2 4 3 4 5 1
0 2 4 3 4 5 2
0 2 4 3 4 6 1
0 2 4 3 4 6 2
0 2 3 3 4 7 1
0 2 3 3 4 7 2
0 2 3 3 4 8 1
0 2 3 3 4 8 2
0 10 25 3 5 3 1
0 10 25 3 5 4 1
0 10 25 3 5 5 1
0 10 24 3 5 6 1
0 10 11 3 5 7 1
0 9 3 3 6 2 1
0 9 4 3 6 2 2
0 9 3 3 6 3 1
0 9 3 3 6 3 2
0 9 1 3 6 4 1
0 9 3 3 6 4 2
0 9 26 3 6 5 1
0 9 26 3 6 6 1
0 9 26 3 6 7 1
0 7 0 3 7 2 1
0 7 4 3 7 2 2
0 10 15 3 7 3 1
0 5 14 3 7 4 1
0 5 14 3 7 5 1
0 5 14 3 7 6 1
0 5 14 3 7 7 1
0 5 25 3 7 8 1
0 5 2 3 9 2 1
0 2 4 3 9 2 2
0 5 0 3 9 3 1
0 2 3 3 9 3 2
0 5 25 3 9 4 1
0 5 24 3 9 5 1
0 2 24 3 9 6 1
0 5 2 3 10 3 1
0 5 3 3 10 3 2
0 5 25 3 10 4 1
0 5 25 3 10 5 1
0 5 14 3 10 6 1
0 2 25 3 10 7 1
0 5 3 3 12 6 1
0 5 4 3 12 6 2
0 5 3 3 12 7 1
0 5 3 3 12 7 2
0 5 3 3 12 8 1
0 5 3 3 12 8 2
0 5 15 3 13 7 1
0 2 26 3 13 8 1
0 4 3 4 10 10 1
0 2 4 4 10 10 2
0 2 26 4 10 11 1
0 2 26 4 10 12 1
0 2 25 4 10 13 1
0 2 25 4 11 10 1
0 2 25 4 11 11 1
0 2 25 4 11 12 1
0 2 25 4 11 13 1
0 2 26 4 13 10 1
0 2 26 4 13 11 1
0 2 26 4 13 12 1
0 2 21 4 13 13 1
0 2 3 4 14 10 1
0 2 4 4 14 10 2
0 2 26 4 14 11 1
0 2 26 4 14 12 1
0 2 25 4 14 13 1
0 2 26 4 15 10 1
0 4 3 4 1 7 1
0 4 4 4 1 7 2
0 4 25 4 1 8 1
0 5 3 4 4 3 1
0 5 3 4 4 3 2
0 5 3 4 4 4 1
0 5 3 4 4 4 2
0 5 26 4 4 5 1
0 5 14 4 4 6 1
0 5 14 4 4 7 1
0 5 14 4 4 8 1
0 4 1 4 5 1 1
0 4 4 4 5 1 2
0 4 0 4 5 2 1
0 4 3 4 5 2 2
0 4 14 4 5 3 1
0 4 25 4 5 4 1
0 4 23 4 5 5 1
0 4 23 4 5 6 1
0 4 23 4 5 7 1
0 4 3 4 6 1 1
0 4 4 4 6 1 2
0 4 3 4 6 2 1
0 3 4 4 6 2 2
0 2 4 4 6 3 1
0 2 3 4 6 3 2
0 2 26 4 6 4 1
0 2 26 4 6 5 1
0 2 26 4 6 6 1
0 2 25 4 6 7 1
0 9 14 4 10 1 1
0 9 25 4 10 2 1
0 9 13 4 10 3 1
0 9 13 4 10 4 1
0 9 10 4 10 5 1
0 9 21 4 10 6 1
0 8 10 4 10 7 1
0 10 14 4 11 3 1
0 10 25 4 11 4 1
0 10 13 4 11 5 1
0 10 24 4 11 6 1
0 10 24 4 11 7 1
0 11 3 4 12 4 1
0 8 4 4 12 4 2
0 11 3 4 12 5 1
0 8 4 4 12 5 2
0 8 3 4 12 6 1
0 8 3 4 12 6 2
0 8 3 4 12 7 1
0 8 3 4 12 7 2
0 8 2 4 12 8 1
0 8 3 4 12 8 2
0 10 14 4 13 5 1
0 10 14 4 13 6 1
0 8 23 4 13 7 1
0 5 11 4 13 8 1
0 2 3 4 14 7 1
0 2 4 4 14 7 2
0 2 3 4 14 8 1
0 2 3 4 14 8 2
0 11 1 5 2 4 1
0 11 3 5 2 4 2
0 11 24 5 2 5 1
0 11 12 5 2 6 1
0 11 12 5 2 7 1
0 11 11 5 2 8 1
0 6 2 5 3 3 1
0 6 4 5 3 3 2
0 6 0 5 3 4 1
0 6 4 5 3 4 2
0 6 24 5 3 5 1
0 6 24 5 3 6 1
0 6 23 5 3 7 1
0 3 0 5 4 2 1
0 3 3 5 4 2 2
0 3 0 5 4 3 1
0 3 2 5 4 3 2
0 2 24 5 4 4 1
0 2 23 5 4 5 1
0 2 22 5 4 6 1
0 2 25 5 5 1 1
0 2 25 5 5 2 1
0 2 24 5 5 3 1
0 2 12 5 5 4 1
0 11 13 5 6 0 1
0 11 24 5 6 1 1
0 11 24 5 6 2 1
0 11 24 5 6 3 1
0 11 24 5 6 4 1
0 11 23 5 6 5 1
0 11 23 5 6 6 1
0 11 23 5 6 7 1
0 5 3 5 7 0 1
0 5 3 5 7 0 2
0 5 3 5 7 1 1
0 5 3 5 7 1 2
0 5 3 5 7 2 1
0 5 3 5 7 2 2
0 5 15 5 7 3 1
0 5 26 5 7 4 1
0 5 26 5 7 5 1
0 5 26 5 7 6 1
0 5 25 5 7 7 1
0 7 3 5 8 0 1
0 7 4 5 8 0 2
0 7 26 5 8 1 1
0 7 26 5 8 2 1
0 7 26 5 8 3 1
0 7 26 5 8 4 1
0 7 26 5 8 5 1
0 7 26 5 8 6 1
0 7 25 5 8 7 1
0 10 3 5 10 1 1
0 10 3 5 10 1 2
0 10 14 5 10 2 1
0 10 14 5 10 3 1
0 10 14 5 10 4 1
0 10 12 5 10 5 1
0 10 12 5 10 6 1
0 10 22 5 10 7 1
0 10 10 5 10 8 1
0 10 15 5 12 3 1
0 10 26 5 12 4 1
0 10 25 5 12 5 1
0 10 25 5 12 6 1
0 10 25 5 12 7 1
0 7 3 5 13 4 1
0 6 4 5 13 4 2
0 5 4 5 13 5 1
0 4 3 5 13 5 2
0 5 4 5 13 6 1
0 4 3 5 13 6 2
0 5 4 5 13 7 1
0 4 3 5 13 7 2
0 4 1 5 13 8 1
0 4 2 5 13 8 2
0 7 25 5 14 5 1
0 7 23 5 14 6 1
0 6 10 5 14 7 1
0 3 2 6 6 10 1
0 3 3 6 6 10 2
0 3 26 6 6 11 1
0 3 25 6 6 12 1
0 3 12 6 6 13 1
0 3 11 6 6 14 1
0 6 14 6 8 10 1
0 6 14 6 8 11 1
0 6 25 6 8 12 1
0 2 25 6 8 13 1
0 2 25 6 8 14 1
0 2 31 6 10 10 1
0 2 26 6 10 11 1
0 2 26 6 10 12 1
0 2 26 6 10 13 1
0 2 26 6 11 10 1
0 2 14 6 11 11 1
0 2 25 6 11 12 1
0 2 25 6 11 13 1
0 6 31 6 12 10 1
0 6 26 6 12 11 1
0 2 14 6 12 12 1
0 2 25 6 12 13 1
0 2 25 6 12 14 1
0 2 26 6 13 10 1
0 2 26 6 13 11 1
0 2 26 6 13 12 1
0 2 26 6 13 13 1
0 11 3 6 14 10 1
0 2 4 6 14 10 2
0 2 31 6 14 11 1
0 2 26 6 14 12 1
0 2 26 6 14 13 1
0 2 4 6 15 10 1
0 2 4 6 15 10 2
0 2 3 6 15 11 1
0 2 3 6 15 11 2
0 2 14 6 15 12 1
0 2 25 6 15 13 1
0 2 25 6 15 14 1
0 2 3 6 2 1 1
0 2 4 6 2 1 2
0 2 3 6 2 2 1
0 2 3 6 2 2 2
0 2 3 6 2 3 1
0 2 3 6 2 3 2
0 2 25 6 2 4 1
0 2 25 6 2 5 1
0 2 25 6 2 6 1
0 2 25 6 2 7 1
0 2 3 6 4 1 1
0 2 4 6 4 1 2
0 2 26 6 4 2 1
0 2 26 6 4 3 1
0 2 26 6 4 4 1
0 2 26 6 4 5 1
0 2 26 6 4 6 1
0 2 26 6 4 7 1
0 10 1 6 6 0 1
0 10 3 6 6 0 2
0 10 25 6 6 1 1
0 10 25 6 6 2 1
0 10 25 6 6 3 1
0 10 25 6 6 4 1
0 10 25 6 6 5 1
0 10 25 6 6 6 1
0 10 25 6 6 7 1
0 9 15 6 7 0 1
0 9 26 6 7 1 1
0 9 26 6 7 2 1
0 9 26 6 7 3 1
0 9 25 6 7 4 1
0 9 25 6 7 5 1
0 9 25 6 7 6 1
0 9 25 6 7 7 1
0 9 3 6 8 0 1
0 9 3 6 8 0 2
0 9 14 6 8 1 1
0 9 25 6 8 2 1
0 9 25 6 8 3 1
0 9 23 6 8 4 1
0 9 21 6 8 5 1
0 9 21 6 8 6 1
0 9 21 6 8 7 1
0 6 3 6 9 0 1
0 6 4 6 9 0 2
0 6 26 6 9 1 1
0 6 26 6 9 2 1
0 6 25 6 9 3 1
0 6 25 6 9 4 1
0 6 25 6 9 5 1
0 6 25 6 9 6 1
0 6 25 6 9 7 1
0 10 4 6 10 0 1
0 10 4 6 10 0 2
0 10 15 6 10 1 1
0 10 26 6 10 2 1
0 10 14 6 10 3 1
0 10 25 6 10 4 1
0 10 25 6 10 5 1
0 10 25 6 10 6 1
0 10 25 6 10 7 1
0 10 26 6 11 1 1
0 10 25 6 11 2 1
0 10 25 6 11 3 1
0 10 23 6 11 4 1
0 10 22 6 11 5 1
0 10 22 6 11 6 1
0 10 21 6 11 7 1
0 9 3 6 12 1 1
0 9 4 6 12 1 2
0 6 3 6 12 2 1
0 6 4 6 12 2 2
0 6 3 6 12 3 1
0 6 4 6 12 3 2
0 6 2 6 12 4 1
0 6 3 6 12 4 2
0 6 14 6 12 5 1
0 6 25 6 12 6 1
0 6 23 6 12 7 1
0 2 4 6 13 1 1
0 2 4 6 13 1 2
0 2 4 6 13 2 1
0 2 4 6 13 2 2
0 2 3 6 13 3 1
0 2 4 6 13 3 2
0 2 3 6 13 4 1
0 2 4 6 13 4 2
0 2 15 6 13 5 1
0 2 15 6 13 6 1
0 2 15 6 13 7 1
0 2 26 6 13 8 1
0 8 3 6 14 4 1
0 8 3 6 14 4 2
0 8 25 6 14 5 1
0 8 25 6 14 6 1
0 4 14 6 14 7 1
0 5 3 7 2 1 1
0 5 3 7 2 1 2
0 5 26 7 2 2 1
0 5 26 7 2 3 1
0 5 26 7 2 4 1
0 5 25 7 2 5 1
0 5 25 7 2 6 1
0 5 25 7 2 7 1
0 2 15 7 3 1 1
0 2 15 7 3 2 1
0 2 15 7 3 3 1
0 2 15 7 3 4 1
0 2 15 7 3 5 1
0 11 1 7 4 0 1
0 11 1 7 4 0 2
0 11 23 7 4 1 1
0 11 23 7 4 2 1
0 11 23 7 4 3 1
0 11 11 7 4 4 1
0 11 11 7 4 5 1
0 11 11 7 4 6 1
0 11 22 7 4 7 1
0 8 3 7 5 0 1
0 8 4 7 5 0 2
0 4 0 7 5 1 1
0 8 4 7 5 1 2
0 2 26 7 5 2 1
0 2 26 7 5 3 1
0 2 26 7 5 4 1
0 2 26 7 5 5 1
0 2 26 7 5 6 1
0 2 26 7 5 7 1
0 8 25 7 6 0 1
0 4 14 7 6 1 1
0 5 3 7 7 0 1
0 10 3 7 7 0 2
0 5 3 7 7 1 1
0 6 3 7 7 1 2
0 5 3 7 7 2 1
0 6 1 7 7 2 2
0 5 26 7 7 3 1
0 5 26 7 7 4 1
0 2 25 7 7 5 1
0 6 13 7 7 6 1
0 6 13 7 7 7 1
0 10 3 7 8 0 1
0 10 3 7 8 0 2
0 10 15 7 8 1 1
0 10 15 7 8 2 1
0 4 15 7 8 3 1
0 10 1 7 9 0 1
0 10 4 7 9 0 2
0 10 1 7 9 1 1
0 10 3 7 9 1 2
0 10 26 7 9 2 1
0 10 26 7 9 3 1
0 10 26 7 9 4 1
0 10 23 7 9 5 1
0 10 23 7 9 6 1
0 10 22 7 9 7 1
0 5 3 7 11 0 1
0 5 4 7 11 0 2
0 5 3 7 11 1 1
0 5 3 7 11 1 2
0 5 3 7 11 2 1
0 5 3 7 11 2 2
0 5 3 7 11 3 1
0 5 3 7 11 3 2
0 5 3 7 11 4 1
0 5 3 7 11 4 2
0 5 25 7 11 5 1
0 5 25 7 11 6 1
0 5 25 7 11 7 1
0 6 3 7 12 1 1
0 6 4 7 12 1 2
0 5 26 7 12 2 1
0 5 26 7 12 3 1
0 6 3 7 13 1 1
0 6 4 7 13 1 2
0 6 3 7 13 2 1
0 6 4 7 13 2 2
0 6 3 7 13 3 1
0 6 3 7 13 3 2
0 6 2 7 13 4 1
0 6 3 7 13 4 2
0 6 14 7 13 5 1
0 6 14 7 13 6 1
0 6 25 7 13 7 1
0 6 11 7 13 8 1
0 11 24 7 14 2 1
0 11 12 7 14 3 1
0 11 12 7 14 4 1
0 11 12 7 14 5 1
0 11 12 7 14 6 1
0 11 12 7 14 7 1
0 11 12 7 14 8 1
0 3 3 8 0 10 1
0 3 3 8 0 10 2
0 3 14 8 0 11 1
0 3 14 8 0 12 1
0 3 25 8 0 13 1
0 3 25 8 0 14 1
0 6 3 8 1 10 1
0 5 4 8 1 10 2
0 7 31 8 1 11 1
0 2 25 8 1 12 1
0 2 25 8 1 13 1
0 2 25 8 1 14 1
0 2 4 8 2 10 1
0 2 4 8 2 10 2
0 2 26 8 2 11 1
0 2 14 8 2 12 1
0 2 25 8 2 13 1
0 2 25 8 2 14 1
0 2 26 8 3 10 1
0 2 26 8 3 11 1
0 2 25 8 3 12 1
0 2 25 8 3 13 1
0 2 25 8 3 14 1
0 2 31 8 4 10 1
0 2 26 8 4 11 1
0 2 25 8 4 12 1
0 2 25 8 4 13 1
0 2 25 8 4 14 1
0 3 13 8 5 10 1
0 3 13 8 5 11 1
0 3 24 8 5 12 1
0 3 23 8 5 13 1
0 3 23 8 5 14 1
0 4 2 8 6 10 1
0 4 3 8 6 10 2
0 4 1 8 6 11 1
0 4 3 8 6 11 2
0 4 15 8 6 12 1
0 4 23 8 6 13 1
0 4 10 8 6 14 1
0 2 3 8 8 10 1
0 2 3 8 8 10 2
0 2 31 8 8 11 1
0 2 26 8 8 12 1
0 4 3 8 9 10 1
0 4 3 8 9 10 2
0 4 6 8 9 11 1
0 4 3 8 9 11 2
0 4 0 8 9 12 1
0 4 3 8 9 12 2
0 4 25 8 9 13 1
0 3 24 8 9 14 1
0 6 31 8 1 1 1
0 5 31 8 1 2 1
0 5 31 8 1 3 1
0 5 14 8 1 4 1
0 5 14 8 1 5 1
0 5 14 8 1 6 1
0 5 25 8 1 7 1
0 9 15 8 2 0 1
0 9 15 8 2 1 1
0 8 26 8 2 2 1
0 7 26 8 2 3 1
0 2 26 8 2 4 1
0 2 26 8 2 5 1
0 2 26 8 2 6 1
0 2 26 8 2 7 1
0 3 1 8 3 0 1
0 3 3 8 3 0 2
0 4 0 8 3 1 1
0 3 3 8 3 1 2
0 4 30 8 3 2 1
0 3 24 8 3 3 1
0 3 24 8 3 4 1
0 3 21 8 3 5 1
0 3 21 8 3 6 1
0 5 3 8 4 0 1
0 5 3 8 4 0 2
0 5 31 8 4 1 1
0 5 31 8 4 2 1
0 5 26 8 4 3 1
0 5 26 8 4 4 1
0 5 24 8 4 5 1
0 5 24 8 4 6 1
0 5 24 8 4 7 1
0 4 3 8 5 0 1
0 4 4 8 5 0 2
0 4 3 8 5 1 1
0 4 4 8 5 1 2
0 4 3 8 5 2 1
0 4 4 8 5 2 2
0 4 3 8 5 3 1
0 4 4 8 5 3 2
0 4 2 8 5 4 1
0 4 3 8 5 4 2
0 4 2 8 5 5 1
0 4 3 8 5 5 2
0 4 15 8 5 6 1
0 4 26 8 5 7 1
0 4 14 8 5 8 1
0 9 31 8 6 0 1
0 9 30 8 6 1 1
0 9 14 8 6 2 1
0 9 14 8 6 3 1
0 9 25 8 6 4 1
0 9 29 8 6 5 1
0 9 13 8 6 6 1
0 9 24 8 6 7 1
0 6 31 8 7 0 1
0 6 31 8 7 1 1
0 6 13 8 7 2 1
0 6 24 8 7 3 1
0 6 12 8 7 4 1
0 6 23 8 7 5 1
0 6 22 8 7 6 1
0 6 21 8 7 7 1
0 10 8 8 8 0 1
0 10 3 8 8 0 2
0 10 31 8 8 1 1
0 10 31 8 8 2 1
0 10 31 8 8 3 1
0 10 30 8 8 4 1
0 10 25 8 8 5 1
0 10 25 8 8 6 1
0 10 25 8 8 7 1
0 9 31 8 9 0 1
0 9 13 8 9 1 1
0 9 12 8 9 2 1
0 9 11 8 9 3 1
0 9 10 8 9 4 1
0 9 10 8 9 5 1
0 9 21 8 9 6 1
0 5 10 8 9 7 1
0 4 3 8 10 0 1
0 4 4 8 10 0 2
0 4 3 8 10 1 1
0 4 4 8 10 1 2
0 4 3 8 10 2 1
0 4 4 8 10 2 2
0 4 3 8 10 3 1
0 4 4 8 10 3 2
0 4 15 8 10 4 1
0 4 14 8 10 5 1
0 4 13 8 10 6 1
0 4 23 8 10 7 1
0 4 11 8 10 8 1
0 5 3 8 11 0 1
0 5 4 8 11 0 2
0 5 7 8 11 1 1
0 5 0 8 11 1 2
0 5 13 8 11 2 1
0 5 12 8 11 3 1
0 5 22 8 11 4 1
0 5 22 8 11 5 1
0 5 22 8 11 6 1
0 5 22 8 11 7 1
0 4 2 8 12 0 1
0 4 2 8 12 0 2
0 2 15 8 12 1 1
0 2 30 8 13 0 1
0 2 29 8 13 1 1
0 3 3 8 14 1 1
0 4 4 8 14 1 2
0 3 3 8 14 2 1
0 4 4 8 14 2 2
0 2 26 8 14 3 1
0 2 26 8 14 4 1
0 4 3 9 1 1 1
0 5 4 9 1 1 2
0 11 2 9 2 0 1
0 11 3 9 2 0 2
0 11 14 9 2 1 1
0 11 25 9 2 2 1
0 11 13 9 2 3 1
0 11 13 9 2 4 1
0 11 13 9 2 5 1
0 11 13 9 2 6 1
0 11 12 9 2 7 1
0 11 12 9 2 8 1
0 9 14 9 3 0 1
0 9 14 9 3 1 1
0 9 14 9 3 2 1
0 9 25 9 3 3 1
0 9 12 9 3 4 1
0 9 23 9 3 5 1
0 9 22 9 3 6 1
0 9 10 9 3 7 1
0 2 25 9 4 0 1
0 2 25 9 4 1 1
0 2 25 9 4 2 1
0 2 25 9 4 3 1
0 2 24 9 4 4 1
0 2 24 9 4 5 1
0 11 22 9 4 6 1
0 11 22 9 4 7 1
0 10 1 9 5 0 1
0 2 4 9 5 0 2
0 2 26 9 5 1 1
0 2 26 9 5 2 1
0 2 26 9 5 3 1
0 2 25 9 5 4 1
0 9 24 9 5 5 1
0 5 22 9 5 6 1
0 5 3 9 6 0 1
0 5 3 9 6 0 2
0 5 15 9 6 1 1
0 5 26 9 6 2 1
0 5 25 9 6 3 1
0 5 25 9 6 4 1
0 5 25 9 6 5 1
0 5 11 9 6 6 1
0 5 22 9 6 7 1
0 2 26 9 7 0 1
0 2 26 9 7 1 1
0 2 25 9 7 2 1
0 2 25 9 7 3 1
0 2 25 9 7 4 1
0 2 25 9 7 5 1
0 2 25 9 7 6 1
0 2 25 9 7 7 1
0 10 25 9 8 0 1
0 8 25 9 8 1 1
0 8 25 9 8 2 1
0 8 25 9 8 3 1
0 8 25 9 8 4 1
0 8 25 9 8 5 1
0 2 25 9 8 6 1
0 2 25 9 8 7 1
0 8 3 9 10 0 1
0 8 4 9 10 0 2
0 8 3 9 10 1 1
0 8 4 9 10 1 2
0 8 3 9 10 2 1
0 8 3 9 10 2 2
0 8 2 9 10 3 1
0 8 3 9 10 3 2
0 8 15 9 10 4 1
0 8 13 9 10 5 1
0 8 12 9 10 6 1
0 8 11 9 10 7 1
0 8 22 9 10 8 1
0 3 3 9 11 0 1
0 3 3 9 11 0 2
0 3 3 9 11 1 1
0 3 3 9 11 1 2
0 3 3 9 11 2 1
0 3 3 9 11 2 2
0 3 3 9 11 3 1
0 3 3 9 11 3 2
0 3 2 9 11 4 1
0 3 3 9 11 4 2
0 3 2 9 11 5 1
0 3 3 9 11 5 2
0 3 21 9 11 6 1
0 3 21 9 11 7 1
0 7 2 9 13 0 1
0 7 3 9 13 0 2
0 7 26 9 13 1 1
0 7 26 9 13 2 1
0 7 26 9 13 3 1
0 7 26 9 13 4 1
0 7 26 9 13 5 1
0 7 25 9 13 6 1
0 7 25 9 13 7 1
0 9 3 9 14 1 1
0 4 4 9 14 1 2
0 6 3 9 14 2 1
0 4 4 9 14 2 2
0 4 3 9 14 3 1
0 4 3 9 14 3 2
0 4 3 9 14 4 1
0 4 3 9 14 4 2
0 4 26 9 14 5 1
0 4 12 9 14 6 1
0 4 12 9 14 7 1
0 2 30 10 2 0 1
0 2 29 10 2 1 1
0 2 24 10 2 2 1
0 3 23 10 2 3 1
0 11 23 10 2 4 1
0 11 23 10 2 5 1
0 7 3 10 3 0 1
0 7 4 10 3 0 2
0 7 2 10 3 1 1
0 3 4 10 3 1 2
0 10 26 10 4 0 1
0 10 26 10 4 1 1
0 4 31 10 5 0 1
0 4 31 10 5 1 1
0 4 14 10 5 2 1
0 4 24 10 5 3 1
0 4 12 10 5 4 1
0 4 23 10 5 5 1
0 4 22 10 5 6 1
0 4 21 10 5 7 1
0 8 0 10 6 0 1
0 4 3 10 6 0 2
0 7 14 10 6 1 1
0 6 3 10 7 0 1
0 1 4 10 7 0 2
0 2 2 10 7 1 1
0 5 31 10 8 0 1
0 5 31 10 8 1 1
0 5 31 10 8 2 1
0 5 26 10 8 3 1
0 5 26 10 8 4 1
0 5 26 10 8 5 1
0 5 26 10 8 6 1
0 5 26 10 8 7 1
0 5 3 10 9 0 1
0 5 4 10 9 0 2
0 5 26 10 9 1 1
0 5 30 10 9 2 1
0 5 25 10 9 3 1
0 5 24 10 9 4 1
0 5 24 10 9 5 1
0 5 22 10 9 6 1
0 5 22 10 9 7 1
0 2 31 10 10 0 1
0 2 31 10 10 1 1
0 2 26 10 10 2 1
0 2 26 10 10 3 1
0 2 26 10 10 4 1
0 2 30 10 10 5 1
0 2 25 10 10 6 1
0 2 25 10 10 7 1
0 11 3 10 11 0 1
0 11 3 10 11 0 2
0 11 3 10 11 1 1
0 11 3 10 11 1 2
0 11 2 10 11 2 1
0 11 3 10 11 2 2
0 11 14 10 11 3 1
0 11 14 10 11 4 1
0 11 13 10 11 5 1
0 11 24 10 11 6 1
0 11 23 10 11 7 1
0 2 3 10 12 0 1
0 2 4 10 12 0 2
0 2 3 10 12 1 1
0 2 4 10 12 1 2
0 2 3 10 12 2 1
0 2 4 10 12 2 2
0 2 3 10 12 3 1
0 2 4 10 12 3 2
0 2 15 10 12 4 1
0 2 26 10 12 5 1
0 2 23 10 12 6 1
0 5 2 10 13 0 1
0 5 4 10 13 0 2
0 5 2 10 13 1 1
0 5 3 10 13 1 2
0 5 2 10 13 2 1
0 5 3 10 13 2 2
0 5 31 10 13 3 1
0 5 31 10 13 4 1
0 2 26 10 13 5 1
0 2 26 10 13 6 1
0 2 26 10 13 7 1
0 10 14 11 1 1 1
0 10 25 11 1 2 1
0 8 25 11 1 3 1
0 8 25 11 1 4 1
0 5 23 11 1 5 1
0 5 25 11 2 0 1
0 5 25 11 2 1 1
0 5 25 11 2 2 1
0 5 25 11 2 3 1
0 5 25 11 2 4 1
0 5 25 11 2 5 1
0 5 25 11 2 6 1
0 5 13 11 2 7 1
0 3 12 11 4 0 1
0 5 3 11 5 0 1
0 5 3 11 5 0 2
0 5 25 11 5 1 1
0 5 25 11 5 2 1
0 5 25 11 5 3 1
0 5 25 11 5 4 1
0 5 25 11 5 5 1
0 3 14 11 5 6 1
0 3 24 11 5 7 1
0 10 14 11 6 0 1
0 10 25 11 6 1 1
0 10 25 11 6 2 1
0 10 25 11 6 3 1
0 10 25 11 6 4 1
0 10 25 11 6 5 1
0 10 22 11 6 6 1
0 10 22 11 6 7 1
0 9 15 11 7 0 1
0 9 26 11 7 1 1
0 9 26 11 7 2 1
0 9 26 11 7 3 1
0 9 26 11 7 4 1
0 9 14 11 7 5 1
0 9 14 11 7 6 1
0 9 24 11 7 7 1
0 9 2 11 8 0 1
0 9 3 11 8 0 2
0 3 2 11 9 0 1
0 3 3 11 9 0 2
0 3 2 11 9 1 1
0 3 3 11 9 1 2
0 3 0 11 9 2 1
0 3 3 11 9 2 2
0 3 25 11 9 3 1
0 3 25 11 9 4 1
0 3 23 11 9 5 1
0 3 11 11 9 6 1
0 3 22 11 9 7 1
0 7 15 11 11 0 1
0 7 26 11 11 1 1
0 8 25 11 11 2 1
0 2 24 11 12 0 1
0 2 24 11 12 1 1
0 2 24 11 12 2 1
0 2 24 11 12 3 1
0 2 23 11 12 4 1
0 2 23 11 12 5 1
0 2 11 11 12 6 1
0 4 3 11 13 0 1
0 4 4 11 13 0 2
0 4 3 11 13 1 1
0 4 4 11 13 1 2
0 2 15 11 13 2 1
0 2 26 11 13 3 1
0 2 26 11 13 4 1
0 2 26 11 13 5 1
0 2 22 11 13 6 1
0 2 10 11 13 7 1
0 3 4 12 6 10 1
0 3 4 12 6 10 2
0 2 31 12 6 11 1
0 2 14 12 6 12 1
0 2 14 12 6 13 1
0 2 25 12 6 14 1
0 3 24 12 7 10 1
0 3 24 12 7 11 1
0 3 11 12 7 12 1
0 5 0 12 8 10 1
0 11 1 12 8 10 2
0 3 0 12 8 11 1
0 3 0 12 8 11 2
0 6 3 12 9 10 1
0 3 1 12 9 10 2
0 3 14 12 9 11 1
0 3 25 12 9 12 1
0 3 25 12 9 13 1
0 11 24 12 9 14 1
0 5 2 12 1 1 1
0 5 3 12 1 1 2
0 5 6 12 1 2 1
0 5 3 12 1 2 2
0 5 15 12 1 3 1
0 5 15 12 1 4 1
0 5 26 12 1 5 1
0 5 25 12 1 6 1
0 5 25 12 1 7 1
0 2 15 12 2 0 1
0 2 30 12 2 1 1
0 2 30 12 2 2 1
0 2 30 12 2 3 1
0 2 25 12 2 4 1
0 2 30 12 2 5 1
0 2 25 12 2 6 1
0 2 14 12 2 7 1
0 4 0 12 4 0 1
0 4 2 12 4 0 2
0 4 12 12 4 1 1
0 4 12 12 4 2 1
0 4 23 12 4 3 1
0 4 23 12 4 4 1
0 4 23 12 4 5 1
0 4 22 12 4 6 1
0 4 22 12 4 7 1
0 6 7 12 6 0 1
0 6 3 12 6 0 2
0 5 30 12 6 1 1
0 5 25 12 6 2 1
0 5 25 12 6 3 1
0 5 25 12 6 4 1
0 5 25 12 6 5 1
0 4 25 12 6 6 1
0 4 24 12 6 7 1
0 4 8 12 7 0 1
0 4 4 12 7 0 2
0 4 3 12 7 1 1
0 4 4 12 7 1 2
0 4 3 12 7 2 1
0 4 4 12 7 2 2
0 4 3 12 7 3 1
0 4 4 12 7 3 2
0 4 3 12 7 4 1
0 4 4 12 7 4 2
0 4 3 12 7 5 1
0 4 4 12 7 5 2
0 4 3 12 7 6 1
0 4 3 12 7 6 2
0 4 2 12 7 7 1
0 4 3 12 7 7 2
0 4 22 12 7 8 1
0 3 8 12 8 0 1
0 3 4 12 8 0 2
0 3 3 12 8 1 1
0 3 3 12 8 1 2
0 3 24 12 8 2 1
0 3 23 12 8 3 1
0 3 23 12 8 4 1
0 3 23 12 8 5 1
0 3 22 12 8 6 1
0 3 22 12 8 7 1
0 3 12 12 9 0 1
0 3 23 12 9 1 1
0 3 23 12 9 2 1
0 3 23 12 9 3 1
0 3 23 12 9 4 1
0 3 22 12 9 5 1
0 3 22 12 9 6 1
0 3 22 12 9 7 1
0 5 3 12 10 0 1
0 5 4 12 10 0 2
0 5 3 12 10 1 1
0 5 4 12 10 1 2
0 5 31 12 10 2 1
0 5 31 12 10 3 1
0 5 31 12 10 4 1
0 5 26 12 10 5 1
0 5 26 12 10 6 1
0 5 25 12 10 7 1
0 10 14 12 11 0 1
0 10 14 12 11 1 1
0 10 14 12 11 2 1
0 10 14 12 11 3 1
0 10 13 12 11 4 1
0 10 11 12 11 5 1
0 10 11 12 11 6 1
0 10 10 12 11 7 1
0 10 21 12 11 8 1
0 5 31 12 12 0 1
0 5 31 12 12 1 1
0 4 31 12 12 2 1
0 6 24 12 13 0 1
0 3 24 12 13 1 1
0 3 11 12 13 2 1
0 3 11 12 13 3 1
0 3 11 12 13 4 1
0 3 10 12 13 5 1
0 3 21 12 13 6 1
0 4 2 12 14 1 1
0 4 2 12 14 1 2
0 4 14 12 14 2 1
0 4 24 12 14 3 1
0 4 23 12 14 4 1
0 4 23 12 14 5 1
0 4 11 12 14 6 1
0 4 22 12 14 7 1
0 10 26 13 1 1 1
0 5 1 13 2 0 1
0 5 3 13 2 0 2
0 5 25 13 2 1 1
0 5 25 13 2 2 1
0 5 25 13 2 3 1
0 5 13 13 2 4 1
0 5 24 13 2 5 1
0 5 23 13 2 6 1
0 5 22 13 2 7 1
0 6 15 13 4 0 1
0 6 26 13 4 1 1
0 6 26 13 4 2 1
0 6 26 13 4 3 1
0 6 26 13 4 4 1
0 6 25 13 4 5 1
0 6 25 13 4 6 1
0 6 11 13 4 7 1
0 6 0 13 6 0 1
0 6 4 13 6 0 2
0 6 24 13 6 1 1
0 6 24 13 6 2 1
0 6 24 13 6 3 1
0 6 24 13 6 4 1
0 6 11 13 6 5 1
0 6 22 13 6 6 1
0 6 22 13 6 7 1
0 10 14 13 7 0 1
0 7 25 13 7 1 1
0 7 25 13 7 2 1
0 7 25 13 7 3 1
0 7 25 13 7 4 1
0 7 25 13 7 5 1
0 7 25 13 7 6 1
0 7 24 13 7 7 1
0 7 25 13 8 0 1
0 6 14 13 8 1 1
0 6 14 13 8 2 1
0 6 25 13 8 3 1
0 5 25 13 8 4 1
0 5 24 13 8 5 1
0 5 22 13 8 6 1
0 5 22 13 8 7 1
0 10 26 13 9 0 1
0 10 26 13 9 1 1
0 9 15 13 9 2 1
0 9 25 13 9 3 1
0 9 25 13 9 4 1
0 9 25 13 9 5 1
0 5 3 13 10 0 1
0 4 4 13 10 0 2
0 4 3 13 10 1 1
0 4 4 13 10 1 2
0 4 2 13 10 2 1
0 4 3 13 10 2 2
0 4 2 13 10 3 1
0 4 3 13 10 3 2
0 5 15 13 10 4 1
0 5 15 13 10 5 1
0 4 15 13 10 6 1
0 4 14 13 10 7 1
0 4 25 13 10 8 1
0 5 11 13 12 0 1
0 5 22 13 12 1 1
0 5 22 13 12 2 1
0 5 22 13 12 3 1
0 5 22 13 12 4 1
0 5 22 13 12 5 1
0 5 22 13 12 6 1
0 2 22 13 12 7 1
0 4 1 13 14 1 1
0 4 3 13 14 1 2
0 4 13 13 14 2 1
0 4 12 13 14 3 1
0 4 12 13 14 4 1
0 2 26 15 7 10 1
0 2 26 15 7 11 1
0 2 26 15 7 12 1
0 2 30 15 7 13 1
0 2 14 15 7 14 1
0 2 25 15 7 15 1
0 2 4 15 9 10 1
0 2 4 15 9 10 2
0 2 31 15 9 11 1
0 2 30 15 9 12 1
0 2 30 15 9 13 1
0 2 25 15 9 14 1
0 2 25 15 9 15 1
0 2 25 15 9 16 1
0 11 12 15 2 2 1
0 11 12 15 2 3 1
0 11 12 15 2 4 1
0 11 23 15 2 5 1
0 11 11 15 2 6 1
0 11 11 15 2 7 1
0 11 10 15 2 8 1
0 4 24 15 4 2 1
0 4 24 15 4 3 1
0 4 11 15 4 4 1
0 4 22 15 4 5 1
0 4 22 15 4 6 1
0 4 10 15 4 7 1
0 8 24 15 5 2 1
0 8 24 15 5 3 1
0 8 24 15 5 4 1
0 8 24 15 5 5 1
0 8 24 15 5 6 1
0 8 23 15 5 7 1
0 2 26 15 10 2 1
0 2 26 15 10 3 1
0 2 26 15 10 4 1
0 2 26 15 10 5 1
0 2 25 15 10 6 1
0 2 24 15 10 7 1
0 2 24 15 11 2 1
0 5 25 15 12 2 1
0 4 14 15 12 3 1
0 5 15 15 13 2 1
0 5 26 15 13 3 1
0 5 25 15 13 4 1
0 5 25 15 13 5 1
0 5 25 15 13 6 1
0 5 25 15 13 7 1
0 8 25 15 14 2 1
0 8 25 15 14 3 1
0 8 22 15 14 4 1
0 5 11 15 14 5 1
0 5 22 15 14 6 1
0 5 22 15 14 7 1
0 2 31 16 10 10 1
0 2 26 16 10 11 1
0 2 26 16 10 12 1
0 2 26 16 10 13 1
0 2 26 16 10 14 1
0 2 25 16 10 15 1
0 9 3 16 11 10 1
0 5 4 16 11 10 2
0 2 31 16 11 11 1
0 2 26 16 11 12 1
0 2 26 16 11 13 1
0 2 26 16 11 14 1
0 2 26 16 11 15 1
0 2 30 16 12 10 1
0 2 30 16 12 11 1
0 2 26 16 13 10 1
0 2 26 16 13 11 1
0 2 26 16 13 12 1
0 2 26 16 13 13 1
0 2 25 16 13 14 1
0 2 25 16 13 15 1
0 2 23 16 13 16 1
0 4 0 16 14 10 1
0 5 4 16 14 10 2
0 2 15 16 14 11 1
0 2 15 16 14 12 1
0 2 26 16 14 13 1
0 5 25 16 14 14 1
0 5 25 16 14 15 1
0 2 26 16 15 10 1
0 2 26 16 15 11 1
0 2 26 16 15 12 1
0 2 26 16 15 13 1
0 6 31 16 1 3 1
0 2 31 16 1 4 1
0 2 31 16 1 5 1
0 6 14 16 1 6 1
0 10 25 16 2 3 1
0 10 13 16 2 4 1
0 10 24 16 2 5 1
0 10 23 16 2 6 1
0 10 21 16 2 7 1
0 10 31 16 3 2 1
0 10 30 16 3 3 1
0 10 27 16 3 4 1
0 9 27 16 3 5 1
0 10 3 16 4 2 1
0 5 4 16 4 2 2
0 10 3 16 4 3 1
0 5 3 16 4 3 2
0 10 3 16 4 4 1
0 5 2 16 4 4 2
0 2 26 16 4 5 1
0 2 25 16 4 6 1
0 3 23 16 4 7 1
0 3 4 16 5 2 1
0 4 4 16 5 2 2
0 2 31 16 6 2 1
0 2 31 16 6 3 1
0 2 30 16 6 4 1
0 2 25 16 6 5 1
0 2 25 16 6 6 1
0 2 25 16 6 7 1
0 4 13 16 7 2 1
0 4 23 16 7 3 1
0 5 0 16 8 2 1
0 5 3 16 8 2 2
0 5 30 16 8 3 1
0 5 30 16 8 4 1
0 5 14 16 8 5 1
0 5 25 16 8 6 1
0 5 25 16 8 7 1
0 4 3 16 9 2 1
0 4 4 16 9 2 2
0 4 2 16 9 3 1
0 4 4 16 9 3 2
0 4 15 16 9 4 1
0 4 26 16 9 5 1
0 4 12 16 9 6 1
0 4 23 16 9 7 1
0 7 4 16 10 2 1
0 9 4 16 10 2 2
0 6 3 16 10 3 1
0 8 4 16 10 3 2
0 6 3 16 10 4 1
0 7 4 16 10 4 2
0 6 0 16 10 5 1
0 7 4 16 10 5 2
0 6 25 16 10 6 1
0 6 25 16 10 7 1
0 4 0 16 11 2 1
0 4 0 16 11 2 2
0 4 11 16 11 3 1
0 4 11 16 11 4 1
0 4 22 16 11 5 1
0 4 22 16 11 6 1
0 4 10 16 11 7 1
0 11 22 16 12 2 1
0 11 22 16 12 3 1
0 11 22 16 12 4 1
0 11 22 16 12 5 1
0 11 22 16 12 6 1
0 11 10 16 12 7 1
0 6 3 16 13 3 1
0 6 4 16 13 3 2
0 6 2 16 13 4 1
0 6 4 16 13 4 2
0 6 1 16 13 5 1
0 6 3 16 13 5 2
0 6 14 16 13 6 1
0 6 25 16 13 7 1
0 6 11 16 13 8 1
0 2 2 16 14 3 1
0 2 4 16 14 3 2
0 4 26 16 14 4 1
0 2 30 16 14 5 1
0 2 13 16 14 6 1
0 4 23 16 14 7 1
0 3 2 17 1 10 1
0 3 4 17 1 10 2
0 3 14 17 1 11 1
0 3 25 17 1 12 1
0 3 23 17 1 13 1
0 3 22 17 1 14 1
0 3 21 17 1 15 1
0 9 0 17 1 4 1
0 10 0 17 1 4 2
0 9 28 17 2 4 1
0 9 23 17 2 5 1
0 9 23 17 2 6 1
0 9 21 17 2 7 1
0 5 22 17 3 3 1
0 5 22 17 3 4 1
0 5 10 17 3 5 1
0 5 21 17 3 6 1
0 7 0 17 4 3 1
0 7 2 17 4 3 2
0 6 24 17 4 4 1
0 6 24 17 4 5 1
0 6 24 17 4 6 1
0 6 24 17 4 7 1
0 5 23 17 5 3 1
0 5 22 17 5 4 1
0 5 22 17 5 5 1
0 5 10 17 5 6 1
0 5 21 17 5 7 1
0 2 12 17 6 3 1
0 3 3 17 7 3 1
0 3 3 17 7 3 2
0 3 25 17 7 4 1
0 3 24 17 7 5 1
0 3 23 17 7 6 1
0 11 0 18 0 10 1
0 11 0 18 0 10 2
0 11 0 18 0 11 1
0 11 0 18 0 11 2
0 11 22 18 0 12 1
0 11 22 18 0 13 1
0 11 22 18 0 14 1
0 11 22 18 0 15 1
0 11 10 18 0 16 1
0 2 3 18 3 10 1
0 2 4 18 3 10 2
0 11 23 18 4 10 1
0 11 11 18 4 11 1
0 11 11 18 4 12 1
0 11 11 18 4 13 1
0 11 22 18 4 14 1
0 11 22 18 4 15 1
0 11 22 18 4 16 1
0 11 22 18 2 5 1
0 11 23 18 3 4 1
0 11 11 18 3 5 1
0 11 11 18 3 6 1
0 11 11 18 3 7 1
0 11 11 18 3 8 1
0 11 12 18 5 4 1
0 11 23 18 5 5 1
0 11 23 18 5 6 1
0 11 22 18 5 7 1
0 2 1 18 7 4 1
0 7 1 18 7 4 2
0 11 12 18 7 5 1
0 10 23 18 7 6 1
0 11 10 18 8 4 1
0 11 0 18 9 4 1
0 11 0 18 9 4 2
0 11 11 18 9 5 1
0 11 11 18 9 6 1
0 11 10 18 9 7 1
0 11 21 18 9 8 1
0 8 23 18 11 4 1
0 8 23 18 11 5 1
0 8 23 18 11 6 1
0 2 10 18 11 7 1
0 5 22 18 12 4 1
0 5 22 18 12 5 1
0 5 22 18 12 6 1
0 5 21 18 12 7 1
0 2 13 18 14 5 1
0 2 24 18 14 6 1
0 2 0 19 2 10 1
0 2 3 19 2 10 2
0 2 14 19 2 11 1
0 2 14 19 2 12 1
0 2 25 19 2 13 1
0 2 23 19 2 14 1
0 2 22 19 2 15 1
0 5 30 19 5 10 1
0 5 30 19 5 11 1
0 5 14 19 5 12 1
0 5 25 19 5 13 1
0 5 25 19 5 14 1
0 9 30 19 6 10 1
0 9 23 19 6 11 1
0 9 11 19 6 12 1
0 9 22 19 6 13 1
0 9 21 19 6 14 1
0 4 10 19 6 15 1
0 4 10 19 6 16 1
0 3 0 19 7 10 1
0 8 0 19 7 10 2
0 2 0 19 7 11 1
0 4 0 19 7 11 2
0 3 25 19 8 10 1
0 3 23 19 8 11 1
0 3 23 19 8 12 1
0 3 22 19 8 13 1
0 3 22 19 8 14 1
0 2 21 19 8 15 1
0 3 13 19 9 10 1
0 3 22 19 9 11 1
0 5 13 19 1 6 1
0 11 22 19 2 6 1
0 11 22 19 2 7 1
0 11 22 19 3 5 1
0 11 22 19 3 6 1
0 11 22 19 3 7 1
0 5 22 19 4 5 1
0 5 22 19 4 6 1
0 5 22 19 4 7 1
0 5 23 19 5 5 1
0 11 23 19 6 5 1
0 11 23 19 6 6 1
0 11 11 19 6 7 1
0 10 25 19 7 5 1
0 10 24 19 7 6 1
0 10 21 19 7 7 1
0 11 0 19 8 5 1
0 11 0 19 8 5 2
0 11 11 19 8 6 1
0 11 10 19 8 7 1
0 11 10 19 8 8 1
0 9 22 19 9 5 1
0 4 14 19 10 5 1
0 4 23 19 10 6 1
0 4 22 19 10 7 1
0 2 3 19 12 5 1
0 2 4 19 12 5 2
0 2 0 19 12 6 1
0 2 4 19 12 6 2
0 2 22 19 12 7 1
0 5 0 19 14 6 1
0 5 0 19 14 6 2
0 4 10 19 14 7 1
0 4 23 20 1 10 1
0 4 10 20 1 11 1
0 4 21 20 1 12 1
0 4 23 20 4 10 1
0 4 22 20 4 11 1
0 11 23 20 6 10 1
0 11 23 20 6 11 1
0 11 23 20 6 12 1
0 11 23 20 6 13 1
0 11 23 20 6 14 1
0 11 23 20 6 15 1
0 11 23 20 6 16 1
0 8 12 20 8 10 1
0 8 23 20 8 11 1
0 8 23 20 8 12 1
0 8 11 20 8 13 1
0 8 22 20 8 14 1
0 8 22 20 8 15 1
0 8 21 20 8 16 1
0 6 0 20 10 10 1
0 6 0 20 10 10 2
0 3 0 20 10 11 1
0 3 0 20 10 11 2
0 3 22 20 10 12 1
0 3 22 20 10 13 1
0 3 22 20 10 14 1
0 3 10 20 10 15 1
0 4 24 20 13 10 1
0 4 10 20 13 11 1
0 6 14 20 14 10 1
0 3 12 20 14 11 1
0 3 12 20 14 12 1
0 3 12 20 14 13 1
0 3 23 20 14 14 1
0 3 23 20 14 15 1
0 4 23 20 15 10 1
0 4 22 20 15 11 1
1 12 3
1 12 4
1 12 3
1 12 4
1 12 25
1 12 4
1 12 0
1 12 4
1 12 0
1 12 3
1 12 4
1 12 25
1 12 4
1 12 4
1 12 4
1 12 4
1 12 3
1 12 4
1 12 4
1 12 4
1 12 25
1 12 4
1 12 3
1 12 25
1 12 4
1 12 4
1 12 4
1 12 3
1 12 25
1 12 3
1 12 4
1 12 4
1 12 4
1 12 3
1 12 3
1 12 4
1 12 25
1 12 4
1 12 3
1 12 4
1 12 3
1 12 4
1 12 4
1 12 4
1 12 25
1 12 4
1 12 4
1 12 15
1 12 15
1 12 4
1 12 4
1 12 3
1 12 4
1 12 0
1 12 4
1 12 4
1 12 25
1 12 15
1 12 3
1 12 3
1 12 4
1 13 4
1 13 23
1 13 4
1 13 4
1 13 22
1 13 23
1 13 4
1 13 3
1 13 25
1 13 26
1 13 3
1 13 4
1 13 14
1 13 4
1 13 29
1 13 4
1 13 21
1 13 22
1 13 25
1 13 4
1 13 4
1 13 26
1 13 3
1 13 4
1 13 26
1 13 3
1 13 4
1 13 3
1 13 4
1 13 4
1 13 26
1 13 4
1 13 26
1 13 25
1 13 4
1 13 25
1 13 4
1 13 21
1 13 25
1 13 23
1 13 26
1 13 4
1 13 4
1 13 4
1 2 29
1 2 25
1 2 25
1 2 25
1 2 3
1 2 4
1 2 3
1 2 4
1 2 25
1 2 31
1 2 30
1 2 3
1 2 31
1 2 4
1 2 4
1 2 4
1 2 26
1 2 3
1 2 3
1 2 15
1 2 0
1 2 25
1 2 4
1 2 25
1 2 26
1 2 26
1 2 3
1 2 15
1 2 3
1 2 4
1 2 31
1 2 4
1 2 4
1 2 25
1 2 4
1 2 2
1 2 31
1 2 26
1 2 4
1 2 3
1 2 3
1 2 3
1 2 3
1 2 15
1 3 26
1 3 26
1 3 24
1 3 23
1 3 4
1 3 3
1 3 15
1 3 23
1 3 25
1 3 3
1 3 30
1 3 22
1 3 4
1 3 15
1 3 23
1 3 13
1 3 4
1 3 14
1 3 4
1 3 2
1 3 3
1 3 25
1 3 25
1 3 31
1 3 31
1 3 14
1 3 24
1 3 23
1 4 3
1 4 4
1 4 14
1 4 1
1 4 15
1 4 26
1 4 31
1 4 25
1 4 14
1 4 2
1 4 15
1 4 14
1 4 15
1 4 15
1 4 15
1 4 0
1 4 3
1 4 26
1 4 15
1 4 0
1 4 14
1 4 14
1 4 3
1 4 15
1 4 15
1 4 4
1 4 4
1 4 4
1 4 3
1 4 23
1 4 3
1 4 3
1 4 4
1 4 14
1 4 14
1 4 3
1 4 25
1 4 15
1 4 4
1 4 31
1 4 0
1 4 2
1 4 14
1 4 15
1 4 14
1 4 3
1 4 3
1 4 15
1 4 3
1 4 30
1 4 25
1 4 4
1 4 14
1 4 26
1 4 15
1 4 14
1 4 15
1 4 3
1 4 14
1 4 3
1 4 14
1 4 15
1 4 25
1 4 31
1 4 3
1 4 22
1 4 4
1 4 22
1 4 15
1 4 15
1 4 3
1 4 3
1 4 15
1 4 4
1 4 3
1 4 3
1 4 3
1 4 15
1 4 30
1 4 15
1 4 1
1 4 15
1 4 3
1 4 14
1 4 3
1 4 31
1 4 4
1 4 15
1 4 3
1 4 29
1 4 4
1 4 3
1 4 3
1 4 3
1 4 4
1 4 4
1 4 15
1 4 15
1 4 15
1 4 29
1 4 4
1 4 14
1 4 3
1 4 14
1 4 4
1 4 3
1 4 14
1 4 26
1 4 15
1 4 4
1 4 14
1 4 24
1 4 0
1 4 15
1 4 3
1 4 3
1 4 30
1 4 15
1 4 4
1 4 14
1 4 25
1 4 4
1 4 15
1 4 3
1 4 21
1 4 14
1 5 3
1 5 3
1 5 23
1 5 3
1 5 4
1 5 3
1 5 4
1 5 30
1 5 2
1 5 2
1 5 14
1 5 3
1 5 4
1 5 4
1 5 30
1 5 26
1 5 3
1 5 15
1 5 26
1 5 25
1 5 14
1 5 26
1 5 3
1 5 3
1 5 3
1 5 1
1 5 26
1 5 22
1 5 23
1 5 3
1 5 3
1 5 3
1 5 3
1 5 14
1 5 1
1 5 24
1 5 3
1 5 26
1 6 22
1 6 22
1 6 25
1 6 23
1 6 4
1 6 24
1 6 24
1 6 25
1 6 24
1 6 25
1 6 24
1 6 22
1 6 23
1 6 2
1 6 23
1 6 2
1 6 3
1 6 24
1 6 25
1 6 26
1 6 23
1 6 25
1 6 23
1 6 25
1 6 15
1 6 15
1 6 24
1 6 14
1 6 25
1 6 23
1 6 26
1 6 14
1 6 23
1 6 25
1 6 24
1 6 22
1 6 6
1 6 3
1 6 25
1 6 3
1 6 3
1 6 21
1 6 26
1 7 4
1 7 4
1 7 4
1 7 31
1 7 4
1 7 26
1 7 3
1 7 3
1 7 4
1 7 4
1 7 4
1 7 3
1 7 31
1 7 31
1 7 3
1 7 0
1 7 4
1 7 4
1 7 4
1 7 26
1 7 31
1 7 4
1 7 30
1 7 3
1 7 24
1 7 3
1 7 30
1 7 3
1 7 4
1 7 10
1 7 26
1 7 25
1 7 31
1 7 4
1 7 4
1 7 14
1 7 3
1 7 4
1 7 4
1 7 31
1 7 12
1 7 4
1 7 26
1 8 3
1 8 4
1 8 4
1 8 31
1 8 4
1 8 3
1 8 4
1 8 31
1 8 4
1 8 4
1 8 4
1 8 4
1 8 4
1 8 4
1 8 4
1 8 31
1 8 4
1 8 25
1 9 21
1 9 23
1 9 26
1 9 30
1 9 15
1 9 14
1 9 3
1 9 26
1 9 14
1 9 25
1 9 31
1 9 24
1 9 10
1 9 30
1 9 26
1 9 23
1 9 4
1 9 26
1 9 30
1 9 13
1 9 14
1 9 7
1 9 4
1 9 21
1 9 3
1 9 25
1 9 22
1 9 13
1 9 15
1 9 25
1 9 23
1 9 31
1 9 3
1 9 25
1 9 30
1 9 3
1 9 30
1 9 26
1 9 1
1 9 4
1 9 24
1 9 8
1 9 30
1 9 26
1 9 26
1 9 24
1 9 14
1 9 22
1 9 12
1 9 3
1 9 30
1 9 14
1 9 24
1 9 31
1 9 4
1 9 25
1 9 4
1 9 4
1 9 30
1 9 25
1 9 26
1 9 30
1 9 3
1 9 26
1 9 22
1 9 2
1 9 30
1 9 26
1 9 3
1 9 12
1 9 4
1 9 31
1 9 25
1 9 26
1 9 25
1 9 22
1 9 4
1 9 11
1 9 4
1 9 23
1 9 31
1 9 4
1 9 30
1 9 31
1 9 25
1 9 3
1 9 23
1 9 24
1 9 3
1 9 26
1 9 21
1 9 30
1 9 3
1 9 26
1 9 30
1 9 3
1 9 15
1 9 7
1 9 25
1 9 4
1 9 4
1 9 26
1 9 31
1 9 15
1 9 22
1 9 30
1 9 13
1 9 4
1 9 3
1 9 29
1 9 4
1 9 30
1 9 22
1 9 31
1 9 11
1 9 30
1 9 4
1 9 21
1 9 31
1 9 25
1 9 15
1 9 4
1 9 30
1 9 1
1 9 3
1 9 26
1 9 21
1 9 14
1 9 31
1 9 22
1 9 30
1 9 3
1 9 31
1 9 15
1 9 25
1 9 30
1 9 30
1 9 22
1 9 15
1 9 31
1 9 29
1 9 30
1 9 25
1 9 14
1 9 3
1 9 3
1 9 3
1 9 29
1 9 23
1 9 4
1 9 26
1 9 30
1 9 3
1 9 31
1 9 3
1 9 3
1 9 4
1 9 25
1 9 3
1 9 30
1 9 2
1 9 31
1 9 26
1 9 4
1 9 25
1 9 4
1 9 22
1 9 31
1 9 24
1 9 30
1 9 25
1 9 25
1 9 26
1 9 2
1 9 4
1 9 24
1 9 3
1 9 3
1 9 24
1 9 31
1 9 15
1 9 14
1 9 31
1 9 31
1 9 30
1 9 22
1 9 21
1 9 23
1 9 22
1 9 23
1 9 24
1 9 31
1 9 3
1 9 26
1 9 22
1 9 2
1 9 4
1 9 12
1 9 22
1 9 27
1 9 26
1 9 0
1 9 15
1 9 23
1 10 4
1 10 3
1 10 4
1 10 3
1 10 25
1 10 30
1 10 31
1 10 4
1 10 3
1 10 11
1 10 3
1 10 4
1 10 15
1 10 25
1 10 3
1 10 4
1 10 14
1 10 23
1 10 25
1 10 4
1 10 25
1 10 4
1 10 13
1 10 15
1 10 15
1 10 3
1 10 4
1 10 3
1 10 4
1 10 24
1 10 4
1 10 3
1 10 4
1 10 4
1 10 14
1 10 4
1 10 3
1 10 3
1 10 12
1 10 3
1 10 3
1 10 26
1 10 26
1 10 12
1 10 25
1 10 23
1 10 30
1 10 3
1 10 4
1 10 15
1 10 3
1 10 30
1 10 4
1 10 4
1 10 3
1 10 25
1 10 23
1 10 23
1 10 3
1 10 26
1 10 0
1 10 3
1 10 23
1 10 4
1 10 4
1 10 3
1 10 4
1 10 22
1 10 26
1 10 3
1 10 0
1 10 3
1 10 14
1 10 4
1 10 2
1 10 26
1 10 12
1 10 4
1 10 27
1 10 12
1 10 25
1 10 3
1 10 4
1 10 30
1 10 4
1 10 26
1 10 4
1 10 25
1 10 24
1 10 4
1 10 3
1 10 25
1 10 4
1 10 25
1 10 21
1 10 3
1 10 4
1 10 3
1 10 4
1 10 3
1 10 31
1 10 4
1 10 4
1 10 4
1 10 21
1 10 2
1 10 3
1 10 4
1 10 4
1 10 22
1 10 0
1 10 3
1 10 30
1 10 3
1 10 3
1 10 30
1 10 4
1 10 4
1 10 4
1 10 12
1 10 25
1 10 13
1 10 26
1 11 24
1 11 31
1 11 4
1 11 24
1 11 24
1 11 15
1 11 3
1 11 26
1 11 26
1 11 4
1 11 30
1 11 25
1 11 3
1 11 24
1 11 0
1 11 4
1 11 3
1 11 15
1 11 14
1 11 25
1 11 23
1 11 26
1 11 31
1 11 14
1 11 24
1 11 23
1 11 3
1 11 3
1 11 26
1 11 4
1 11 26
1 11 14
1 11 3
1 11 3
1 11 4
1 11 11
1 11 22
1 11 25
1 11 14
1 11 24
1 11 24
1 11 4
1 11 23
1 11 22
1 11 3
1 11 4
1 11 29
0 9 3
0 9 26
0 9 4
0 9 4
0 9 4
0 9 4
0 9 14
0 9 14
0 9 26
0 9 26
0 4 22
0 4 22
0 4 22
0 4 11
0 8 22
0 4 13
0 4 13
0 4 3
0 4 4
0 4 3
0 4 4
0 4 22
0 4 23
0 4 23
0 4 13
0 8 4
0 5 25
0 5 25
0 5 26
0 5 26
0 11 24
0 11 24
0 11 25
0 11 14
0 3 24
0 3 24
0 3 24
0 3 3
0 3 3
0 5 25
0 5 25
0 5 26
0 5 26
0 6 25
0 6 25
0 6 25
0 6 31
0 6 21
0 11 0
0 6 0
0 11 25
0 11 25
0 11 25
0 11 25
0 11 3
0 11 0
0 6 22
0 6 22
0 6 23
0 6 24
0 6 24
0 5 25
0 5 25
0 5 25
0 5 14
0 5 15
0 5 21
0 5 21
0 5 22
0 5 22
0 5 0
0 5 0
0 5 25
0 5 25
0 5 25
0 5 26
0 5 26
0 5 25
0 5 25
0 5 25
0 5 26
0 5 15
0 8 22
0 8 23
0 8 23
0 8 24
0 8 26
0 10 25
0 10 25
0 10 25
0 10 26
0 10 26
0 6 22
0 6 22
0 6 22
0 6 22
0 6 11
0 6 23
0 6 13
0 7 26
0 7 26
0 7 25
0 7 25
0 7 25
0 7 25
0 7 4
0 7 3
0 8 25
0 8 25
0 8 25
0 8 26
0 8 26
0 5 23
0 5 26
0 5 26
0 5 26
0 5 26
0 2 4
0 2 25
0 2 26
0 2 26
0 2 4
0 2 3
0 6 23
0 6 23
0 6 24
0 5 26
0 5 26
0 4 25
0 4 14
0 5 26
0 5 3
0 6 3
0 11 1
0 11 2
0 4 23
0 4 12
0 4 24
0 4 13
0 4 14
0 9 23
0 9 26
0 9 26
0 9 31
0 9 31
0 9 25
0 9 25
0 9 25
0 9 26
0 9 26
0 5 23
0 5 24
0 5 24
0 5 13
0 5 13
0 5 22
0 5 25
0 5 14
0 5 26
0 5 26
0 5 25
0 5 25
0 5 25
0 5 25
0 5 25
0 8 25
0 8 25
0 8 25
0 8 26
0 8 26
0 4 11
0 11 22
0 11 12
0 11 24
0 4 24
0 10 13
0 10 25
0 10 15
0 10 15
0 10 25
0 10 26
0 10 15
0 10 15
0 4 22
0 4 22
0 4 12
0 4 1
0 4 2
0 4 1
0 4 1
0 11 23
0 11 24
0 11 24
0 11 24
0 11 24
0 5 14
0 5 14
0 5 14
0 5 30
0 5 30
0 5 25
0 5 25
0 5 25
0 5 31
0 5 31
0 5 13
0 5 14
0 5 14
0 5 30
0 5 30
0 4 25
0 4 14
0 4 14
0 4 30
0 4 3
0 4 0
0 4 23
0 4 23
0 4 24
0 4 13
0 11 13
0 11 21
0 11 23
0 11 23
0 11 23
0 11 30
0 4 15
0 10 30
0 10 31
0 10 31
0 10 31
0 10 31
0 11 23
0 11 12
0 11 24
0 11 24
0 11 24
0 11 24
0 11 3
0 11 0
0 11 24
0 11 24
0 11 14
0 11 14
0 11 14
0 11 14
0 11 15
0 5 25
0 5 25
0 5 25
0 5 25
0 5 14
0 5 31
0 5 31
0 4 10
0 11 21
0 11 22
0 11 22
0 11 22
0 11 23
0 11 12
0 4 22
0 4 11
0 5 14
0 5 30
0 5 30
0 7 25
0 7 25
0 11 21
0 11 11
0 11 23
0 11 23
0 11 0
0 11 7
0 2 1
0 2 5
0 2 30
0 2 30
0 2 2
0 7 2
0 7 4
0 11 24
0 11 24
0 11 24
0 11 25
0 11 25
0 11 26
0 11 15
0 10 25
0 10 25
0 10 25
0 10 25
0 10 25
0 10 31
0 10 31
0 7 4
0 9 26
0 4 3
0 11 21
0 11 21
0 11 10
0 5 15
0 5 2
0 5 3
0 11 23
0 11 12
0 11 12
0 11 24
0 3 14
0 2 4
0 4 10
0 4 4
0 4 4
0 5 25
0 4 11
0 2 3
0 10 3
0 4 21
0 4 22
0 4 22
0 4 22
0 3 24
0 11 21
0 11 22
0 5 26
0 5 26
0 5 3
0 10 3
0 2 31
0 2 3
0 2 3
0 4 11
0 4 23
0 4 23
0 4 12
0 7 24
0 6 23
0 11 23
0 11 28
0 6 25
0 6 14
0 8 22
0 8 22
0 4 21
0 4 22
0 11 10
0 11 11
0 11 11
0 11 11
0 2 24
0 7 26
0 2 3
0 11 22
0 11 22
0 11 23
0 11 23
0 11 12
0 11 24
0 11 24
0 5 25
0 5 30
0 2 22
0 2 23
0 5 21
0 5 21
0 5 21
0 5 10
0 5 21
0 5 21
0 5 10
0 4 4
0 2 3
0 6 0
0 6 0
