# Parameters: nPorts nContainers
14 3289
# Transport type: id length=(20,40) weight type=(DC,RC,HC,HR)
0 20 3 DC
1 20 9 DC
2 20 14 DC
3 20 21 DC
4 20 27 DC
5 20 3 RC
6 20 9 RC
7 20 14 RC
8 20 21 RC
9 20 27 RC
10 40 3 DC
11 40 6 DC
12 40 9 DC
13 40 14 DC
14 40 21 DC
15 40 27 DC
16 40 3 RC
17 40 9 RC
18 40 14 RC
19 40 21 RC
20 40 27 RC
21 40 3 HC
22 40 6 HC
23 40 9 HC
24 40 14 HC
25 40 21 HC
26 40 27 HC
27 40 3 HR
28 40 9 HR
29 40 14 HR
30 40 21 HR
31 40 27 HR
32 40 3 HC
33 40 6 HC
34 40 9 HC
35 40 14 HC
36 40 21 HC
37 40 27 HC
# Container: startPort endPort typeId [bay stack tier slot]
0 3 3 1 4 10 1
0 3 4 1 4 10 2
0 3 3 1 4 11 1
0 3 3 1 4 11 2
0 3 3 1 4 12 1
0 3 2 1 4 12 2
0 3 23 1 4 13 1
0 4 15 1 5 10 1
0 4 26 1 5 11 1
0 4 14 1 5 12 1
0 2 24 1 5 13 1
0 8 4 1 6 10 1
0 8 4 1 6 10 2
0 8 3 1 6 11 1
0 8 3 1 6 11 2
0 8 26 1 6 12 1
0 8 23 1 6 13 1
0 8 4 1 7 10 1
0 8 4 1 7 10 2
0 8 26 1 7 11 1
0 8 25 1 7 12 1
0 8 25 1 7 13 1
0 12 13 1 8 10 1
0 12 12 1 8 11 1
0 12 10 1 8 12 1
0 4 15 1 10 10 1
0 4 26 1 10 11 1
0 4 25 1 10 12 1
0 4 25 1 10 13 1
0 4 15 1 6 6 1
0 4 26 1 6 7 1
0 2 15 1 6 8 1
0 7 14 1 7 4 1
0 7 25 1 7 5 1
0 7 25 1 7 6 1
0 4 25 1 7 7 1
0 7 14 1 8 4 1
0 7 14 1 8 5 1
0 7 14 1 8 6 1
0 7 14 1 8 7 1
0 7 23 1 8 8 1
0 11 1 1 9 6 1
0 4 3 1 9 6 2
0 11 14 1 9 7 1
0 11 25 1 9 8 1
0 12 25 2 7 10 1
0 12 25 2 7 11 1
0 12 25 2 7 12 1
0 12 25 2 7 13 1
0 12 2 2 8 10 1
0 12 3 2 8 10 2
0 12 26 2 8 11 1
0 12 25 2 8 12 1
0 12 25 2 8 13 1
0 3 3 2 9 10 1
0 3 4 2 9 10 2
0 3 26 2 9 11 1
0 3 26 2 9 12 1
0 3 25 2 9 13 1
0 5 3 2 4 6 1
0 5 4 2 4 6 2
0 5 3 2 4 7 1
0 5 3 2 4 7 2
0 5 3 2 4 8 1
0 5 3 2 4 8 2
0 12 0 2 5 5 1
0 12 3 2 5 5 2
0 12 14 2 5 6 1
0 12 14 2 5 7 1
0 12 25 2 5 8 1
0 12 2 2 6 3 1
0 12 3 2 6 3 2
0 12 26 2 6 4 1
0 12 26 2 6 5 1
0 12 25 2 6 6 1
0 12 25 2 6 7 1
0 8 3 2 7 3 1
0 8 4 2 7 3 2
0 8 0 2 7 4 1
0 8 4 2 7 4 2
0 8 15 2 7 5 1
0 8 26 2 7 6 1
0 8 14 2 7 7 1
0 8 14 2 7 8 1
0 3 15 2 8 3 1
0 3 15 2 8 4 1
0 4 25 2 8 5 1
0 3 14 2 8 6 1
0 2 25 2 8 7 1
0 6 26 2 9 3 1
0 6 25 2 9 4 1
0 6 22 2 9 5 1
0 3 22 2 9 6 1
0 3 22 2 9 7 1
0 12 26 2 10 5 1
0 12 14 2 10 6 1
0 12 14 2 10 7 1
0 12 14 2 10 8 1
0 12 26 2 11 6 1
0 12 14 2 11 7 1
0 12 14 2 11 8 1
0 7 26 3 0 10 1
0 7 26 3 0 11 1
0 7 25 3 0 12 1
0 7 25 3 0 13 1
0 7 25 3 2 10 1
0 12 25 3 3 10 1
0 12 25 3 5 10 1
0 12 25 3 5 11 1
0 12 24 3 5 12 1
0 12 11 3 5 13 1
0 2 3 3 6 10 1
0 2 3 3 6 10 2
0 2 26 3 6 11 1
0 2 26 3 6 12 1
0 2 24 3 6 13 1
0 2 25 3 7 10 1
0 2 10 3 7 11 1
0 2 4 3 8 10 1
0 6 4 3 8 10 2
0 2 4 3 8 11 1
0 2 4 3 8 11 2
0 2 26 3 8 12 1
0 2 4 3 9 10 1
0 2 4 3 9 10 2
0 2 4 3 9 11 1
0 2 4 3 9 11 2
0 2 26 3 9 12 1
0 6 15 3 2 7 1
0 6 25 3 2 8 1
0 2 4 3 3 6 1
0 2 4 3 3 6 2
0 2 3 3 3 7 1
0 2 3 3 3 7 2
0 2 3 3 3 8 1
0 2 3 3 3 8 2
0 2 3 3 4 5 1
0 2 4 3 4 5 2
0 2 2 3 4 6 1
0 2 3 3 4 6 2
0 2 15 3 4 7 1
0 2 26 3 4 8 1
0 7 14 3 5 3 1
0 7 14 3 5 4 1
0 7 14 3 5 5 1
0 7 14 3 5 6 1
0 7 11 3 5 7 1
0 7 21 3 5 8 1
0 3 3 3 6 2 1
0 3 4 3 6 2 2
0 3 26 3 6 3 1
0 3 25 3 6 4 1
0 3 25 3 6 5 1
0 3 25 3 6 6 1
0 3 25 3 6 7 1
0 2 4 3 7 2 1
0 6 4 3 7 2 2
0 2 4 3 7 3 1
0 6 4 3 7 3 2
0 2 4 3 7 4 1
0 6 4 3 7 4 2
0 2 4 3 7 5 1
0 2 4 3 7 5 2
0 2 3 3 7 6 1
0 2 4 3 7 6 2
0 2 3 3 7 7 1
0 2 2 3 7 7 2
0 2 15 3 7 8 1
0 2 3 3 8 2 1
0 9 4 3 8 2 2
0 2 3 3 8 3 1
0 7 4 3 8 3 2
0 2 3 3 8 4 1
0 4 4 3 8 4 2
0 2 2 3 8 5 1
0 4 3 3 8 5 2
0 2 15 3 8 6 1
0 2 14 3 8 7 1
0 2 25 3 8 8 1
0 3 3 3 9 2 1
0 3 4 3 9 2 2
0 3 3 3 9 3 1
0 3 4 3 9 3 2
0 3 3 3 9 4 1
0 3 4 3 9 4 2
0 3 3 3 9 5 1
0 3 4 3 9 5 2
0 3 3 3 9 6 1
0 3 4 3 9 6 2
0 3 14 3 9 7 1
0 3 22 3 9 8 1
0 9 4 3 10 3 1
0 9 4 3 10 3 2
0 9 15 3 10 4 1
0 9 15 3 10 5 1
0 9 15 3 10 6 1
0 9 25 3 10 7 1
0 9 12 3 10 8 1
0 4 3 3 11 5 1
0 6 4 3 11 5 2
0 4 3 3 11 6 1
0 6 3 3 11 6 2
0 4 25 3 11 7 1
0 3 0 3 12 6 1
0 3 3 3 12 6 2
0 3 13 3 12 7 1
0 3 22 3 12 8 1
0 11 4 4 6 10 1
0 2 3 4 6 10 2
0 2 26 4 6 11 1
0 2 26 4 6 12 1
0 11 22 4 6 13 1
0 12 3 4 8 10 1
0 12 4 4 8 10 2
0 12 26 4 8 11 1
0 12 26 4 8 12 1
0 12 14 4 8 13 1
0 4 4 4 10 10 1
0 5 4 4 10 10 2
0 2 26 4 10 11 1
0 2 26 4 10 12 1
0 2 26 4 11 10 1
0 7 3 4 13 10 1
0 7 3 4 13 10 2
0 7 25 4 13 11 1
0 7 25 4 13 12 1
0 7 22 4 13 13 1
0 6 0 4 2 5 1
0 6 1 4 2 5 2
0 6 11 4 2 6 1
0 6 11 4 2 7 1
0 6 22 4 2 8 1
0 4 26 4 4 3 1
0 4 26 4 4 4 1
0 4 26 4 4 5 1
0 4 26 4 4 6 1
0 4 26 4 4 7 1
0 4 3 4 5 1 1
0 4 4 4 5 1 2
0 4 3 4 5 2 1
0 4 4 4 5 2 2
0 4 26 4 5 3 1
0 4 26 4 5 4 1
0 4 26 4 5 5 1
0 4 26 4 5 6 1
0 4 26 4 5 7 1
0 12 2 4 6 1 1
0 12 3 4 6 1 2
0 12 26 4 6 2 1
0 12 26 4 6 3 1
0 12 25 4 6 4 1
0 12 25 4 6 5 1
0 12 25 4 6 6 1
0 12 25 4 6 7 1
0 7 3 4 7 1 1
0 2 4 4 7 1 2
0 4 3 4 7 2 1
0 2 3 4 7 2 2
0 4 3 4 7 3 1
0 2 3 4 7 3 2
0 4 3 4 7 4 1
0 2 3 4 7 4 2
0 4 3 4 7 5 1
0 2 1 4 7 5 2
0 4 15 4 7 6 1
0 2 15 4 7 7 1
0 2 15 4 7 8 1
0 5 24 4 8 1 1
0 4 12 4 8 2 1
0 4 12 4 8 3 1
0 12 11 4 8 4 1
0 12 10 4 8 5 1
0 12 10 4 8 6 1
0 12 10 4 8 7 1
0 12 10 4 8 8 1
0 2 3 4 9 1 1
0 5 3 4 9 1 2
0 2 15 4 9 2 1
0 2 15 4 9 3 1
0 2 26 4 9 4 1
0 2 26 4 9 5 1
0 2 26 4 9 6 1
0 2 26 4 9 7 1
0 7 3 4 10 1 1
0 7 3 4 10 1 2
0 7 3 4 10 2 1
0 7 3 4 10 2 2
0 7 3 4 10 3 1
0 7 3 4 10 3 2
0 5 3 4 10 4 1
0 7 3 4 10 4 2
0 5 3 4 10 5 1
0 7 3 4 10 5 2
0 4 26 4 10 6 1
0 2 15 4 10 7 1
0 2 15 4 10 8 1
0 2 3 4 11 3 1
0 2 4 4 11 3 2
0 2 3 4 11 4 1
0 2 4 4 11 4 2
0 2 26 4 11 5 1
0 2 26 4 11 6 1
0 2 26 4 11 7 1
0 3 15 4 12 4 1
0 3 26 4 12 5 1
0 3 24 4 12 6 1
0 2 13 4 12 7 1
0 8 3 4 13 5 1
0 8 4 4 13 5 2
0 8 26 4 13 6 1
0 8 14 4 13 7 1
0 8 14 4 13 8 1
0 8 4 4 14 7 1
0 8 4 4 14 7 2
0 2 25 4 14 8 1
0 8 25 5 6 10 1
0 8 25 5 6 11 1
0 8 24 5 6 12 1
0 8 24 5 6 13 1
0 7 25 5 7 10 1
0 12 26 5 8 10 1
0 12 25 5 8 11 1
0 12 23 5 8 12 1
0 7 3 5 9 10 1
0 7 3 5 9 10 2
0 7 26 5 9 11 1
0 7 26 5 9 12 1
0 7 25 5 9 13 1
0 12 25 5 10 10 1
0 12 25 5 11 10 1
0 12 25 5 11 11 1
0 12 25 5 11 12 1
0 12 11 5 11 13 1
0 12 24 5 12 10 1
0 12 25 5 13 10 1
0 9 3 5 15 10 1
0 11 3 5 15 10 2
0 9 2 5 15 11 1
0 9 3 5 15 11 2
0 9 25 5 15 12 1
0 9 12 5 15 13 1
0 12 15 5 2 4 1
0 12 26 5 2 5 1
0 12 14 5 2 6 1
0 12 14 5 2 7 1
0 12 13 5 2 8 1
0 3 4 5 3 3 1
0 3 4 5 3 3 2
0 3 3 5 3 4 1
0 3 4 5 3 4 2
0 3 12 5 3 5 1
0 3 12 5 3 6 1
0 3 12 5 3 7 1
0 3 23 5 3 8 1
0 3 3 5 4 2 1
0 3 4 5 4 2 2
0 3 2 5 4 3 1
0 3 4 5 4 3 2
0 3 1 5 4 4 1
0 3 4 5 4 4 2
0 3 0 5 4 5 1
0 3 3 5 4 5 2
0 3 24 5 4 6 1
0 3 12 5 4 7 1
0 3 12 5 4 8 1
0 3 3 5 5 1 1
0 3 4 5 5 1 2
0 3 2 5 5 2 1
0 3 4 5 5 2 2
0 3 26 5 5 3 1
0 3 24 5 5 4 1
0 3 24 5 5 5 1
0 3 24 5 5 6 1
0 3 24 5 5 7 1
0 6 4 5 6 0 1
0 6 4 5 6 0 2
0 6 3 5 6 1 1
0 6 4 5 6 1 2
0 6 0 5 6 2 1
0 6 4 5 6 2 2
0 6 25 5 6 3 1
0 6 12 5 6 4 1
0 6 12 5 6 5 1
0 6 12 5 6 6 1
0 6 23 5 6 7 1
0 11 3 5 7 0 1
0 11 4 5 7 0 2
0 11 0 5 7 1 1
0 11 4 5 7 1 2
0 11 26 5 7 2 1
0 11 26 5 7 3 1
0 11 26 5 7 4 1
0 11 25 5 7 5 1
0 11 25 5 7 6 1
0 11 25 5 7 7 1
0 3 2 5 8 0 1
0 3 4 5 8 0 2
0 3 24 5 8 1 1
0 3 24 5 8 2 1
0 3 23 5 8 3 1
0 3 23 5 8 4 1
0 3 23 5 8 5 1
0 3 23 5 8 6 1
0 3 23 5 8 7 1
0 2 4 5 9 0 1
0 2 4 5 9 0 2
0 2 4 5 9 1 1
0 2 4 5 9 1 2
0 2 4 5 9 2 1
0 2 4 5 9 2 2
0 2 4 5 9 3 1
0 2 4 5 9 3 2
0 2 4 5 9 4 1
0 2 4 5 9 4 2
0 2 15 5 9 5 1
0 2 15 5 9 6 1
0 2 15 5 9 7 1
0 2 26 5 9 8 1
0 3 3 5 10 1 1
0 3 4 5 10 1 2
0 3 3 5 10 2 1
0 3 4 5 10 2 2
0 3 3 5 10 3 1
0 3 4 5 10 3 2
0 3 3 5 10 4 1
0 3 3 5 10 4 2
0 3 25 5 10 5 1
0 3 24 5 10 6 1
0 3 24 5 10 7 1
0 7 3 5 11 2 1
0 7 4 5 11 2 2
0 7 3 5 11 3 1
0 7 4 5 11 3 2
0 7 3 5 11 4 1
0 7 4 5 11 4 2
0 7 3 5 11 5 1
0 7 3 5 11 5 2
0 7 2 5 11 6 1
0 7 3 5 11 6 2
0 7 15 5 11 7 1
0 7 26 5 11 8 1
0 4 15 5 12 3 1
0 4 26 5 12 4 1
0 4 26 5 12 5 1
0 4 26 5 12 6 1
0 4 26 5 12 7 1
0 2 4 5 13 4 1
0 2 4 5 13 4 2
0 2 4 5 13 5 1
0 2 4 5 13 5 2
0 2 4 5 13 6 1
0 2 4 5 13 6 2
0 2 3 5 13 7 1
0 2 4 5 13 7 2
0 2 25 5 13 8 1
0 2 4 5 14 5 1
0 2 4 5 14 5 2
0 2 4 5 14 6 1
0 2 4 5 14 6 2
0 2 3 5 14 7 1
0 2 4 5 14 7 2
0 2 3 5 14 8 1
0 2 0 5 14 8 2
0 3 27 6 0 10 1
0 3 8 6 1 10 1
0 3 4 6 1 10 2
0 3 3 6 1 11 1
0 3 3 6 1 11 2
0 3 26 6 1 12 1
0 3 26 6 1 13 1
0 3 23 6 1 14 1
0 3 25 6 2 10 1
0 3 25 6 2 11 1
0 3 25 6 2 12 1
0 3 8 6 3 10 1
0 3 3 6 3 10 2
0 3 3 6 3 11 1
0 3 3 6 3 11 2
0 3 3 6 3 12 1
0 3 3 6 3 12 2
0 3 26 6 3 13 1
0 3 23 6 3 14 1
0 3 0 6 4 10 1
0 3 3 6 4 10 2
0 3 14 6 4 11 1
0 3 25 6 4 12 1
0 6 4 6 5 10 1
0 6 4 6 5 10 2
0 6 4 6 5 11 1
0 6 4 6 5 11 2
0 6 26 6 5 12 1
0 6 25 6 5 13 1
0 2 26 6 6 10 1
0 2 26 6 6 11 1
0 2 4 6 7 10 1
0 2 4 6 7 10 2
0 2 8 6 7 11 1
0 2 3 6 7 11 2
0 2 25 6 7 12 1
0 2 25 6 7 13 1
0 2 25 6 7 14 1
0 11 4 6 8 10 1
0 11 4 6 8 10 2
0 10 3 6 8 11 1
0 11 3 6 8 11 2
0 10 25 6 8 12 1
0 10 25 6 8 13 1
0 10 25 6 8 14 1
0 2 3 6 9 10 1
0 2 3 6 9 10 2
0 2 25 6 9 11 1
0 3 3 6 10 10 1
0 3 4 6 10 10 2
0 3 3 6 10 11 1
0 3 4 6 10 11 2
0 3 3 6 10 12 1
0 3 1 6 10 12 2
0 3 26 6 10 13 1
0 3 23 6 10 14 1
0 2 2 6 11 10 1
0 2 3 6 11 10 2
0 2 2 6 11 11 1
0 2 3 6 11 11 2
0 2 2 6 11 12 1
0 2 3 6 11 12 2
0 2 24 6 11 13 1
0 2 24 6 11 14 1
0 3 3 6 12 10 1
0 3 3 6 12 10 2
0 2 2 6 12 11 1
0 3 2 6 12 11 2
0 2 2 6 12 12 1
0 3 2 6 12 12 2
0 2 13 6 12 13 1
0 2 23 6 12 14 1
0 3 26 6 13 10 1
0 3 14 6 13 11 1
0 3 25 6 13 12 1
0 3 24 6 13 13 1
0 3 23 6 13 14 1
0 2 3 6 15 10 1
0 2 3 6 15 10 2
0 2 3 6 15 11 1
0 2 3 6 15 11 2
0 2 2 6 15 12 1
0 2 3 6 15 12 2
0 2 24 6 15 13 1
0 2 24 6 15 14 1
0 6 3 6 1 4 1
0 6 3 6 1 4 2
0 6 3 6 1 5 1
0 6 3 6 1 5 2
0 6 3 6 1 6 1
0 6 3 6 1 6 2
0 6 3 6 1 7 1
0 6 3 6 1 7 2
0 6 3 6 1 8 1
0 6 3 6 1 8 2
0 3 3 6 2 1 1
0 3 3 6 2 1 2
0 3 15 6 2 2 1
0 3 26 6 2 3 1
0 3 25 6 2 4 1
0 3 25 6 2 5 1
0 3 25 6 2 6 1
0 3 25 6 2 7 1
0 12 3 6 3 1 1
0 12 3 6 3 1 2
0 12 1 6 3 2 1
0 12 3 6 3 2 2
0 12 15 6 3 3 1
0 12 15 6 3 4 1
0 12 26 6 3 5 1
0 12 14 6 3 6 1
0 12 14 6 3 7 1
0 12 14 6 3 8 1
0 3 3 6 4 1 1
0 6 4 6 4 1 2
0 3 3 6 4 2 1
0 3 3 6 4 2 2
0 3 15 6 4 3 1
0 3 15 6 4 4 1
0 3 15 6 4 5 1
0 3 15 6 4 6 1
0 3 15 6 4 7 1
0 3 26 6 4 8 1
0 9 3 6 5 0 1
0 9 4 6 5 0 2
0 9 3 6 5 1 1
0 9 4 6 5 1 2
0 9 3 6 5 2 1
0 9 4 6 5 2 2
0 9 3 6 5 3 1
0 9 4 6 5 3 2
0 9 26 6 5 4 1
0 9 26 6 5 5 1
0 9 26 6 5 6 1
0 9 26 6 5 7 1
0 9 2 6 6 0 1
0 9 3 6 6 0 2
0 9 2 6 6 1 1
0 9 3 6 6 1 2
0 9 2 6 6 2 1
0 9 3 6 6 2 2
0 9 26 6 6 3 1
0 9 26 6 6 4 1
0 9 26 6 6 5 1
0 9 26 6 6 6 1
0 9 25 6 6 7 1
0 12 3 6 7 0 1
0 12 3 6 7 0 2
0 12 15 6 7 1 1
0 12 26 6 7 2 1
0 12 26 6 7 3 1
0 12 26 6 7 4 1
0 12 26 6 7 5 1
0 12 25 6 7 6 1
0 12 25 6 7 7 1
0 3 3 6 8 0 1
0 3 4 6 8 0 2
0 3 3 6 8 1 1
0 3 3 6 8 1 2
0 3 2 6 8 2 1
0 3 3 6 8 2 2
0 3 2 6 8 3 1
0 3 3 6 8 3 2
0 3 15 6 8 4 1
0 3 15 6 8 5 1
0 3 26 6 8 6 1
0 3 14 6 8 7 1
0 3 13 6 8 8 1
0 2 25 6 9 0 1
0 2 25 6 9 1 1
0 2 25 6 9 2 1
0 2 13 6 9 3 1
0 2 13 6 9 4 1
0 2 24 6 9 5 1
0 2 24 6 9 6 1
0 2 22 6 9 7 1
0 3 2 6 10 0 1
0 3 4 6 10 0 2
0 3 14 6 10 1 1
0 3 25 6 10 2 1
0 3 25 6 10 3 1
0 3 23 6 10 4 1
0 3 23 6 10 5 1
0 3 23 6 10 6 1
0 3 22 6 10 7 1
0 3 3 6 11 1 1
0 3 4 6 11 1 2
0 3 3 6 11 2 1
0 3 4 6 11 2 2
0 3 3 6 11 3 1
0 3 4 6 11 3 2
0 3 3 6 11 4 1
0 3 3 6 11 4 2
0 3 1 6 11 5 1
0 3 3 6 11 5 2
0 3 26 6 11 6 1
0 3 26 6 11 7 1
0 3 15 6 12 1 1
0 3 26 6 12 2 1
0 3 25 6 12 3 1
0 3 25 6 12 4 1
0 3 25 6 12 5 1
0 3 13 6 12 6 1
0 3 24 6 12 7 1
0 6 23 6 13 1 1
0 6 23 6 13 2 1
0 6 22 6 13 3 1
0 5 22 6 13 4 1
0 5 21 6 13 5 1
0 3 3 6 14 4 1
0 3 3 6 14 4 2
0 3 23 6 14 5 1
0 3 23 6 14 6 1
0 3 21 6 14 7 1
0 3 14 7 0 10 1
0 3 14 7 0 11 1
0 3 14 7 0 12 1
0 3 25 7 0 13 1
0 3 13 7 0 14 1
0 12 14 7 1 10 1
0 12 25 7 1 11 1
0 12 25 7 1 12 1
0 12 13 7 1 13 1
0 12 23 7 1 14 1
0 3 14 7 2 10 1
0 3 25 7 2 11 1
0 3 25 7 2 12 1
0 3 11 7 2 13 1
0 3 21 7 2 14 1
0 7 14 7 3 10 1
0 3 0 7 4 10 1
0 3 3 7 4 10 2
0 7 25 7 5 10 1
0 2 25 7 6 10 1
0 2 25 7 6 11 1
0 2 25 7 6 12 1
0 2 25 7 6 13 1
0 2 10 7 6 14 1
0 4 26 7 7 10 1
0 4 25 7 8 10 1
0 4 25 7 9 10 1
0 7 25 7 12 10 1
0 7 25 7 12 11 1
0 7 25 7 12 12 1
0 7 13 7 12 13 1
0 7 22 7 12 14 1
0 6 3 7 13 10 1
0 6 3 7 13 10 2
0 6 2 7 13 11 1
0 6 3 7 13 11 2
0 6 23 7 13 12 1
0 6 23 7 13 13 1
0 6 23 7 13 14 1
0 4 3 7 14 10 1
0 4 3 7 14 10 2
0 4 25 7 14 11 1
0 4 25 7 14 12 1
0 4 25 7 14 13 1
0 4 12 7 14 14 1
0 4 25 7 15 10 1
0 4 25 7 15 11 1
0 4 25 7 15 12 1
0 4 25 7 15 13 1
0 4 24 7 15 14 1
0 4 26 7 1 2 1
0 4 26 7 1 3 1
0 4 26 7 1 4 1
0 4 26 7 1 5 1
0 4 26 7 1 6 1
0 4 26 7 1 7 1
0 4 15 7 2 1 1
0 4 26 7 2 2 1
0 4 26 7 2 3 1
0 4 26 7 2 4 1
0 4 26 7 2 5 1
0 4 26 7 2 6 1
0 4 25 7 2 7 1
0 3 3 7 3 1 1
0 3 4 7 3 1 2
0 3 15 7 3 2 1
0 3 15 7 3 3 1
0 3 26 7 3 4 1
0 3 26 7 3 5 1
0 3 25 7 3 6 1
0 3 25 7 3 7 1
0 6 3 7 4 0 1
0 3 4 7 4 0 2
0 3 3 7 4 1 1
0 3 4 7 4 1 2
0 3 3 7 4 2 1
0 3 4 7 4 2 2
0 3 3 7 4 3 1
0 3 4 7 4 3 2
0 3 3 7 4 4 1
0 3 4 7 4 4 2
0 3 3 7 4 5 1
0 3 4 7 4 5 2
0 3 2 7 4 6 1
0 3 3 7 4 6 2
0 3 15 7 4 7 1
0 3 26 7 4 8 1
0 6 14 7 5 0 1
0 6 25 7 5 1 1
0 6 25 7 5 2 1
0 6 13 7 5 3 1
0 6 24 7 5 4 1
0 6 23 7 5 5 1
0 6 23 7 5 6 1
0 6 23 7 5 7 1
0 3 24 7 6 0 1
0 3 23 7 6 1 1
0 3 23 7 6 2 1
0 3 23 7 6 3 1
0 3 23 7 6 4 1
0 3 23 7 6 5 1
0 3 23 7 6 6 1
0 3 23 7 6 7 1
0 11 2 7 7 0 1
0 11 3 7 7 0 2
0 11 26 7 7 1 1
0 11 25 7 7 2 1
0 11 25 7 7 3 1
0 11 25 7 7 4 1
0 11 25 7 7 5 1
0 11 25 7 7 6 1
0 11 25 7 7 7 1
0 3 1 7 8 0 1
0 3 3 7 8 0 2
0 3 0 7 8 1 1
0 3 3 7 8 1 2
0 3 24 7 8 2 1
0 3 12 7 8 3 1
0 3 23 7 8 4 1
0 3 23 7 8 5 1
0 3 23 7 8 6 1
0 3 22 7 8 7 1
0 3 3 7 9 0 1
0 3 4 7 9 0 2
0 3 3 7 9 1 1
0 3 3 7 9 1 2
0 3 2 7 9 2 1
0 3 3 7 9 2 2
0 3 2 7 9 3 1
0 3 3 7 9 3 2
0 3 15 7 9 4 1
0 3 15 7 9 5 1
0 3 26 7 9 6 1
0 3 25 7 9 7 1
0 7 14 7 10 0 1
0 7 25 7 10 1 1
0 7 25 7 10 2 1
0 7 25 7 10 3 1
0 7 25 7 10 4 1
0 7 25 7 10 5 1
0 7 25 7 10 6 1
0 7 23 7 10 7 1
0 12 3 7 11 0 1
0 12 4 7 11 0 2
0 12 15 7 11 1 1
0 12 26 7 11 2 1
0 12 25 7 11 3 1
0 12 25 7 11 4 1
0 12 25 7 11 5 1
0 12 25 7 11 6 1
0 12 25 7 11 7 1
0 12 26 7 12 1 1
0 12 25 7 12 2 1
0 12 25 7 12 3 1
0 12 25 7 12 4 1
0 12 25 7 12 5 1
0 12 25 7 12 6 1
0 12 25 7 12 7 1
0 12 26 7 13 1 1
0 12 14 7 13 2 1
0 12 25 7 13 3 1
0 12 25 7 13 4 1
0 12 25 7 13 5 1
0 12 25 7 13 6 1
0 12 25 7 13 7 1
0 8 26 7 14 2 1
0 8 14 7 14 3 1
0 8 14 7 14 4 1
0 8 14 7 14 5 1
0 8 14 7 14 6 1
0 8 13 7 14 7 1
0 8 13 7 14 8 1
0 8 3 8 0 10 1
0 8 4 8 0 10 2
0 8 31 8 0 11 1
0 8 26 8 0 12 1
0 8 26 8 0 13 1
0 8 11 8 0 14 1
0 7 31 8 1 10 1
0 7 31 8 1 11 1
0 7 26 8 1 12 1
0 7 26 8 1 13 1
0 7 12 8 1 14 1
0 2 3 8 2 10 1
0 2 4 8 2 10 2
0 2 31 8 2 11 1
0 2 14 8 2 12 1
0 2 3 8 3 10 1
0 2 3 8 3 10 2
0 2 25 8 3 11 1
0 2 25 8 3 12 1
0 2 25 8 3 13 1
0 2 10 8 3 14 1
0 2 8 8 4 10 1
0 2 4 8 4 10 2
0 2 2 8 4 11 1
0 2 3 8 4 11 2
0 2 25 8 4 12 1
0 2 13 8 4 13 1
0 2 22 8 4 14 1
0 2 14 8 5 10 1
0 2 25 8 5 11 1
0 2 25 8 5 12 1
0 2 25 8 5 13 1
0 9 3 8 7 10 1
0 12 3 8 7 10 2
0 9 26 8 7 11 1
0 9 26 8 7 12 1
0 9 25 8 7 13 1
0 9 25 8 7 14 1
0 12 31 8 8 10 1
0 12 31 8 8 11 1
0 12 26 8 8 12 1
0 12 26 8 8 13 1
0 12 12 8 8 14 1
0 8 3 8 9 10 1
0 3 4 8 9 10 2
0 3 26 8 9 11 1
0 3 26 8 9 12 1
0 8 25 8 9 13 1
0 8 25 8 9 14 1
0 11 0 8 1 1 1
0 11 3 8 1 1 2
0 11 14 8 1 2 1
0 11 14 8 1 3 1
0 11 14 8 1 4 1
0 11 14 8 1 5 1
0 11 14 8 1 6 1
0 11 22 8 1 7 1
0 11 10 8 1 8 1
0 2 4 8 2 0 1
0 2 4 8 2 0 2
0 2 4 8 2 1 1
0 2 4 8 2 1 2
0 2 4 8 2 2 1
0 2 4 8 2 2 2
0 4 26 8 2 3 1
0 2 15 8 2 4 1
0 2 26 8 2 5 1
0 7 25 8 2 6 1
0 2 25 8 2 7 1
0 3 0 8 3 0 1
0 3 4 8 3 0 2
0 3 25 8 3 1 1
0 3 13 8 3 2 1
0 3 12 8 3 3 1
0 3 12 8 3 4 1
0 3 12 8 3 5 1
0 3 12 8 3 6 1
0 3 11 8 3 7 1
0 3 10 8 3 8 1
0 7 3 8 4 0 1
0 7 4 8 4 0 2
0 7 3 8 4 1 1
0 7 4 8 4 1 2
0 7 3 8 4 2 1
0 7 3 8 4 2 2
0 7 3 8 4 3 1
0 7 3 8 4 3 2
0 7 3 8 4 4 1
0 7 3 8 4 4 2
0 7 3 8 4 5 1
0 7 3 8 4 5 2
0 7 3 8 4 6 1
0 7 3 8 4 6 2
0 7 3 8 4 7 1
0 7 3 8 4 7 2
0 7 26 8 4 8 1
0 7 31 8 5 0 1
0 7 15 8 5 1 1
0 7 15 8 5 2 1
0 7 26 8 5 3 1
0 7 26 8 5 4 1
0 7 26 8 5 5 1
0 7 26 8 5 6 1
0 7 25 8 5 7 1
0 7 3 8 6 0 1
0 7 4 8 6 0 2
0 7 3 8 6 1 1
0 4 4 8 6 1 2
0 7 3 8 6 2 1
0 4 4 8 6 2 2
0 7 3 8 6 3 1
0 4 3 8 6 3 2
0 5 2 8 6 4 1
0 4 3 8 6 4 2
0 4 31 8 6 5 1
0 4 15 8 6 6 1
0 4 15 8 6 7 1
0 2 15 8 6 8 1
0 12 24 8 7 0 1
0 12 23 8 7 1 1
0 12 23 8 7 2 1
0 12 11 8 7 3 1
0 12 22 8 7 4 1
0 12 21 8 7 5 1
0 12 21 8 7 6 1
0 12 31 8 8 0 1
0 12 31 8 8 1 1
0 12 14 8 8 2 1
0 12 14 8 8 3 1
0 12 25 8 8 4 1
0 12 29 8 8 5 1
0 12 24 8 8 6 1
0 12 24 8 8 7 1
0 11 0 8 9 0 1
0 11 4 8 9 0 2
0 11 31 8 9 1 1
0 11 31 8 9 2 1
0 11 31 8 9 3 1
0 11 15 8 9 4 1
0 11 30 8 9 5 1
0 11 25 8 9 6 1
0 11 25 8 9 7 1
0 11 3 8 11 0 1
0 11 4 8 11 0 2
0 11 24 8 11 1 1
0 11 24 8 11 2 1
0 11 24 8 11 3 1
0 11 28 8 11 4 1
0 11 12 8 11 5 1
0 11 23 8 11 6 1
0 11 22 8 11 7 1
0 12 5 8 13 0 1
0 12 3 8 13 0 2
0 12 0 8 13 1 1
0 12 2 8 13 1 2
0 12 13 8 13 2 1
0 12 24 8 13 3 1
0 12 24 8 13 4 1
0 12 24 8 13 5 1
0 12 22 8 13 6 1
0 2 4 8 14 1 1
0 2 4 8 14 1 2
0 2 3 8 14 2 1
0 2 4 8 14 2 2
0 2 15 8 14 3 1
0 2 15 8 14 4 1
0 2 14 8 14 5 1
0 2 12 8 14 6 1
0 2 10 8 14 7 1
0 2 21 8 14 8 1
0 9 26 9 6 10 1
0 9 26 9 6 11 1
0 9 25 9 6 12 1
0 9 25 9 6 13 1
0 3 25 9 6 14 1
0 7 25 9 7 10 1
0 3 0 9 8 10 1
0 3 3 9 8 10 2
0 3 14 9 8 11 1
0 3 14 9 8 12 1
0 3 25 9 8 13 1
0 3 22 9 8 14 1
0 3 0 9 9 10 1
0 3 3 9 9 10 2
0 3 25 9 9 11 1
0 3 13 9 9 12 1
0 3 24 9 9 13 1
0 3 24 9 9 14 1
0 3 1 9 1 1 1
0 3 3 9 1 1 2
0 3 24 9 1 2 1
0 3 12 9 1 3 1
0 3 23 9 1 4 1
0 3 22 9 1 5 1
0 3 22 9 1 6 1
0 3 10 9 1 7 1
0 11 2 9 2 0 1
0 11 3 9 2 0 2
0 11 24 9 2 1 1
0 11 23 9 2 2 1
0 11 22 9 2 3 1
0 11 22 9 2 4 1
0 11 22 9 2 5 1
0 11 22 9 2 6 1
0 11 10 9 2 7 1
0 3 1 9 3 0 1
0 3 4 9 3 0 2
0 3 0 9 3 1 1
0 3 3 9 3 1 2
0 3 0 9 3 2 1
0 3 3 9 3 2 2
0 3 14 9 3 3 1
0 3 13 9 3 4 1
0 3 12 9 3 5 1
0 3 11 9 3 6 1
0 3 11 9 3 7 1
0 3 22 9 3 8 1
0 4 26 9 4 0 1
0 4 26 9 4 1 1
0 3 15 9 4 2 1
0 3 26 9 4 3 1
0 3 26 9 4 4 1
0 3 26 9 4 5 1
0 3 25 9 4 6 1
0 3 25 9 4 7 1
0 8 3 9 6 0 1
0 8 3 9 6 0 2
0 8 25 9 6 1 1
0 8 25 9 6 2 1
0 8 13 9 6 3 1
0 8 13 9 6 4 1
0 8 24 9 6 5 1
0 8 24 9 6 6 1
0 8 24 9 6 7 1
0 7 14 9 7 0 1
0 7 14 9 7 1 1
0 7 14 9 7 2 1
0 7 14 9 7 3 1
0 7 13 9 7 4 1
0 7 13 9 7 5 1
0 7 12 9 7 6 1
0 7 23 9 7 7 1
0 7 10 9 7 8 1
0 11 0 9 8 0 1
0 11 4 9 8 0 2
0 11 13 9 8 1 1
0 11 12 9 8 2 1
0 11 12 9 8 3 1
0 11 11 9 8 4 1
0 11 10 9 8 5 1
0 11 10 9 8 6 1
0 11 10 9 8 7 1
0 11 21 9 8 8 1
0 11 3 9 9 0 1
0 11 4 9 9 0 2
0 11 0 9 9 1 1
0 11 3 9 9 1 2
0 11 22 9 9 2 1
0 11 22 9 9 3 1
0 11 22 9 9 4 1
0 11 22 9 9 5 1
0 11 22 9 9 6 1
0 11 21 9 9 7 1
0 4 3 9 10 0 1
0 4 4 9 10 0 2
0 4 3 9 10 1 1
0 4 3 9 10 1 2
0 4 3 9 10 2 1
0 5 3 9 10 2 2
0 3 3 9 10 3 1
0 5 3 9 10 3 2
0 3 15 9 10 4 1
0 3 4 9 11 0 1
0 4 4 9 11 0 2
0 3 4 9 11 1 1
0 4 3 9 11 1 2
0 3 4 9 11 2 1
0 3 3 9 11 2 2
0 3 4 9 11 3 1
0 2 3 9 11 3 2
0 3 1 9 11 4 1
0 2 3 9 11 4 2
0 7 2 9 13 0 1
0 7 3 9 13 0 2
0 7 22 9 13 1 1
0 7 22 9 13 2 1
0 7 22 9 13 3 1
0 7 22 9 13 4 1
0 7 22 9 13 5 1
0 7 22 9 13 6 1
0 7 21 9 13 7 1
0 6 3 9 14 1 1
0 6 3 9 14 1 2
0 6 25 9 14 2 1
0 6 24 9 14 3 1
0 6 24 9 14 4 1
0 5 13 9 14 5 1
0 5 23 9 14 6 1
0 5 11 9 14 7 1
0 10 26 10 0 10 1
0 10 26 10 0 11 1
0 10 25 10 0 12 1
0 10 25 10 0 13 1
0 10 25 10 0 14 1
0 2 4 10 1 10 1
0 2 4 10 1 10 2
0 2 26 10 1 11 1
0 2 14 10 1 12 1
0 2 14 10 1 13 1
0 2 11 10 1 14 1
0 2 14 10 2 10 1
0 2 14 10 2 11 1
0 2 14 10 2 12 1
0 2 25 10 2 13 1
0 2 25 10 2 14 1
0 2 25 10 3 10 1
0 2 25 10 3 11 1
0 2 25 10 3 12 1
0 2 2 10 4 10 1
0 2 4 10 4 10 2
0 2 30 10 4 11 1
0 2 25 10 4 12 1
0 2 23 10 4 13 1
0 2 10 10 4 14 1
0 3 3 10 5 10 1
0 3 3 10 5 10 2
0 3 29 10 5 11 1
0 3 12 10 5 12 1
0 3 23 10 5 13 1
0 3 22 10 5 14 1
0 3 3 10 6 10 1
0 3 4 10 6 10 2
0 3 26 10 6 11 1
0 3 29 10 7 10 1
0 3 24 10 7 11 1
0 3 24 10 7 12 1
0 3 23 10 7 13 1
0 3 10 10 7 14 1
0 3 3 10 9 10 1
0 3 4 10 9 10 2
0 3 2 10 9 11 1
0 3 4 10 9 11 2
0 3 25 10 9 12 1
0 3 24 10 9 13 1
0 3 22 10 9 14 1
0 3 0 10 10 10 1
0 3 4 10 10 10 2
0 3 26 10 10 11 1
0 3 26 10 10 12 1
0 3 14 10 10 13 1
0 3 25 10 10 14 1
0 3 3 10 11 10 1
0 3 3 10 11 10 2
0 3 1 10 11 11 1
0 3 3 10 11 11 2
0 3 24 10 11 12 1
0 3 24 10 11 13 1
0 3 21 10 11 14 1
0 3 3 10 12 10 1
0 3 4 10 12 10 2
0 3 26 10 12 11 1
0 3 26 10 12 12 1
0 3 14 10 12 13 1
0 3 10 10 12 14 1
0 3 3 10 13 10 1
0 3 4 10 13 10 2
0 3 0 10 13 11 1
0 3 3 10 13 11 2
0 3 25 10 13 12 1
0 3 25 10 13 13 1
0 3 12 10 13 14 1
0 3 4 10 14 10 1
0 3 4 10 14 10 2
0 3 4 10 14 11 1
0 3 4 10 14 11 2
0 3 3 10 14 12 1
0 3 3 10 14 12 2
0 3 12 10 14 13 1
0 3 10 10 14 14 1
0 3 31 10 15 10 1
0 3 26 10 15 11 1
0 3 25 10 15 12 1
0 3 25 10 15 13 1
0 12 0 10 1 1 1
0 9 4 10 1 1 2
0 9 30 10 1 2 1
0 9 25 10 1 3 1
0 9 25 10 1 4 1
0 9 25 10 1 5 1
0 9 25 10 1 6 1
0 9 25 10 1 7 1
0 3 25 10 2 0 1
0 3 25 10 2 1 1
0 3 25 10 2 2 1
0 3 25 10 2 3 1
0 3 24 10 2 4 1
0 3 28 10 2 5 1
0 3 23 10 2 6 1
0 4 8 10 3 0 1
0 4 4 10 3 0 2
0 4 3 10 3 1 1
0 4 3 10 3 1 2
0 4 3 10 3 2 1
0 4 3 10 3 2 2
0 4 26 10 3 3 1
0 4 25 10 3 4 1
0 4 25 10 3 5 1
0 4 24 10 3 6 1
0 3 23 10 3 7 1
0 3 3 10 4 0 1
0 3 3 10 4 0 2
0 3 15 10 4 1 1
0 3 15 10 4 2 1
0 3 14 10 4 3 1
0 3 14 10 4 4 1
0 3 14 10 4 5 1
0 3 14 10 4 6 1
0 3 11 10 4 7 1
0 3 22 10 4 8 1
0 3 14 10 5 0 1
0 3 25 10 5 1 1
0 3 25 10 5 2 1
0 3 25 10 5 3 1
0 3 25 10 5 4 1
0 3 25 10 5 5 1
0 3 25 10 5 6 1
0 3 24 10 5 7 1
0 3 3 10 6 0 1
0 3 4 10 6 0 2
0 3 12 10 6 1 1
0 3 12 10 6 2 1
0 3 12 10 6 3 1
0 3 11 10 6 4 1
0 3 10 10 6 5 1
0 3 10 10 6 6 1
0 3 10 10 6 7 1
0 3 21 10 6 8 1
0 7 7 10 7 0 1
0 7 3 10 7 0 2
0 7 24 10 7 1 1
0 7 24 10 7 2 1
0 7 24 10 7 3 1
0 7 24 10 7 4 1
0 7 23 10 7 5 1
0 7 22 10 7 6 1
0 7 22 10 7 7 1
0 3 3 10 8 0 1
0 3 4 10 8 0 2
0 3 3 10 8 1 1
0 3 4 10 8 1 2
0 3 23 10 8 2 1
0 3 11 10 8 3 1
0 3 22 10 8 4 1
0 3 22 10 8 5 1
0 3 22 10 8 6 1
0 3 22 10 8 7 1
0 6 3 10 9 0 1
0 6 3 10 9 0 2
0 6 2 10 9 1 1
0 6 3 10 9 1 2
0 6 1 10 9 2 1
0 6 3 10 9 2 2
0 6 13 10 9 3 1
0 6 13 10 9 4 1
0 6 13 10 9 5 1
0 6 12 10 9 6 1
0 6 11 10 9 7 1
0 6 22 10 9 8 1
0 3 3 10 10 0 1
0 3 3 10 10 0 2
0 3 23 10 10 1 1
0 3 23 10 10 2 1
0 3 23 10 10 3 1
0 3 11 10 10 4 1
0 3 22 10 10 5 1
0 3 22 10 10 6 1
0 3 21 10 10 7 1
0 8 0 10 11 0 1
0 8 4 10 11 0 2
0 8 15 10 11 1 1
0 8 14 10 11 2 1
0 8 14 10 11 3 1
0 8 13 10 11 4 1
0 8 13 10 11 5 1
0 8 12 10 11 6 1
0 8 12 10 11 7 1
0 8 21 10 11 8 1
0 3 8 10 12 0 1
0 3 3 10 12 0 2
0 3 8 10 12 1 1
0 3 2 10 12 1 2
0 3 7 10 12 2 1
0 3 1 10 12 2 2
0 3 7 10 12 3 1
0 3 1 10 12 3 2
0 3 6 10 12 4 1
0 3 0 10 12 4 2
0 3 12 10 12 5 1
0 3 23 10 12 6 1
0 3 23 10 12 7 1
0 3 4 10 13 0 1
0 3 4 10 13 0 2
0 3 3 10 13 1 1
0 3 4 10 13 1 2
0 3 22 10 13 2 1
0 3 22 10 13 3 1
0 3 22 10 13 4 1
0 3 10 10 13 5 1
0 3 21 10 13 6 1
0 3 21 10 13 7 1
0 5 3 10 14 1 1
0 5 4 10 14 1 2
0 5 26 10 14 2 1
0 5 25 10 14 3 1
0 5 25 10 14 4 1
0 5 24 10 14 5 1
0 5 24 10 14 6 1
0 5 24 10 14 7 1
0 11 25 11 0 10 1
0 9 0 11 1 10 1
0 9 2 11 1 10 2
0 9 12 11 1 11 1
0 9 12 11 1 12 1
0 9 12 11 1 13 1
0 7 3 11 2 10 1
0 7 3 11 2 10 2
0 7 25 11 2 11 1
0 7 23 11 2 12 1
0 7 22 11 2 13 1
0 7 22 11 2 14 1
0 11 3 11 3 10 1
0 11 3 11 3 10 2
0 11 14 11 3 11 1
0 11 25 11 3 12 1
0 11 25 11 3 13 1
0 11 13 11 3 14 1
0 9 0 11 4 10 1
0 9 3 11 4 10 2
0 9 24 11 4 11 1
0 9 23 11 4 12 1
0 9 23 11 4 13 1
0 9 11 11 4 14 1
0 6 3 11 5 10 1
0 2 3 11 5 10 2
0 2 26 11 5 11 1
0 2 26 11 5 12 1
0 2 26 11 5 13 1
0 6 12 11 5 14 1
0 2 3 11 6 10 1
0 2 3 11 6 10 2
0 2 26 11 6 11 1
0 2 26 11 6 12 1
0 2 26 11 6 13 1
0 2 3 11 7 10 1
0 2 3 11 7 10 2
0 2 26 11 7 11 1
0 2 3 11 8 10 1
0 2 4 11 8 10 2
0 2 26 11 8 11 1
0 2 14 11 8 12 1
0 2 25 11 8 13 1
0 2 10 11 8 14 1
0 2 26 11 9 10 1
0 2 26 11 9 11 1
0 2 26 11 9 12 1
0 2 14 11 9 13 1
0 12 22 11 1 1 1
0 12 22 11 1 2 1
0 12 22 11 1 3 1
0 12 22 11 1 4 1
0 11 15 11 2 0 1
0 11 15 11 2 1 1
0 11 15 11 2 2 1
0 11 15 11 2 3 1
0 2 15 11 2 4 1
0 2 15 11 2 5 1
0 2 26 11 2 6 1
0 11 11 11 2 7 1
0 11 11 11 2 8 1
0 3 3 11 3 0 1
0 7 3 11 3 0 2
0 3 15 11 3 1 1
0 3 15 11 3 2 1
0 3 26 11 3 3 1
0 3 26 11 3 4 1
0 3 26 11 3 5 1
0 10 25 11 3 6 1
0 3 21 11 3 7 1
0 7 15 11 4 0 1
0 7 26 11 4 1 1
0 7 26 11 4 2 1
0 7 26 11 4 3 1
0 4 26 11 4 4 1
0 12 23 11 5 0 1
0 12 23 11 5 1 1
0 12 23 11 5 2 1
0 12 23 11 5 3 1
0 12 23 11 5 4 1
0 12 11 11 5 5 1
0 12 10 11 5 6 1
0 12 10 11 5 7 1
0 6 0 11 6 0 1
0 6 2 11 6 0 2
0 6 11 11 6 1 1
0 6 11 11 6 2 1
0 6 11 11 6 3 1
0 6 11 11 6 4 1
0 6 11 11 6 5 1
0 6 11 11 6 6 1
0 6 10 11 6 7 1
0 6 21 11 6 8 1
0 11 24 11 7 0 1
0 11 23 11 7 1 1
0 11 11 11 7 2 1
0 11 22 11 7 3 1
0 11 22 11 7 4 1
0 11 21 11 7 5 1
0 6 3 11 8 0 1
0 6 3 11 8 0 2
0 6 3 11 8 1 1
0 6 3 11 8 1 2
0 6 0 11 8 2 1
0 6 3 11 8 2 2
0 6 23 11 8 3 1
0 6 11 11 8 4 1
0 6 22 11 8 5 1
0 6 22 11 8 6 1
0 6 22 11 8 7 1
0 6 26 11 9 0 1
0 4 15 11 9 1 1
0 3 26 11 9 2 1
0 2 15 11 9 3 1
0 2 15 11 9 4 1
0 2 26 11 9 5 1
0 2 26 11 9 6 1
0 2 26 11 9 7 1
0 2 3 11 12 0 1
0 4 3 11 12 0 2
0 2 26 11 12 1 1
0 2 26 11 12 2 1
0 2 26 11 12 3 1
0 2 26 11 12 4 1
0 2 26 11 12 5 1
0 2 26 11 12 6 1
0 2 26 11 12 7 1
0 3 2 11 13 0 1
0 3 3 11 13 0 2
0 3 15 11 13 1 1
0 3 15 11 13 2 1
0 3 15 11 13 3 1
0 3 15 11 13 4 1
0 3 14 11 13 5 1
0 3 24 11 13 6 1
0 3 10 11 13 7 1
0 3 10 11 13 8 1
0 2 2 11 14 1 1
0 2 3 11 14 1 2
0 2 2 11 14 2 1
0 2 3 11 14 2 2
0 2 0 11 14 3 1
0 2 3 11 14 3 2
0 2 25 11 14 4 1
0 2 25 11 14 5 1
0 2 25 11 14 6 1
0 2 10 11 14 7 1
0 4 31 12 0 10 1
0 4 30 12 0 11 1
0 4 14 12 0 12 1
0 11 31 12 1 10 1
0 11 13 12 1 11 1
0 11 22 12 1 12 1
0 11 22 12 1 13 1
0 11 21 12 1 14 1
0 4 30 12 2 10 1
0 4 30 12 2 11 1
0 3 26 12 3 10 1
0 3 14 12 4 10 1
0 3 24 12 4 11 1
0 3 24 12 4 12 1
0 3 12 12 4 13 1
0 4 30 12 5 10 1
0 2 15 12 6 10 1
0 2 26 12 6 11 1
0 2 26 12 6 12 1
0 2 26 12 6 13 1
0 2 3 12 7 10 1
0 2 3 12 7 10 2
0 2 3 12 7 11 1
0 2 3 12 7 11 2
0 2 3 12 7 12 1
0 2 3 12 7 12 2
0 2 2 12 7 13 1
0 2 2 12 7 13 2
0 2 0 12 7 14 1
0 2 0 12 7 14 2
0 4 15 12 8 10 1
0 4 26 12 8 11 1
0 2 26 12 8 12 1
0 2 15 12 8 13 1
0 2 31 12 9 10 1
0 2 31 12 9 11 1
0 2 26 12 9 12 1
0 2 25 12 9 13 1
0 2 13 12 9 14 1
0 2 3 12 10 10 1
0 2 4 12 10 10 2
0 2 25 12 10 11 1
0 2 25 12 10 12 1
0 2 25 12 10 13 1
0 2 12 12 10 14 1
0 2 3 12 11 10 1
0 2 4 12 11 10 2
0 2 3 12 11 11 1
0 2 4 12 11 11 2
0 2 25 12 11 12 1
0 2 25 12 11 13 1
0 2 22 12 11 14 1
0 2 31 12 12 10 1
0 2 26 12 12 11 1
0 2 14 12 12 12 1
0 2 24 12 12 13 1
0 2 31 12 13 10 1
0 2 26 12 13 11 1
0 2 26 12 13 12 1
0 2 31 12 14 10 1
0 2 26 12 14 11 1
0 2 25 12 14 12 1
0 2 23 12 14 13 1
0 2 23 12 14 14 1
0 10 30 12 15 10 1
0 10 25 12 15 11 1
0 10 25 12 15 12 1
0 2 14 12 15 13 1
0 2 25 12 15 14 1
0 8 24 12 1 1 1
0 8 28 12 1 2 1
0 8 28 12 1 3 1
0 8 28 12 1 4 1
0 8 12 12 1 5 1
0 8 23 12 1 6 1
0 8 22 12 1 7 1
0 11 3 12 2 0 1
0 11 4 12 2 0 2
0 11 25 12 2 1 1
0 11 25 12 2 2 1
0 11 25 12 2 3 1
0 11 24 12 2 4 1
0 11 24 12 2 5 1
0 11 12 12 2 6 1
0 11 12 12 2 7 1
0 7 7 12 3 0 1
0 7 3 12 3 0 2
0 7 22 12 3 1 1
0 7 22 12 3 2 1
0 7 22 12 3 3 1
0 7 21 12 3 4 1
0 7 21 12 3 5 1
0 7 21 12 3 6 1
0 7 21 12 3 7 1
0 8 24 12 4 0 1
0 8 12 12 4 1 1
0 8 4 12 5 0 1
0 8 4 12 5 0 2
0 7 3 12 5 1 1
0 8 4 12 5 1 2
0 6 2 12 5 2 1
0 8 4 12 5 2 2
0 4 15 12 5 3 1
0 4 26 12 5 4 1
0 4 26 12 5 5 1
0 4 26 12 5 6 1
0 6 23 12 5 7 1
0 3 0 12 6 0 1
0 3 4 12 6 0 2
0 3 23 12 6 1 1
0 3 23 12 6 2 1
0 3 23 12 6 3 1
0 3 23 12 6 4 1
0 3 23 12 6 5 1
0 3 22 12 6 6 1
0 3 21 12 6 7 1
0 3 8 12 7 0 1
0 3 3 12 7 0 2
0 3 7 12 7 1 1
0 3 1 12 7 1 2
0 3 25 12 7 2 1
0 3 24 12 7 3 1
0 3 24 12 7 4 1
0 3 23 12 7 5 1
0 3 23 12 7 6 1
0 3 23 12 7 7 1
0 4 0 12 8 0 1
0 4 2 12 8 0 2
0 4 13 12 8 1 1
0 4 13 12 8 2 1
0 4 11 12 8 3 1
0 4 10 12 8 4 1
0 4 27 12 8 5 1
0 3 21 12 8 6 1
0 3 21 12 8 7 1
0 4 3 12 9 0 1
0 2 4 12 9 0 2
0 2 3 12 9 1 1
0 2 3 12 9 1 2
0 2 3 12 9 2 1
0 2 3 12 9 2 2
0 2 26 12 9 3 1
0 2 14 12 9 4 1
0 2 25 12 9 5 1
0 2 25 12 9 6 1
0 2 23 12 9 7 1
0 3 3 12 10 0 1
0 3 3 12 10 0 2
0 3 0 12 10 1 1
0 3 3 12 10 1 2
0 3 30 12 10 2 1
0 3 25 12 10 3 1
0 3 23 12 10 4 1
0 3 10 12 10 5 1
0 3 10 12 10 6 1
0 3 21 12 10 7 1
0 4 4 12 11 0 1
0 4 4 12 11 0 2
0 4 26 12 11 1 1
0 4 26 12 11 2 1
0 4 26 12 11 3 1
0 4 26 12 11 4 1
0 4 26 12 11 5 1
0 4 26 12 11 6 1
0 4 25 12 11 7 1
0 5 3 12 12 0 1
0 5 4 12 12 0 2
0 5 3 12 12 1 1
0 5 3 12 12 1 2
0 6 2 12 12 2 1
0 5 3 12 12 2 2
0 5 1 12 12 3 1
0 5 3 12 12 3 2
0 6 14 12 12 4 1
0 5 14 12 12 5 1
0 4 14 12 12 6 1
0 4 25 12 12 7 1
0 4 13 12 12 8 1
0 12 0 12 13 0 1
0 12 3 12 13 0 2
0 12 10 12 13 1 1
0 2 8 12 14 1 1
0 2 4 12 14 1 2
0 2 1 12 14 2 1
0 2 3 12 14 2 2
0 2 15 12 14 3 1
0 2 14 12 14 4 1
0 2 14 12 14 5 1
0 2 14 12 14 6 1
0 2 11 12 14 7 1
0 2 22 12 14 8 1
0 9 26 13 6 10 1
0 9 26 13 6 11 1
0 9 30 13 6 12 1
0 9 25 13 6 13 1
0 9 25 13 6 14 1
0 12 3 13 7 10 1
0 12 3 13 7 10 2
0 12 31 13 7 11 1
0 12 31 13 7 12 1
0 12 14 13 7 13 1
0 12 25 13 7 14 1
0 6 4 13 8 10 1
0 6 4 13 8 10 2
0 6 3 13 8 11 1
0 6 3 13 8 11 2
0 6 26 13 8 12 1
0 6 26 13 8 13 1
0 6 23 13 8 14 1
0 7 7 13 9 10 1
0 7 3 13 9 10 2
0 7 31 13 9 11 1
0 7 31 13 9 12 1
0 7 31 13 9 13 1
0 7 25 13 9 14 1
0 7 30 13 10 10 1
0 7 30 13 10 11 1
0 3 3 13 11 10 1
0 3 4 13 11 10 2
0 3 15 13 11 11 1
0 3 25 13 11 12 1
0 3 25 13 12 10 1
0 7 30 13 13 10 1
0 7 30 13 13 11 1
0 7 22 13 13 12 1
0 7 30 13 14 10 1
0 3 3 13 15 10 1
0 3 3 13 15 10 2
0 3 25 13 15 11 1
0 3 25 13 15 12 1
0 3 22 13 15 13 1
0 3 22 13 15 14 1
0 11 25 13 2 0 1
0 2 26 13 3 0 1
0 2 26 13 3 1 1
0 2 26 13 3 2 1
0 2 26 13 3 3 1
0 2 25 13 3 4 1
0 2 25 13 3 5 1
0 2 25 13 3 6 1
0 11 13 13 3 7 1
0 2 3 13 4 0 1
0 2 4 13 4 0 2
0 2 3 13 4 1 1
0 2 4 13 4 1 2
0 2 3 13 4 2 1
0 2 4 13 4 2 2
0 2 3 13 4 3 1
0 2 3 13 4 3 2
0 2 3 13 4 4 1
0 2 3 13 4 4 2
0 2 3 13 4 5 1
0 2 3 13 4 5 2
0 2 3 13 4 6 1
0 2 3 13 4 6 2
0 2 2 13 4 7 1
0 2 3 13 4 7 2
0 2 26 13 4 8 1
0 6 4 13 5 0 1
0 6 4 13 5 0 2
0 6 4 13 5 1 1
0 6 4 13 5 1 2
0 6 4 13 5 2 1
0 6 4 13 5 2 2
0 6 4 13 5 3 1
0 6 4 13 5 3 2
0 6 4 13 5 4 1
0 6 4 13 5 4 2
0 6 4 13 5 5 1
0 6 4 13 5 5 2
0 6 4 13 5 6 1
0 6 4 13 5 6 2
0 6 3 13 5 7 1
0 6 3 13 5 7 2
0 6 22 13 5 8 1
0 4 3 13 6 0 1
0 4 4 13 6 0 2
0 4 15 13 6 1 1
0 4 26 13 6 2 1
0 9 25 13 6 3 1
0 9 25 13 6 4 1
0 7 25 13 7 0 1
0 7 25 13 7 1 1
0 7 24 13 7 2 1
0 7 24 13 7 3 1
0 7 24 13 7 4 1
0 7 22 13 7 5 1
0 5 3 13 8 0 1
0 3 4 13 8 0 2
0 5 2 13 8 1 1
0 3 2 13 8 1 2
0 5 1 13 8 2 1
0 3 0 13 8 2 2
0 7 23 13 8 3 1
0 3 23 13 8 4 1
0 2 22 13 8 5 1
0 7 25 13 9 0 1
0 6 14 13 9 1 1
0 6 14 13 9 2 1
0 6 25 13 9 3 1
0 6 25 13 9 4 1
0 6 25 13 9 5 1
0 6 25 13 9 6 1
0 6 24 13 9 7 1
0 12 0 13 10 0 1
0 12 3 13 10 0 2
0 12 23 13 10 1 1
0 12 11 13 10 2 1
0 12 22 13 10 3 1
0 12 22 13 10 4 1
0 12 10 13 10 5 1
0 12 10 13 10 6 1
0 12 21 13 10 7 1
0 8 3 13 11 0 1
0 8 4 13 11 0 2
0 8 3 13 11 1 1
0 8 4 13 11 1 2
0 8 14 13 11 2 1
0 8 14 13 11 3 1
0 8 25 13 11 4 1
0 8 25 13 11 5 1
0 8 25 13 11 6 1
0 8 13 13 11 7 1
0 7 0 13 12 0 1
0 7 1 13 12 0 2
0 7 23 13 12 1 1
0 7 22 13 12 2 1
0 7 22 13 12 3 1
0 7 22 13 12 4 1
0 7 22 13 12 5 1
0 9 24 13 13 0 1
0 12 25 13 14 1 1
0 12 13 13 14 2 1
0 12 13 13 14 3 1
0 12 24 13 14 4 1
0 12 21 13 14 5 1
0 12 21 13 14 6 1
0 4 31 15 6 10 1
0 2 31 15 6 11 1
0 2 24 15 6 12 1
0 2 24 15 6 13 1
0 2 24 15 6 14 1
0 2 24 15 6 15 1
0 2 24 15 6 16 1
0 3 4 15 7 10 1
0 6 4 15 7 10 2
0 3 26 15 7 11 1
0 3 26 15 7 12 1
0 3 25 15 7 13 1
0 3 25 15 7 14 1
0 3 25 15 7 15 1
0 3 24 15 7 16 1
0 2 4 15 8 10 1
0 2 4 15 8 10 2
0 2 4 15 8 11 1
0 2 4 15 8 11 2
0 2 2 15 8 12 1
0 2 2 15 8 12 2
0 2 14 15 8 13 1
0 2 25 15 8 14 1
0 11 25 15 8 15 1
0 5 3 15 9 10 1
0 5 4 15 9 10 2
0 5 3 15 9 11 1
0 5 3 15 9 11 2
0 5 3 15 9 12 1
0 5 3 15 9 12 2
0 5 25 15 9 13 1
0 5 24 15 9 14 1
0 5 23 15 9 15 1
0 5 23 15 9 16 1
0 5 3 15 1 2 1
0 2 4 15 1 2 2
0 3 3 15 1 3 1
0 2 3 15 1 3 2
0 2 3 15 1 4 1
0 2 3 15 1 4 2
0 2 3 15 1 5 1
0 2 3 15 1 5 2
0 2 3 15 1 6 1
0 2 3 15 1 6 2
0 2 3 15 1 7 1
0 2 3 15 1 7 2
0 2 25 15 1 8 1
0 5 0 15 2 2 1
0 5 0 15 2 2 2
0 5 11 15 2 3 1
0 5 22 15 2 4 1
0 3 21 15 2 5 1
0 2 3 15 3 2 1
0 7 4 15 3 2 2
0 7 2 15 3 3 1
0 2 4 15 3 3 2
0 2 2 15 3 4 1
0 2 4 15 3 4 2
0 2 0 15 3 5 1
0 2 4 15 3 5 2
0 2 15 15 3 6 1
0 2 15 15 3 7 1
0 2 26 15 3 8 1
0 2 3 15 4 2 1
0 2 3 15 4 2 2
0 2 26 15 4 3 1
0 2 26 15 4 4 1
0 2 26 15 4 5 1
0 2 25 15 4 6 1
0 2 25 15 4 7 1
0 5 3 15 5 2 1
0 2 4 15 5 2 2
0 7 25 15 10 2 1
0 7 25 15 10 3 1
0 7 22 15 10 4 1
0 7 10 15 10 5 1
0 7 21 15 10 6 1
0 7 21 15 10 7 1
0 7 3 15 11 2 1
0 7 3 15 11 2 2
0 3 2 15 11 3 1
0 7 3 15 11 3 2
0 3 15 15 11 4 1
0 3 25 15 11 5 1
0 3 25 15 11 6 1
0 3 25 15 11 7 1
0 3 3 15 12 2 1
0 2 4 15 12 2 2
0 3 3 15 12 3 1
0 2 4 15 12 3 2
0 3 3 15 13 2 1
0 3 4 15 13 2 2
0 3 3 15 13 3 1
0 3 3 15 13 3 2
0 3 15 15 13 4 1
0 3 15 15 13 5 1
0 3 26 15 13 6 1
0 3 14 15 13 7 1
0 3 14 15 13 8 1
0 11 4 15 14 2 1
0 11 4 15 14 2 2
0 11 3 15 14 3 1
0 11 4 15 14 3 2
0 11 15 15 14 4 1
0 11 15 15 14 5 1
0 11 15 15 14 6 1
0 11 15 15 14 7 1
0 11 26 15 14 8 1
0 3 24 16 6 10 1
0 3 22 16 6 11 1
0 8 24 16 7 10 1
0 3 0 16 8 10 1
0 3 0 16 8 10 2
0 3 0 16 9 10 1
0 3 3 16 9 10 2
0 3 25 16 9 11 1
0 3 13 16 9 12 1
0 3 24 16 9 13 1
0 3 12 16 9 14 1
0 3 23 16 9 15 1
0 3 22 16 9 16 1
0 2 8 16 10 10 1
0 2 0 16 10 10 2
0 2 7 16 10 11 1
0 2 0 16 10 11 2
0 2 24 16 10 12 1
0 2 12 16 10 13 1
0 2 23 16 10 14 1
0 2 4 16 11 10 1
0 2 4 16 11 10 2
0 2 8 16 11 11 1
0 2 4 16 11 11 2
0 2 15 16 11 12 1
0 2 15 16 11 13 1
0 2 26 16 11 14 1
0 2 26 16 11 15 1
0 2 3 16 12 10 1
0 2 4 16 12 10 2
0 2 3 16 12 11 1
0 2 4 16 12 11 2
0 2 3 16 12 12 1
0 2 4 16 12 12 2
0 2 3 16 12 13 1
0 2 0 16 12 13 2
0 2 25 16 12 14 1
0 2 25 16 12 15 1
0 2 11 16 12 16 1
0 5 3 16 13 10 1
0 2 4 16 13 10 2
0 2 26 16 13 11 1
0 2 26 16 13 12 1
0 2 26 16 13 13 1
0 2 25 16 13 14 1
0 2 25 16 13 15 1
0 2 24 16 13 16 1
0 2 7 16 14 10 1
0 2 4 16 14 10 2
0 2 26 16 14 11 1
0 2 26 16 14 12 1
0 2 26 16 14 13 1
0 2 26 16 14 14 1
0 2 24 16 14 15 1
0 2 12 16 14 16 1
0 2 8 16 15 10 1
0 2 3 16 15 10 2
0 2 26 16 15 11 1
0 2 26 16 15 12 1
0 2 26 16 15 13 1
0 2 26 16 15 14 1
0 2 26 16 15 15 1
0 6 3 16 1 3 1
0 6 3 16 1 3 2
0 6 30 16 1 4 1
0 6 30 16 1 5 1
0 4 24 16 1 6 1
0 2 22 16 1 7 1
0 7 31 16 2 3 1
0 7 26 16 2 4 1
0 7 30 16 2 5 1
0 7 22 16 2 6 1
0 7 22 16 2 7 1
0 7 15 16 3 2 1
0 4 26 16 3 3 1
0 3 15 16 3 4 1
0 3 26 16 3 5 1
0 2 26 16 3 6 1
0 7 25 16 3 7 1
0 7 3 16 4 2 1
0 7 4 16 4 2 2
0 7 3 16 4 3 1
0 7 4 16 4 3 2
0 7 3 16 4 4 1
0 7 4 16 4 4 2
0 7 5 16 4 5 1
0 7 4 16 4 5 2
0 7 14 16 4 6 1
0 7 25 16 4 7 1
0 7 10 16 4 8 1
0 7 25 16 5 2 1
0 7 25 16 5 3 1
0 6 25 16 5 4 1
0 11 30 16 6 2 1
0 11 8 16 7 2 1
0 11 1 16 7 2 2
0 11 30 16 7 3 1
0 4 30 16 8 2 1
0 4 30 16 8 3 1
0 4 30 16 8 4 1
0 4 30 16 8 5 1
0 4 25 16 8 6 1
0 4 25 16 8 7 1
0 11 31 16 9 2 1
0 11 31 16 9 3 1
0 11 31 16 9 4 1
0 11 13 16 9 5 1
0 11 22 16 9 6 1
0 7 3 16 10 2 1
0 7 3 16 10 2 2
0 7 3 16 10 3 1
0 7 3 16 10 3 2
0 7 3 16 10 4 1
0 7 3 16 10 4 2
0 7 25 16 10 5 1
0 7 25 16 10 6 1
0 7 25 16 10 7 1
0 2 31 16 11 2 1
0 2 26 16 11 3 1
0 2 24 16 11 4 1
0 2 23 16 11 5 1
0 2 21 16 11 6 1
0 2 15 16 12 2 1
0 2 15 16 12 3 1
0 2 15 16 12 4 1
0 2 15 16 12 5 1
0 2 15 16 12 6 1
0 2 14 16 12 7 1
0 2 25 16 12 8 1
0 2 23 16 13 3 1
0 2 23 16 13 4 1
0 2 23 16 13 5 1
0 2 22 16 13 6 1
0 7 10 16 13 7 1
0 6 4 16 14 3 1
0 6 4 16 14 3 2
0 6 3 16 14 4 1
0 6 4 16 14 4 2
0 6 3 16 14 5 1
0 6 4 16 14 5 2
0 6 26 16 14 6 1
0 6 12 16 14 7 1
0 6 11 16 14 8 1
0 11 10 17 7 10 1
0 11 10 17 7 11 1
0 11 31 17 10 10 1
0 11 31 17 10 11 1
0 11 25 17 10 12 1
0 11 25 17 10 13 1
0 11 12 17 10 14 1
0 11 22 17 10 15 1
0 11 21 17 10 16 1
0 6 11 17 1 4 1
0 6 11 17 1 5 1
0 6 22 17 1 6 1
0 10 15 17 2 4 1
0 10 25 17 2 5 1
0 10 22 17 2 6 1
0 10 22 17 2 7 1
0 6 0 17 3 3 1
0 6 3 17 3 3 2
0 10 30 17 3 4 1
0 6 30 17 3 5 1
0 6 25 17 3 6 1
0 6 22 17 3 7 1
0 2 3 17 5 3 1
0 2 3 17 5 3 2
0 2 25 17 5 4 1
0 2 28 17 5 5 1
0 2 22 17 5 6 1
0 2 21 17 5 7 1
0 4 26 17 6 3 1
0 4 30 17 6 4 1
0 4 30 17 6 5 1
0 3 25 17 6 6 1
0 3 21 17 6 7 1
0 4 26 17 7 3 1
0 2 26 17 7 4 1
0 2 26 17 7 5 1
0 2 24 17 7 6 1
0 7 22 17 8 3 1
0 4 26 17 9 3 1
0 4 30 17 9 4 1
0 4 30 17 9 5 1
0 4 3 17 10 3 1
0 7 3 17 10 3 2
0 2 14 17 10 4 1
0 2 1 17 11 3 1
0 2 3 17 11 3 2
0 4 0 17 12 3 1
0 4 3 17 12 3 2
0 4 30 17 12 4 1
0 4 30 17 12 5 1
0 4 25 17 12 6 1
0 4 30 17 13 4 1
0 4 30 17 13 5 1
0 2 3 17 14 4 1
0 2 3 17 14 4 2
0 2 3 17 14 5 1
0 2 3 17 14 5 2
0 2 2 17 14 6 1
0 2 3 17 14 6 2
0 2 26 17 14 7 1
0 2 14 17 14 8 1
0 8 23 18 10 10 1
0 9 0 18 11 10 1
0 9 4 18 11 10 2
0 9 0 18 11 11 1
0 9 4 18 11 11 2
0 9 25 18 11 12 1
0 9 25 18 11 13 1
0 9 24 18 11 14 1
0 9 23 18 11 15 1
0 9 21 18 11 16 1
0 7 23 18 12 10 1
0 10 25 18 13 10 1
0 9 2 18 14 10 1
0 9 2 18 14 10 2
0 9 26 18 14 11 1
0 9 25 18 14 12 1
0 9 31 18 15 10 1
0 9 25 18 15 11 1
0 8 23 18 15 12 1
0 8 23 18 15 13 1
0 8 11 18 15 14 1
0 2 4 18 2 5 1
0 2 4 18 2 5 2
0 2 22 18 2 6 1
0 2 22 18 2 7 1
0 2 13 18 5 4 1
0 2 22 18 5 5 1
0 2 22 18 5 6 1
0 12 21 18 5 7 1
0 7 30 18 7 4 1
0 7 22 18 7 5 1
0 7 10 18 7 6 1
0 7 10 18 7 7 1
0 6 0 18 9 4 1
0 1 4 18 9 4 2
0 10 25 18 14 5 1
0 10 22 18 14 6 1
0 3 1 19 10 10 1
0 3 3 19 10 10 2
0 3 0 19 10 11 1
0 3 1 19 10 11 2
0 3 23 19 10 12 1
0 3 11 19 10 13 1
0 3 22 19 10 14 1
0 3 21 19 10 15 1
0 3 5 19 11 10 1
0 3 3 19 11 10 2
0 3 25 19 11 11 1
0 3 25 19 11 12 1
0 3 23 19 11 13 1
0 3 11 19 11 14 1
0 3 10 19 11 15 1
0 3 21 19 11 16 1
0 6 13 19 14 10 1
0 5 22 19 15 10 1
0 3 0 19 4 5 1
0 3 0 19 4 5 2
0 7 23 19 5 5 1
0 6 24 19 6 5 1
0 6 21 19 6 6 1
0 6 30 19 7 5 1
0 6 23 19 7 6 1
0 4 22 19 7 7 1
0 5 23 19 8 5 1
0 5 0 19 9 5 1
0 5 0 19 9 5 2
0 6 25 19 13 6 1
0 6 23 19 13 7 1
0 7 0 19 14 6 1
0 7 0 19 14 6 2
0 7 22 19 14 7 1
0 7 22 20 0 10 1
0 7 22 20 0 11 1
0 7 22 20 0 12 1
0 7 10 20 0 13 1
0 7 10 20 0 14 1
0 7 21 20 0 15 1
0 7 21 20 0 16 1
0 9 0 20 1 10 1
0 6 2 20 1 10 2
0 7 1 20 2 10 1
0 4 4 20 2 10 2
0 2 15 20 4 10 1
0 2 15 20 4 11 1
0 2 25 20 4 12 1
0 2 25 20 4 13 1
0 7 25 20 5 10 1
0 7 24 20 5 11 1
0 7 11 20 5 12 1
0 7 22 20 5 13 1
0 7 22 20 5 14 1
0 7 22 20 5 15 1
0 7 22 20 5 16 1
0 7 13 20 6 10 1
0 7 24 20 6 11 1
0 7 24 20 6 12 1
0 7 21 20 6 13 1
0 7 14 20 7 10 1
0 5 13 20 7 11 1
0 5 13 20 7 12 1
0 5 23 20 7 13 1
0 5 22 20 7 14 1
0 2 10 20 7 15 1
0 2 21 20 7 16 1
0 2 25 20 8 10 1
0 7 26 20 9 10 1
0 7 26 20 9 11 1
0 7 24 20 9 12 1
0 7 12 20 9 13 1
0 7 23 20 9 14 1
0 7 11 20 9 15 1
0 7 22 20 9 16 1
0 6 3 20 10 10 1
0 6 3 20 10 10 2
0 2 26 20 10 11 1
0 2 26 20 10 12 1
0 6 3 20 12 10 1
0 6 4 20 12 10 2
0 6 2 20 12 11 1
0 6 3 20 12 11 2
0 6 2 20 12 12 1
0 6 3 20 12 12 2
0 6 0 20 12 13 1
0 6 3 20 12 13 2
0 6 22 20 12 14 1
0 6 22 20 12 15 1
0 6 21 20 12 16 1
0 2 2 20 14 10 1
0 2 3 20 14 10 2
0 2 25 20 14 11 1
0 2 25 20 14 12 1
0 2 25 20 14 13 1
1 3 10
1 3 23
1 3 14
1 3 24
1 3 25
1 3 23
1 3 1
1 3 23
1 3 0
1 3 3
1 3 24
1 3 25
1 3 23
1 3 24
1 3 24
1 3 24
1 3 2
1 3 22
1 3 24
1 3 22
1 3 25
1 3 24
1 3 4
1 3 25
1 3 23
1 3 23
1 3 21
1 3 11
1 4 26
1 4 3
1 4 25
1 4 25
1 4 25
1 4 3
1 4 3
1 4 25
1 4 26
1 4 25
1 4 3
1 4 26
1 4 4
1 4 26
1 4 26
1 4 26
1 4 26
1 4 24
1 4 25
1 4 26
1 4 26
1 4 25
1 4 25
1 4 10
1 4 25
1 4 3
1 4 25
1 4 26
1 4 26
1 4 26
1 4 14
1 4 4
1 4 22
1 4 25
1 4 26
1 4 14
1 4 25
1 4 26
1 4 26
1 4 25
1 4 4
1 4 26
1 4 26
1 4 4
1 4 25
1 4 25
1 4 25
1 4 26
1 4 14
1 4 26
1 4 26
1 4 26
1 4 25
1 4 14
1 4 26
1 4 4
1 4 25
1 4 26
1 4 4
1 4 25
1 4 4
1 4 25
1 4 25
1 4 26
1 4 14
1 4 26
1 4 26
1 4 25
1 4 26
1 4 25
1 4 26
1 4 26
1 4 26
1 4 26
1 4 23
1 4 25
1 4 25
1 4 26
1 4 26
1 4 26
1 4 26
1 4 3
1 4 25
1 4 3
1 4 25
1 4 26
1 4 26
1 4 26
1 4 4
1 4 30
1 4 25
1 4 25
1 4 25
1 4 26
1 4 14
1 4 4
1 4 26
1 4 0
1 4 26
1 4 25
1 4 26
1 4 26
1 4 26
1 4 3
1 4 26
1 4 14
1 4 25
1 4 26
1 4 21
1 4 23
1 4 26
1 4 22
1 4 3
1 4 30
1 4 26
1 4 25
1 4 10
1 4 4
1 4 14
1 4 4
1 4 26
1 4 26
1 4 26
1 4 26
1 4 25
1 4 25
1 4 4
1 4 25
1 4 25
1 4 26
1 4 4
1 4 26
1 4 25
1 4 25
1 4 25
1 4 25
1 4 25
1 4 25
1 4 25
1 4 25
1 4 3
1 4 14
1 4 26
1 4 26
1 4 26
1 4 26
1 4 25
1 4 26
1 4 26
1 4 4
1 4 25
1 4 25
1 4 3
1 4 26
1 4 26
1 4 26
1 4 26
1 4 25
1 4 3
1 4 26
1 4 25
1 4 26
1 4 26
1 4 26
1 4 0
1 4 3
1 4 26
1 4 26
1 4 1
1 4 25
1 4 25
1 4 14
1 4 26
1 4 26
1 4 22
1 4 25
1 4 25
1 4 4
1 4 26
1 4 3
1 4 4
1 4 24
1 4 25
1 4 25
1 4 4
1 4 26
1 4 25
1 4 25
1 4 30
1 4 0
1 4 3
1 4 25
1 4 26
1 4 25
1 4 4
1 4 13
1 4 26
1 4 4
1 4 26
1 4 26
1 4 14
1 4 25
1 4 26
1 4 26
1 4 25
1 4 26
1 4 14
1 4 25
1 4 4
1 4 25
1 4 26
1 4 26
1 4 26
1 4 3
1 4 26
1 4 14
1 4 26
1 4 26
1 4 26
1 4 3
1 4 14
1 4 26
1 4 25
1 4 14
1 4 4
1 4 4
1 4 26
1 4 26
1 4 26
1 4 3
1 4 26
1 4 3
1 4 25
1 4 3
1 4 26
1 4 25
1 4 26
1 4 4
1 4 26
1 4 14
1 4 4
1 4 4
1 4 4
1 4 25
1 4 25
1 4 25
1 4 26
1 4 26
1 4 26
1 4 25
1 4 25
1 4 14
1 4 25
1 4 23
1 4 14
1 4 25
1 4 26
1 4 26
1 4 25
1 4 25
1 4 26
1 4 0
1 4 26
1 4 12
1 4 4
1 4 26
1 4 26
1 4 25
1 4 25
1 4 26
1 4 25
1 4 26
1 4 3
1 4 26
1 4 25
1 4 14
1 4 3
1 4 26
1 4 14
1 4 25
1 4 14
1 4 25
1 4 26
1 4 3
1 4 3
1 4 25
1 4 25
1 4 25
1 4 25
1 4 26
1 4 26
1 4 4
1 4 26
1 4 26
1 4 26
1 4 25
1 4 26
1 4 4
1 4 25
1 4 4
1 4 3
1 4 26
1 4 26
1 4 26
1 4 13
1 4 25
1 4 4
1 4 14
1 4 25
1 4 3
1 4 26
1 4 3
1 4 26
1 4 25
1 4 26
1 4 26
1 4 25
1 4 4
1 4 25
1 4 25
1 4 26
1 4 25
1 4 26
1 5 22
1 5 21
1 5 22
1 5 0
1 5 22
1 5 0
1 5 2
1 5 22
1 5 22
1 5 23
1 5 22
1 5 23
1 5 22
1 5 23
1 5 11
1 5 12
1 5 22
1 5 11
1 5 22
1 5 25
1 5 24
1 5 11
1 5 24
1 5 22
1 5 25
1 5 24
1 5 25
1 5 3
1 5 23
1 5 2
1 5 1
1 5 13
1 6 22
1 6 11
1 6 21
1 6 4
1 6 25
1 6 13
1 6 23
1 6 3
1 6 2
1 6 11
1 6 12
1 6 22
1 6 0
1 6 23
1 6 23
1 6 3
1 6 0
1 6 13
1 6 11
1 6 21
1 6 23
1 6 24
1 6 21
1 6 23
1 6 3
1 6 22
1 6 0
1 6 23
1 6 0
1 6 12
1 6 22
1 6 23
1 6 23
1 6 23
1 6 12
1 6 11
1 6 22
1 6 0
1 6 12
1 6 10
1 6 25
1 6 22
1 6 11
1 6 23
1 6 0
1 6 12
1 6 13
1 6 24
1 6 2
1 6 0
1 6 12
1 6 24
1 6 4
1 6 4
1 6 21
1 6 21
1 6 11
1 8 23
1 8 3
1 8 25
1 8 23
1 8 23
1 8 22
1 8 23
1 8 24
1 8 23
1 8 22
1 8 22
1 8 3
1 8 24
1 8 21
1 8 23
1 8 24
1 8 23
1 8 12
1 8 23
1 8 24
1 8 23
1 8 3
1 8 24
1 8 22
1 8 21
1 8 21
1 8 25
1 8 4
1 8 22
1 8 1
1 9 22
1 9 22
1 10 21
1 10 22
1 10 24
1 10 23
1 10 23
1 10 3
1 10 24
1 10 26
1 10 4
1 10 25
1 10 24
1 10 0
1 10 11
1 10 23
1 10 24
1 10 25
1 10 24
1 10 24
1 10 23
1 10 22
1 10 23
1 10 15
1 10 4
1 10 25
1 10 22
1 10 23
1 10 26
1 10 12
1 10 24
1 10 12
1 10 11
1 10 25
1 10 24
1 10 24
1 10 26
1 10 4
1 10 24
1 10 23
1 10 2
1 10 25
1 10 24
1 10 3
1 10 15
1 10 4
1 10 26
1 10 24
1 10 24
1 13 22
1 13 13
1 13 11
1 13 12
1 13 11
1 13 21
1 13 24
1 13 11
1 13 24
1 13 24
1 13 22
1 13 11
1 13 22
1 13 22
1 13 10
1 13 23
1 13 12
1 13 24
1 13 11
1 13 23
1 13 24
1 13 10
1 13 12
1 13 23
1 13 23
1 13 11
1 13 11
1 13 23
1 13 26
1 13 12
1 13 23
1 13 24
1 13 12
1 13 11
1 13 2
1 13 23
1 13 11
1 13 24
1 13 13
1 13 24
1 13 12
1 13 24
1 13 11
1 13 12
1 13 24
1 13 23
1 13 12
1 13 11
1 13 24
1 13 0
1 13 10
1 13 23
1 13 12
1 13 12
1 13 24
1 13 12
1 13 24
1 13 11
1 13 24
1 13 12
1 13 22
1 13 24
1 13 24
1 13 13
1 13 12
1 13 24
1 13 23
1 13 24
1 13 23
1 13 12
1 13 11
1 13 11
1 13 11
1 13 23
1 13 21
1 13 11
1 13 23
1 13 24
1 13 11
1 13 24
1 13 0
1 13 11
1 13 11
1 13 23
1 13 0
1 13 24
1 13 0
1 13 25
1 13 23
1 13 11
1 13 23
1 13 11
1 13 14
1 13 24
1 13 22
1 13 24
1 13 23
1 13 23
1 13 23
1 13 0
1 13 11
1 13 22
1 13 11
1 13 11
1 13 22
1 13 26
1 13 12
1 13 12
1 13 24
1 13 24
1 13 24
1 13 14
1 13 23
1 13 21
1 13 13
1 13 21
1 13 22
1 13 23
1 13 11
1 13 23
1 13 13
1 13 0
1 13 11
1 13 12
1 13 13
1 13 23
1 13 23
1 13 0
1 13 12
1 13 22
1 13 12
1 13 11
1 13 12
1 13 0
1 13 23
1 13 24
1 13 28
1 13 12
1 13 11
1 13 22
1 13 11
1 13 22
1 13 23
1 13 24
1 13 11
1 13 22
1 13 22
1 13 23
1 13 24
1 13 12
1 13 23
1 13 13
1 13 22
1 13 23
1 13 23
1 13 0
1 13 12
1 13 11
1 13 13
1 13 23
1 13 12
1 13 10
1 13 13
1 13 12
1 13 22
1 13 22
1 13 0
1 13 10
1 13 22
1 13 11
1 13 0
1 13 24
1 13 24
1 13 22
1 13 24
1 13 23
1 13 25
1 13 11
1 13 12
1 13 23
1 13 0
1 13 24
1 13 12
1 13 13
1 13 11
1 13 23
1 13 23
1 13 23
1 13 11
1 13 24
1 13 0
1 13 11
1 13 23
1 13 22
0 12 25
0 12 25
0 12 26
0 12 26
0 3 25
0 3 26
0 3 26
0 3 4
0 3 3
0 12 25
0 12 25
0 12 15
0 12 15
0 4 15
0 7 25
0 7 26
0 7 26
0 7 3
0 7 3
0 12 12
0 12 25
0 12 14
0 12 25
0 12 11
0 12 25
0 12 14
0 12 14
0 6 25
0 11 14
0 11 14
0 7 25
0 7 26
0 7 2
0 7 4
0 7 3
0 7 3
0 7 21
0 7 21
0 7 25
0 7 3
0 7 0
0 3 10
0 3 13
0 3 25
0 3 3
0 3 0
0 6 24
0 6 25
0 6 3
0 6 4
0 6 3
0 6 4
0 12 25
0 12 25
0 12 25
0 12 14
0 12 25
0 12 25
0 4 25
0 4 26
0 4 31
0 4 31
0 6 14
0 6 14
0 6 14
0 6 15
0 6 15
0 7 22
0 7 22
0 7 25
0 7 25
0 7 4
0 7 3
0 7 21
0 7 22
0 7 11
0 7 25
0 7 3
0 7 3
0 11 25
0 7 14
0 7 14
0 7 14
0 7 3
0 7 4
0 7 3
0 7 3
0 11 14
0 4 25
0 12 24
0 12 25
0 12 25
0 12 14
0 12 14
0 7 22
0 7 22
0 7 22
0 7 25
0 7 4
0 7 4
0 6 22
0 6 24
0 6 25
0 6 25
0 6 2
0 12 1
0 12 21
0 12 11
0 12 25
0 12 14
0 12 14
0 12 25
0 2 23
0 2 24
0 2 25
0 2 4
0 2 4
0 2 3
0 2 4
0 12 10
0 11 25
0 11 25
0 11 25
0 11 25
0 12 23
0 12 25
0 12 25
0 12 25
0 12 14
0 5 25
0 5 3
0 5 3
0 5 4
0 5 2
0 5 2
0 5 3
0 3 21
0 3 22
0 3 23
0 3 23
0 3 4
0 3 3
0 12 11
0 12 13
0 12 14
0 12 14
0 12 26
0 4 26
0 4 15
0 11 15
0 4 4
0 11 3
0 11 31
0 7 25
0 2 25
0 12 25
0 12 30
0 12 31
0 12 31
0 12 3
0 12 3
0 6 24
0 8 31
0 6 25
0 6 14
0 6 30
0 6 4
0 5 23
0 7 21
0 7 22
0 7 24
0 7 30
0 7 30
0 7 30
0 7 3
0 7 6
0 11 11
0 11 11
0 11 25
0 11 25
0 11 14
0 11 3
0 11 0
0 3 23
0 3 23
0 3 12
0 3 24
0 3 24
0 3 2
0 3 0
0 8 31
0 8 31
0 7 14
0 2 25
0 3 25
0 4 25
0 4 31
0 4 31
0 7 23
0 7 24
0 7 26
0 7 26
0 7 26
0 7 31
0 7 31
0 7 29
0 7 24
0 7 25
0 7 26
0 7 26
0 7 26
0 7 26
0 7 4
0 7 1
0 4 29
0 4 30
0 7 23
0 7 24
0 7 30
0 7 30
0 7 21
0 7 22
0 7 22
0 7 22
0 7 29
0 4 25
0 5 2
0 5 1
0 3 14
0 3 12
0 3 22
0 3 11
0 3 11
0 3 24
0 3 3
0 3 3
0 2 3
0 11 22
0 3 21
0 3 22
0 3 23
0 3 3
0 3 3
0 9 4
0 12 13
0 6 24
0 5 14
0 9 0
0 8 21
0 8 12
0 8 12
0 8 2
0 8 3
0 8 3
0 8 0
0 8 1
0 8 4
0 8 25
0 7 22
0 7 12
0 6 12
0 6 12
0 6 13
0 6 3
0 6 4
0 3 15
0 2 4
0 2 3
0 2 3
0 3 3
0 12 13
0 2 3
0 2 3
0 3 3
0 7 10
0 7 10
0 10 22
0 10 0
0 10 0
0 10 3
0 12 25
