# Parameters: nPorts nContainers
13 2604
# Transport type: id length=(20,40) weight type=(DC,RC,HC,HR)
0 20 3 DC
1 20 9 DC
2 20 14 DC
3 20 21 DC
4 20 27 DC
5 20 3 RC
6 20 9 RC
7 20 14 RC
8 20 21 RC
9 20 27 RC
10 40 3 DC
11 40 6 DC
12 40 9 DC
13 40 14 DC
14 40 21 DC
15 40 27 DC
16 40 3 RC
17 40 9 RC
18 40 14 RC
19 40 21 RC
20 40 27 RC
21 40 3 HC
22 40 6 HC
23 40 9 HC
24 40 14 HC
25 40 21 HC
26 40 27 HC
27 40 3 HR
28 40 9 HR
29 40 14 HR
30 40 21 HR
31 40 27 HR
32 40 3 HC
33 40 6 HC
34 40 9 HC
35 40 14 HC
36 40 21 HC
37 40 27 HC
# Container: startPort endPort typeId [bay stack tier slot]
0 7 22 1 4 10 1
0 7 22 1 4 11 1
0 7 22 1 4 12 1
0 7 21 1 4 13 1
0 7 3 1 5 10 1
0 7 4 1 5 10 2
0 7 3 1 5 11 1
0 7 3 1 5 11 2
0 7 2 1 5 12 1
0 7 2 1 5 12 2
0 7 23 1 5 13 1
0 1 3 1 9 6 1
0 1 4 1 9 6 2
0 1 3 1 9 7 1
0 1 3 1 9 7 2
0 1 3 1 9 8 1
0 1 3 1 9 8 2
0 1 4 2 13 10 1
0 1 4 2 13 10 2
0 1 4 2 13 11 1
0 1 4 2 13 11 2
0 1 26 2 13 12 1
0 4 3 2 4 6 1
0 4 4 2 4 6 2
0 2 4 2 7 3 1
0 2 4 2 7 3 2
0 2 4 2 7 4 1
0 2 4 2 7 4 2
0 2 4 2 7 5 1
0 2 4 2 7 5 2
0 2 4 2 7 6 1
0 2 4 2 7 6 2
0 2 3 2 7 7 1
0 2 3 2 7 7 2
0 2 26 2 7 8 1
0 6 0 2 9 3 1
0 6 3 2 9 3 2
0 6 0 2 9 4 1
0 6 3 2 9 4 2
0 6 12 2 9 5 1
0 6 22 2 9 6 1
0 6 10 2 9 7 1
0 6 10 2 9 8 1
0 2 26 2 10 5 1
0 2 26 2 10 6 1
0 2 23 2 10 7 1
0 3 26 2 11 6 1
0 3 26 2 11 7 1
0 2 3 2 12 7 1
0 2 4 2 12 7 2
0 1 4 2 12 8 1
0 4 3 2 12 8 2
0 6 3 3 2 7 1
0 6 3 3 2 7 2
0 6 15 3 2 8 1
0 3 2 3 4 5 1
0 3 4 3 4 5 2
0 3 0 3 4 6 1
0 3 3 3 4 6 2
0 3 14 3 4 7 1
0 3 25 3 4 8 1
0 1 3 3 10 3 1
0 1 4 3 10 3 2
0 7 26 3 10 4 1
0 4 15 3 10 5 1
0 1 15 3 10 6 1
0 1 25 3 10 7 1
0 1 4 3 11 5 1
0 1 4 3 11 5 2
0 1 4 3 11 6 1
0 1 4 3 11 6 2
0 4 4 3 12 6 1
0 4 4 3 12 6 2
0 4 3 3 12 7 1
0 4 3 3 12 7 2
0 4 3 3 12 8 1
0 4 3 3 12 8 2
0 1 15 3 13 7 1
0 7 3 4 1 7 1
0 7 4 4 1 7 2
0 7 3 4 1 8 1
0 7 3 4 1 8 2
0 5 3 4 2 5 1
0 5 3 4 2 5 2
0 5 3 4 2 6 1
0 5 3 4 2 6 2
0 5 26 4 2 7 1
0 4 15 4 2 8 1
0 3 3 4 3 4 1
0 3 4 4 3 4 2
0 3 3 4 3 5 1
0 3 3 4 3 5 2
0 3 3 4 3 6 1
0 3 3 4 3 6 2
0 3 25 4 3 7 1
0 3 13 4 3 8 1
0 3 3 4 8 1 1
0 3 4 4 8 1 2
0 3 26 4 8 2 1
0 3 26 4 8 3 1
0 3 25 4 8 4 1
0 3 25 4 8 5 1
0 3 25 4 8 6 1
0 3 25 4 8 7 1
0 2 26 4 9 1 1
0 2 26 4 9 2 1
0 2 25 4 9 3 1
0 2 25 4 9 4 1
0 2 25 4 9 5 1
0 2 25 4 9 6 1
0 2 25 4 9 7 1
0 3 3 4 11 3 1
0 3 3 4 11 3 2
0 3 25 4 11 4 1
0 3 25 4 11 5 1
0 3 25 4 11 6 1
0 3 25 4 11 7 1
0 5 3 4 12 4 1
0 2 4 4 12 4 2
0 5 3 4 12 5 1
0 2 4 4 12 5 2
0 5 3 4 12 6 1
0 2 4 4 12 6 2
0 2 3 4 12 7 1
0 2 4 4 12 7 2
0 2 25 4 12 8 1
0 4 15 4 13 5 1
0 4 15 4 13 6 1
0 4 15 4 13 7 1
0 4 26 4 13 8 1
0 3 3 4 14 7 1
0 3 4 4 14 7 2
0 3 15 4 14 8 1
0 7 0 5 1 5 1
0 7 3 5 1 5 2
0 7 13 5 1 6 1
0 7 10 5 1 7 1
0 7 21 5 1 8 1
0 1 3 5 3 3 1
0 1 4 5 3 3 2
0 1 3 5 3 4 1
0 1 4 5 3 4 2
0 1 3 5 3 5 1
0 1 4 5 3 5 2
0 1 3 5 3 6 1
0 1 3 5 3 6 2
0 1 3 5 3 7 1
0 1 3 5 3 7 2
0 1 2 5 3 8 1
0 1 3 5 3 8 2
0 6 4 5 5 1 1
0 6 4 5 5 1 2
0 6 3 5 5 2 1
0 6 4 5 5 2 2
0 6 25 5 5 3 1
0 6 24 5 5 4 1
0 6 12 5 5 5 1
0 6 12 5 5 6 1
0 6 23 5 5 7 1
0 4 15 5 8 0 1
0 4 15 5 8 1 1
0 4 15 5 8 2 1
0 4 24 5 8 3 1
0 4 12 5 8 4 1
0 4 23 5 8 5 1
0 4 23 5 8 6 1
0 4 23 5 8 7 1
0 1 4 5 9 0 1
0 1 4 5 9 0 2
0 1 4 5 9 1 1
0 1 4 5 9 1 2
0 1 15 5 9 2 1
0 1 25 5 9 3 1
0 5 24 5 9 4 1
0 5 24 5 9 5 1
0 5 24 5 9 6 1
0 5 23 5 9 7 1
0 9 3 5 12 3 1
0 3 4 5 12 3 2
0 6 3 5 12 4 1
0 3 3 5 12 4 2
0 3 3 5 12 5 1
0 3 3 5 12 5 2
0 2 3 5 12 6 1
0 3 3 5 12 6 2
0 2 15 5 12 7 1
0 2 26 5 12 8 1
0 2 4 5 13 4 1
0 2 4 5 13 4 2
0 2 4 5 13 5 1
0 2 4 5 13 5 2
0 2 4 5 13 6 1
0 2 4 5 13 6 2
0 2 4 5 13 7 1
0 2 4 5 13 7 2
0 2 25 5 13 8 1
0 2 4 5 14 5 1
0 2 4 5 14 5 2
0 2 4 5 14 6 1
0 2 4 5 14 6 2
0 2 3 5 14 7 1
0 2 3 5 14 7 2
0 2 3 5 14 8 1
0 2 3 5 14 8 2
0 9 2 6 1 4 1
0 2 4 6 1 4 2
0 9 0 6 1 5 1
0 2 3 6 1 5 2
0 7 13 6 1 6 1
0 3 3 6 2 1 1
0 3 4 6 2 1 2
0 3 3 6 2 2 1
0 3 4 6 2 2 2
0 3 3 6 2 3 1
0 3 3 6 2 3 2
0 3 1 6 2 4 1
0 3 3 6 2 4 2
0 3 15 6 2 5 1
0 3 26 6 2 6 1
0 3 14 6 2 7 1
0 3 14 6 2 8 1
0 6 0 6 4 1 1
0 6 4 6 4 1 2
0 6 0 6 4 2 1
0 6 3 6 4 2 2
0 6 0 6 4 3 1
0 6 2 6 4 3 2
0 6 13 6 4 4 1
0 6 24 6 4 5 1
0 6 11 6 4 6 1
0 6 11 6 4 7 1
0 6 11 6 4 8 1
0 4 3 6 6 0 1
0 4 4 6 6 0 2
0 4 3 6 6 1 1
0 4 3 6 6 1 2
0 4 26 6 6 2 1
0 4 13 6 6 3 1
0 4 24 6 6 4 1
0 4 24 6 6 5 1
0 4 24 6 6 6 1
0 3 26 6 7 0 1
0 3 25 6 7 1 1
0 3 25 6 7 2 1
0 3 25 6 7 3 1
0 3 25 6 7 4 1
0 3 24 6 7 5 1
0 3 24 6 7 6 1
0 3 23 6 7 7 1
0 3 23 6 8 0 1
0 3 11 6 8 1 1
0 3 22 6 8 2 1
0 3 22 6 8 3 1
0 4 3 6 13 1 1
0 7 3 6 13 1 2
0 4 1 6 13 2 1
0 6 3 6 13 2 2
0 4 26 6 13 3 1
0 4 26 6 13 4 1
0 4 26 6 13 5 1
0 4 26 6 13 6 1
0 4 26 6 13 7 1
0 7 3 6 14 4 1
0 8 4 6 14 4 2
0 2 3 6 14 5 1
0 8 4 6 14 5 2
0 2 3 6 14 6 1
0 2 4 6 14 6 2
0 2 0 6 14 7 1
0 2 3 6 14 7 2
0 2 25 6 14 8 1
0 1 4 7 1 2 1
0 1 4 7 1 2 2
0 3 3 7 1 3 1
0 3 4 7 1 3 2
0 3 2 7 1 4 1
0 3 3 7 1 4 2
0 3 15 7 1 5 1
0 3 15 7 1 6 1
0 3 26 7 1 7 1
0 3 14 7 1 8 1
0 5 3 7 3 1 1
0 5 4 7 3 1 2
0 5 3 7 3 2 1
0 5 4 7 3 2 2
0 5 3 7 3 3 1
0 5 3 7 3 3 2
0 5 2 7 3 4 1
0 5 3 7 3 4 2
0 5 15 7 3 5 1
0 5 26 7 3 6 1
0 5 26 7 3 7 1
0 3 3 7 4 0 1
0 3 4 7 4 0 2
0 3 3 7 4 1 1
0 3 3 7 4 1 2
0 3 24 7 4 2 1
0 3 12 7 4 3 1
0 3 12 7 4 4 1
0 3 12 7 4 5 1
0 3 12 7 4 6 1
0 3 12 7 4 7 1
0 3 11 7 4 8 1
0 3 2 7 8 0 1
0 3 3 7 8 0 2
0 3 15 7 8 1 1
0 3 15 7 8 2 1
0 3 26 7 8 3 1
0 3 14 7 8 4 1
0 3 24 7 8 5 1
0 3 24 7 8 6 1
0 3 23 7 8 7 1
0 9 4 8 1 1 1
0 9 4 8 1 1 2
0 9 3 8 1 2 1
0 9 4 8 1 2 2
0 9 3 8 1 3 1
0 9 4 8 1 3 2
0 9 15 8 1 4 1
0 9 26 8 1 5 1
0 9 26 8 1 6 1
0 9 26 8 1 7 1
0 7 3 8 2 0 1
0 7 3 8 2 0 2
0 7 31 8 2 1 1
0 7 15 8 2 2 1
0 7 26 8 2 3 1
0 4 26 8 2 4 1
0 4 26 8 2 5 1
0 2 26 8 2 6 1
0 2 26 8 2 7 1
0 7 3 8 6 0 1
0 7 3 8 6 0 2
0 7 31 8 6 1 1
0 7 31 8 6 2 1
0 7 31 8 6 3 1
0 7 15 8 6 4 1
0 7 26 8 6 5 1
0 7 26 8 6 6 1
0 7 26 8 6 7 1
0 3 3 8 7 0 1
0 3 4 8 7 0 2
0 3 3 8 7 1 1
0 3 4 8 7 1 2
0 3 3 8 7 2 1
0 3 4 8 7 2 2
0 3 3 8 7 3 1
0 3 4 8 7 3 2
0 3 2 8 7 4 1
0 3 4 8 7 4 2
0 3 2 8 7 5 1
0 3 3 8 7 5 2
0 3 1 8 7 6 1
0 3 3 8 7 6 2
0 3 24 8 7 7 1
0 3 12 8 7 8 1
0 5 2 8 9 0 1
0 5 3 8 9 0 2
0 5 26 8 9 1 1
0 5 24 8 9 2 1
0 5 24 8 9 3 1
0 5 23 8 9 4 1
0 5 23 8 9 5 1
0 5 23 8 9 6 1
0 5 23 8 9 7 1
0 3 26 8 10 0 1
0 3 30 8 10 1 1
0 3 14 8 10 2 1
0 3 14 8 10 3 1
0 3 25 8 10 4 1
0 3 25 8 10 5 1
0 3 25 8 10 6 1
0 3 25 8 10 7 1
0 1 25 8 11 0 1
0 3 31 8 12 0 1
0 3 30 8 12 1 1
0 3 14 8 12 2 1
0 3 25 8 12 3 1
0 3 29 8 12 4 1
0 3 24 8 12 5 1
0 3 12 8 12 6 1
0 3 22 8 12 7 1
0 6 15 8 13 0 1
0 7 25 8 13 1 1
0 6 14 8 13 2 1
0 6 24 8 13 3 1
0 6 23 8 13 4 1
0 6 23 8 13 5 1
0 6 23 8 13 6 1
0 6 22 8 13 7 1
0 1 4 8 14 1 1
0 1 4 8 14 1 2
0 1 4 8 14 2 1
0 1 4 8 14 2 2
0 1 4 8 14 3 1
0 1 4 8 14 3 2
0 1 4 8 14 4 1
0 1 4 8 14 4 2
0 1 3 8 14 5 1
0 1 4 8 14 5 2
0 1 3 8 14 6 1
0 1 4 8 14 6 2
0 1 3 8 14 7 1
0 1 0 8 14 7 2
0 1 25 8 14 8 1
0 2 3 9 1 1 1
0 2 4 9 1 1 2
0 2 3 9 1 2 1
0 2 4 9 1 2 2
0 2 3 9 1 3 1
0 2 4 9 1 3 2
0 2 15 9 1 4 1
0 2 14 9 1 5 1
0 2 25 9 1 6 1
0 2 13 9 1 7 1
0 2 11 9 1 8 1
0 6 3 9 2 0 1
0 6 4 9 2 0 2
0 6 3 9 2 1 1
0 6 4 9 2 1 2
0 6 3 9 2 2 1
0 6 3 9 2 2 2
0 6 3 9 2 3 1
0 6 3 9 2 3 2
0 6 2 9 2 4 1
0 6 3 9 2 4 2
0 6 15 9 2 5 1
0 6 14 9 2 6 1
0 6 25 9 2 7 1
0 6 12 9 2 8 1
0 3 3 9 5 0 1
0 3 3 9 5 0 2
0 3 26 9 5 1 1
0 3 14 9 5 2 1
0 4 3 9 6 0 1
0 3 4 9 6 0 2
0 5 2 9 8 0 1
0 5 3 9 8 0 2
0 2 26 9 8 1 1
0 2 26 9 8 2 1
0 2 14 9 8 3 1
0 2 25 9 8 4 1
0 2 25 9 8 5 1
0 2 25 9 8 6 1
0 2 25 9 8 7 1
0 3 3 9 9 0 1
0 3 4 9 9 0 2
0 3 2 9 9 1 1
0 3 4 9 9 1 2
0 3 1 9 9 2 1
0 2 4 9 9 2 2
0 2 26 9 9 3 1
0 2 26 9 9 4 1
0 2 26 9 9 5 1
0 2 25 9 9 6 1
0 2 23 9 9 7 1
0 1 4 9 10 0 1
0 1 4 9 10 0 2
0 1 4 9 10 1 1
0 1 4 9 10 1 2
0 1 3 9 10 2 1
0 1 4 9 10 2 2
0 1 3 9 10 3 1
0 1 4 9 10 3 2
0 1 3 9 10 4 1
0 1 4 9 10 4 2
0 1 25 9 10 5 1
0 1 25 9 10 6 1
0 1 25 9 10 7 1
0 2 15 9 11 0 1
0 2 15 9 11 1 1
0 2 15 9 11 2 1
0 2 15 9 11 3 1
0 2 15 9 11 4 1
0 2 15 9 11 5 1
0 2 15 9 11 6 1
0 2 13 9 11 7 1
0 2 24 9 11 8 1
0 2 3 9 12 0 1
0 2 3 9 12 0 2
0 2 25 9 12 1 1
0 2 25 9 12 2 1
0 2 23 9 12 3 1
0 2 21 9 12 4 1
0 2 26 9 14 1 1
0 1 4 10 6 10 1
0 1 4 10 6 10 2
0 1 3 10 6 11 1
0 1 3 10 6 11 2
0 1 25 10 6 12 1
0 1 25 10 6 13 1
0 1 25 10 6 14 1
0 4 23 10 7 10 1
0 1 4 10 8 10 1
0 1 4 10 8 10 2
0 1 26 10 8 11 1
0 1 26 10 8 12 1
0 1 26 10 8 13 1
0 2 3 10 9 10 1
0 5 3 10 9 10 2
0 2 2 10 9 11 1
0 2 3 10 9 11 2
0 5 0 10 9 12 1
0 2 3 10 9 12 2
0 2 24 10 9 13 1
0 5 23 10 9 14 1
0 5 31 10 1 1 1
0 4 25 10 1 2 1
0 4 25 10 1 3 1
0 3 25 10 1 4 1
0 4 3 10 2 0 1
0 4 4 10 2 0 2
0 4 3 10 2 1 1
0 4 4 10 2 1 2
0 4 3 10 2 2 1
0 4 3 10 2 2 2
0 4 31 10 2 3 1
0 4 31 10 2 4 1
0 4 26 10 2 5 1
0 4 26 10 2 6 1
0 4 25 10 2 7 1
0 3 4 10 4 0 1
0 3 4 10 4 0 2
0 3 26 10 4 1 1
0 3 26 10 4 2 1
0 3 26 10 4 3 1
0 3 26 10 4 4 1
0 3 14 10 4 5 1
0 3 25 10 4 6 1
0 3 25 10 4 7 1
0 4 2 10 5 0 1
0 4 3 10 5 0 2
0 4 15 10 5 1 1
0 4 15 10 5 2 1
0 4 30 10 5 3 1
0 4 25 10 5 4 1
0 4 29 10 5 5 1
0 4 24 10 5 6 1
0 3 24 10 5 7 1
0 2 4 10 6 0 1
0 2 4 10 6 0 2
0 2 3 10 6 1 1
0 2 4 10 6 1 2
0 2 3 10 6 2 1
0 2 4 10 6 2 2
0 2 3 10 6 3 1
0 2 4 10 6 3 2
0 2 3 10 6 4 1
0 2 4 10 6 4 2
0 2 0 10 6 5 1
0 2 4 10 6 5 2
0 2 25 10 6 6 1
0 2 25 10 6 7 1
0 2 3 10 7 0 1
0 2 4 10 7 0 2
0 2 2 10 7 1 1
0 2 4 10 7 1 2
0 2 0 10 7 2 1
0 2 4 10 7 2 2
0 2 29 10 7 3 1
0 2 23 10 7 4 1
0 2 23 10 7 5 1
0 2 22 10 7 6 1
0 2 21 10 7 7 1
0 1 15 10 8 0 1
0 1 15 10 8 1 1
0 1 26 10 8 2 1
0 1 26 10 8 3 1
0 1 26 10 8 4 1
0 1 26 10 8 5 1
0 1 25 10 8 6 1
0 1 25 10 8 7 1
0 2 3 10 9 0 1
0 2 4 10 9 0 2
0 2 2 10 9 1 1
0 2 4 10 9 1 2
0 2 2 10 9 2 1
0 2 4 10 9 2 2
0 2 1 10 9 3 1
0 2 4 10 9 3 2
0 2 26 10 9 4 1
0 2 26 10 9 5 1
0 2 26 10 9 6 1
0 2 26 10 9 7 1
0 2 15 10 11 0 1
0 2 26 10 11 1 1
0 2 26 10 11 2 1
0 2 26 10 11 3 1
0 2 25 10 11 4 1
0 2 25 10 11 5 1
0 2 25 10 11 6 1
0 6 21 10 11 7 1
0 6 2 10 12 0 1
0 6 4 10 12 0 2
0 6 0 10 12 1 1
0 6 3 10 12 1 2
0 6 30 10 12 2 1
0 6 30 10 12 3 1
0 6 22 10 12 4 1
0 6 22 10 12 5 1
0 6 22 10 12 6 1
0 6 21 10 12 7 1
0 6 2 10 13 0 1
0 6 4 10 13 0 2
0 6 2 10 13 1 1
0 6 3 10 13 1 2
0 6 0 10 13 2 1
0 6 3 10 13 2 2
0 6 30 10 13 3 1
0 6 30 10 13 4 1
0 6 30 10 13 5 1
0 6 25 10 13 6 1
0 6 24 10 13 7 1
0 4 15 11 2 0 1
0 4 26 11 2 1 1
0 4 26 11 2 2 1
0 4 26 11 2 3 1
0 4 26 11 2 4 1
0 4 26 11 2 5 1
0 4 25 11 2 6 1
0 4 25 11 2 7 1
0 6 0 11 4 0 1
0 6 3 11 4 0 2
0 6 23 11 4 1 1
0 6 23 11 4 2 1
0 6 21 11 4 3 1
0 3 25 11 5 0 1
0 3 25 11 5 1 1
0 3 25 11 5 2 1
0 2 14 11 5 3 1
0 1 25 11 5 4 1
0 1 25 11 5 5 1
0 2 3 11 10 0 1
0 2 4 11 10 0 2
0 2 2 11 10 1 1
0 2 3 11 10 1 2
0 2 14 11 10 2 1
0 2 14 11 10 3 1
0 2 25 11 10 4 1
0 2 13 11 10 5 1
0 2 12 11 10 6 1
0 2 10 11 10 7 1
0 2 10 11 10 8 1
0 1 3 11 11 0 1
0 1 4 11 11 0 2
0 1 3 11 11 1 1
0 1 4 11 11 1 2
0 1 3 11 11 2 1
0 1 4 11 11 2 2
0 1 3 11 11 3 1
0 1 4 11 11 3 2
0 1 3 11 11 4 1
0 1 3 11 11 4 2
0 1 3 11 11 5 1
0 1 3 11 11 5 2
0 1 26 11 11 6 1
0 1 25 11 11 7 1
0 3 15 11 14 1 1
0 3 15 11 14 2 1
0 3 26 11 14 3 1
0 3 26 11 14 4 1
0 3 14 11 14 5 1
0 3 14 11 14 6 1
0 3 25 11 14 7 1
0 4 30 12 1 1 1
0 4 13 12 1 2 1
0 4 24 12 1 3 1
0 4 12 12 1 4 1
0 6 11 12 1 5 1
0 8 21 12 1 6 1
0 6 4 12 2 0 1
0 6 4 12 2 0 2
0 6 4 12 2 1 1
0 6 4 12 2 1 2
0 6 3 12 2 2 1
0 6 4 12 2 2 2
0 6 3 12 2 3 1
0 6 4 12 2 3 2
0 6 14 12 2 4 1
0 6 25 12 2 5 1
0 6 13 12 2 6 1
0 6 12 12 2 7 1
0 6 11 12 2 8 1
0 3 26 12 5 0 1
0 3 25 12 5 1 1
0 3 25 12 5 2 1
0 3 25 12 5 3 1
0 3 25 12 5 4 1
0 3 23 12 5 5 1
0 3 11 12 5 6 1
0 3 22 12 5 7 1
0 2 3 12 6 0 1
0 2 3 12 6 0 2
0 2 3 12 6 1 1
0 2 3 12 6 1 2
0 2 3 12 6 2 1
0 2 3 12 6 2 2
0 2 3 12 6 3 1
0 2 3 12 6 3 2
0 2 2 12 6 4 1
0 2 3 12 6 4 2
0 7 30 12 6 5 1
0 2 25 12 6 6 1
0 1 14 12 6 7 1
0 3 8 12 9 0 1
0 3 4 12 9 0 2
0 3 7 12 9 1 1
0 3 3 12 9 1 2
0 3 0 12 9 2 1
0 3 3 12 9 2 2
0 3 14 12 9 3 1
0 3 13 12 9 4 1
0 3 13 12 9 5 1
0 3 12 12 9 6 1
0 3 10 12 9 7 1
0 3 21 12 9 8 1
0 3 4 12 10 0 1
0 3 4 12 10 0 2
0 3 3 12 10 1 1
0 3 4 12 10 1 2
0 3 3 12 10 2 1
0 3 4 12 10 2 2
0 3 25 12 10 3 1
0 3 24 12 10 4 1
0 3 23 12 10 5 1
0 3 23 12 10 6 1
0 3 10 12 10 7 1
0 3 26 12 11 0 1
0 2 26 12 11 1 1
0 2 26 12 11 2 1
0 3 25 12 11 3 1
0 4 3 12 12 0 1
0 4 4 12 12 0 2
0 3 26 12 12 1 1
0 3 26 12 12 2 1
0 3 26 12 12 3 1
0 3 14 12 12 4 1
0 3 14 12 12 5 1
0 3 25 12 12 6 1
0 3 24 12 12 7 1
0 3 25 12 13 0 1
0 3 24 12 13 1 1
0 3 24 12 13 2 1
0 3 23 12 13 3 1
0 3 23 12 13 4 1
0 3 0 12 14 1 1
0 3 2 12 14 1 2
0 3 24 12 14 2 1
0 3 24 12 14 3 1
0 3 23 12 14 4 1
0 3 22 12 14 5 1
0 3 21 12 14 6 1
0 2 10 12 14 7 1
0 4 4 13 2 0 1
0 4 4 13 2 0 2
0 4 3 13 2 1 1
0 4 4 13 2 1 2
0 4 3 13 2 2 1
0 4 4 13 2 2 2
0 4 3 13 2 3 1
0 4 4 13 2 3 2
0 4 3 13 2 4 1
0 4 4 13 2 4 2
0 4 15 13 2 5 1
0 4 26 13 2 6 1
0 4 26 13 2 7 1
0 3 2 13 3 0 1
0 3 2 13 3 0 2
0 3 25 13 3 1 1
0 3 25 13 3 2 1
0 3 25 13 3 3 1
0 3 25 13 3 4 1
0 3 25 13 3 5 1
0 3 23 13 3 6 1
0 3 11 13 3 7 1
0 2 3 13 4 0 1
0 2 4 13 4 0 2
0 2 3 13 4 1 1
0 2 4 13 4 1 2
0 2 26 13 4 2 1
0 2 26 13 4 3 1
0 2 26 13 4 4 1
0 2 26 13 4 5 1
0 2 26 13 4 6 1
0 2 26 13 4 7 1
0 3 22 13 5 0 1
0 3 10 13 5 1 1
0 3 21 13 5 2 1
0 2 3 13 6 0 1
0 2 4 13 6 0 2
0 2 3 13 6 1 1
0 2 4 13 6 1 2
0 2 3 13 6 2 1
0 2 4 13 6 2 2
0 2 3 13 6 3 1
0 2 3 13 6 3 2
0 2 3 13 6 4 1
0 2 3 13 6 4 2
0 2 15 13 6 5 1
0 2 15 13 6 6 1
0 2 15 13 6 7 1
0 2 23 13 6 8 1
0 6 0 13 8 0 1
0 6 4 13 8 0 2
0 6 12 13 8 1 1
0 6 12 13 8 2 1
0 6 12 13 8 3 1
0 6 23 13 8 4 1
0 6 11 13 8 5 1
0 6 11 13 8 6 1
0 6 11 13 8 7 1
0 6 11 13 8 8 1
0 3 15 13 9 0 1
0 3 26 13 9 1 1
0 3 26 13 9 2 1
0 3 26 13 9 3 1
0 3 26 13 9 4 1
0 3 26 13 9 5 1
0 3 1 13 11 0 1
0 3 3 13 11 0 2
0 3 25 13 11 1 1
0 3 25 13 11 2 1
0 3 25 13 11 3 1
0 3 25 13 11 4 1
0 3 25 13 11 5 1
0 3 25 13 11 6 1
0 3 24 13 11 7 1
0 3 13 13 13 0 1
0 3 24 13 13 1 1
0 5 23 13 13 2 1
0 3 12 13 13 3 1
0 3 23 13 13 4 1
0 3 11 13 13 5 1
0 3 15 13 14 1 1
0 3 15 13 14 2 1
0 3 13 13 14 3 1
0 3 13 13 14 4 1
0 3 23 13 14 5 1
0 3 11 13 14 6 1
0 3 10 13 14 7 1
0 3 10 13 14 8 1
0 7 31 15 6 10 1
0 7 26 15 6 11 1
0 7 26 15 6 12 1
0 7 23 15 6 13 1
0 7 22 15 6 14 1
0 6 22 15 6 15 1
0 6 21 15 6 16 1
0 7 4 15 7 10 1
0 7 4 15 7 10 2
0 7 4 15 7 11 1
0 7 4 15 7 11 2
0 4 3 15 7 12 1
0 4 3 15 7 12 2
0 4 30 15 7 13 1
0 4 25 15 7 14 1
0 4 25 15 7 15 1
0 1 3 15 8 10 1
0 1 4 15 8 10 2
0 1 3 15 8 11 1
0 1 3 15 8 11 2
0 7 3 15 9 10 1
0 7 3 15 9 10 2
0 7 3 15 9 11 1
0 7 3 15 9 11 2
0 7 3 15 9 12 1
0 7 3 15 9 12 2
0 7 15 15 9 13 1
0 7 25 15 9 14 1
0 7 25 15 9 15 1
0 7 25 15 9 16 1
0 2 26 15 10 10 1
0 2 26 15 10 11 1
0 2 25 15 10 12 1
0 2 24 15 10 13 1
0 2 24 15 10 14 1
0 2 24 15 10 15 1
0 1 24 15 10 16 1
0 2 3 15 12 10 1
0 2 3 15 12 10 2
0 2 3 15 12 11 1
0 2 3 15 12 11 2
0 2 3 15 12 12 1
0 2 3 15 12 12 2
0 2 3 15 12 13 1
0 2 3 15 12 13 2
0 2 26 15 12 14 1
0 2 25 15 12 15 1
0 2 26 15 13 10 1
0 2 26 15 13 11 1
0 2 26 15 13 12 1
0 2 26 15 13 13 1
0 2 26 15 13 14 1
0 2 25 15 13 15 1
0 3 30 15 14 10 1
0 3 14 15 14 11 1
0 3 25 15 14 12 1
0 3 24 15 14 13 1
0 3 15 15 15 10 1
0 3 15 15 15 11 1
0 3 15 15 15 12 1
0 3 15 15 15 13 1
0 3 25 15 15 14 1
0 3 22 15 15 15 1
0 3 3 15 1 2 1
0 3 3 15 1 2 2
0 3 2 15 1 3 1
0 3 3 15 1 3 2
0 3 2 15 1 4 1
0 3 3 15 1 4 2
0 3 1 15 1 5 1
0 3 3 15 1 5 2
0 3 15 15 1 6 1
0 3 15 15 1 7 1
0 3 26 15 1 8 1
0 4 3 15 2 2 1
0 8 4 15 2 2 2
0 3 1 15 2 3 1
0 4 3 15 2 3 2
0 2 15 15 2 4 1
0 2 26 15 2 5 1
0 2 25 15 2 6 1
0 2 23 15 2 7 1
0 3 12 15 10 2 1
0 3 12 15 10 3 1
0 3 23 15 10 4 1
0 3 23 15 10 5 1
0 3 23 15 10 6 1
0 3 23 15 10 7 1
0 3 11 15 11 2 1
0 3 10 15 11 3 1
0 3 21 15 11 4 1
0 3 21 15 11 5 1
0 3 10 15 11 6 1
0 3 14 15 12 2 1
0 3 25 15 12 3 1
0 3 25 15 12 4 1
0 3 25 15 12 5 1
0 3 24 15 12 6 1
0 2 22 15 12 7 1
0 4 4 15 13 2 1
0 4 4 15 13 2 2
0 3 25 15 13 3 1
0 3 25 15 13 4 1
0 3 24 15 13 5 1
0 3 24 15 13 6 1
0 3 12 15 13 7 1
0 3 12 15 14 2 1
0 3 23 15 14 3 1
0 3 23 15 14 4 1
0 3 23 15 14 5 1
0 3 22 15 14 6 1
0 3 22 15 14 7 1
0 1 0 16 1 3 1
0 1 4 16 1 3 2
0 1 0 16 1 4 1
0 1 3 16 1 4 2
0 3 8 16 2 3 1
0 3 4 16 2 3 2
0 3 8 16 2 4 1
0 3 4 16 2 4 2
0 3 3 16 2 5 1
0 3 4 16 2 5 2
0 3 3 16 2 6 1
0 3 4 16 2 6 2
0 3 3 16 2 7 1
0 3 3 16 2 7 2
0 3 3 16 2 8 1
0 3 2 16 2 8 2
0 9 3 16 3 2 1
0 9 4 16 3 2 2
0 7 3 16 3 3 1
0 9 4 16 3 3 2
0 7 3 16 3 4 1
0 9 3 16 3 4 2
0 2 15 16 3 5 1
0 2 15 16 3 6 1
0 2 15 16 3 7 1
0 2 26 16 3 8 1
0 2 31 16 6 2 1
0 2 26 16 6 3 1
0 2 26 16 6 4 1
0 2 26 16 6 5 1
0 2 26 16 6 6 1
0 2 26 16 6 7 1
0 5 3 16 8 2 1
0 5 4 16 8 2 2
0 5 3 16 8 3 1
0 5 4 16 8 3 2
0 5 3 16 8 4 1
0 2 4 16 8 4 2
0 1 31 16 9 2 1
0 1 26 16 9 3 1
0 1 26 16 9 4 1
0 2 2 16 10 2 1
0 2 2 16 10 2 2
0 2 26 16 10 3 1
0 2 26 16 10 4 1
0 2 14 16 10 5 1
0 2 14 16 10 6 1
0 2 25 16 10 7 1
0 2 8 16 12 2 1
0 2 4 16 12 2 2
0 7 4 16 13 3 1
0 8 4 16 13 3 2
0 7 4 16 13 4 1
0 8 4 16 13 4 2
0 7 4 16 13 5 1
0 8 3 16 13 5 2
0 7 4 16 13 6 1
0 8 3 16 13 6 2
0 7 15 16 13 7 1
0 7 26 16 13 8 1
0 7 30 16 14 3 1
0 7 30 16 14 4 1
0 7 25 16 14 5 1
0 7 25 16 14 6 1
0 7 24 16 14 7 1
0 4 0 17 6 10 1
0 4 3 17 6 10 2
0 4 30 17 6 11 1
0 4 24 17 6 12 1
0 6 23 17 6 13 1
0 4 23 17 6 14 1
0 3 23 17 6 15 1
0 3 23 17 6 16 1
0 4 5 17 8 10 1
0 7 3 17 8 10 2
0 7 23 17 8 11 1
0 6 22 17 8 12 1
0 4 0 17 9 10 1
0 2 2 17 9 10 2
0 7 3 17 10 10 1
0 2 0 17 10 10 2
0 2 24 17 10 11 1
0 2 23 17 10 12 1
0 2 22 17 10 13 1
0 2 22 17 10 14 1
0 2 22 17 10 15 1
0 2 22 17 10 16 1
0 2 28 17 12 10 1
0 1 31 17 1 4 1
0 5 10 17 3 3 1
0 10 25 17 6 3 1
0 8 23 17 6 4 1
0 7 22 17 6 5 1
0 7 22 17 6 6 1
0 7 22 17 6 7 1
0 7 23 17 7 3 1
0 7 22 17 7 4 1
0 7 21 17 7 5 1
0 7 22 17 8 3 1
0 7 22 17 8 4 1
0 7 22 17 8 5 1
0 7 21 17 8 6 1
0 7 21 17 8 7 1
0 7 21 17 9 3 1
0 4 12 17 10 3 1
0 4 23 17 10 4 1
0 4 22 17 10 5 1
0 2 15 17 11 3 1
0 2 26 17 11 4 1
0 6 13 17 12 3 1
0 6 24 17 12 4 1
0 6 24 17 12 5 1
0 6 23 17 12 6 1
0 6 11 17 12 7 1
0 2 22 17 13 4 1
0 2 15 17 14 4 1
0 2 15 17 14 5 1
0 2 26 17 14 6 1
0 2 26 17 14 7 1
0 1 4 18 3 4 1
0 1 4 18 3 4 2
0 1 4 18 3 5 1
0 1 4 18 3 5 2
0 1 3 18 4 4 1
0 1 3 18 4 4 2
0 2 31 18 8 4 1
0 3 23 18 9 4 1
0 3 22 18 9 5 1
0 3 22 18 9 6 1
0 3 10 18 9 7 1
0 5 22 18 10 4 1
0 2 22 18 10 5 1
0 3 11 18 11 4 1
0 3 10 18 11 5 1
0 4 15 18 13 5 1
0 3 11 18 13 6 1
0 2 10 18 13 7 1
0 2 21 18 13 8 1
0 3 23 19 1 10 1
0 3 13 19 5 10 1
0 3 13 19 5 11 1
0 3 21 19 5 12 1
0 3 30 19 10 10 1
0 3 29 19 10 11 1
0 3 23 19 10 12 1
0 3 23 19 10 13 1
0 3 11 19 10 14 1
0 3 10 19 10 15 1
0 3 10 19 10 16 1
0 3 24 19 11 10 1
0 3 23 19 11 11 1
0 3 11 19 12 10 1
0 3 22 19 12 11 1
0 3 22 19 12 12 1
0 3 22 19 12 13 1
0 3 22 19 12 14 1
0 3 22 19 12 15 1
0 3 21 19 12 16 1
0 3 21 19 13 10 1
0 3 25 19 14 10 1
0 3 24 19 14 11 1
0 3 12 19 14 12 1
0 3 23 19 15 10 1
0 3 23 19 15 11 1
0 3 23 19 15 12 1
0 3 11 19 15 13 1
0 3 11 19 15 14 1
0 3 22 19 15 15 1
0 3 10 19 15 16 1
0 6 22 19 1 6 1
0 6 21 19 1 7 1
0 3 26 19 2 6 1
0 3 12 19 2 7 1
0 3 10 19 2 8 1
0 6 0 19 3 5 1
0 6 3 19 3 5 2
0 6 0 19 3 6 1
0 6 3 19 3 6 2
0 6 0 19 3 7 1
0 6 0 19 3 7 2
0 7 26 19 4 5 1
0 3 15 19 4 6 1
0 7 22 19 5 5 1
0 7 22 19 5 6 1
0 2 26 19 7 5 1
0 4 0 19 10 5 1
0 4 0 19 10 5 2
0 4 11 19 10 6 1
0 4 22 19 10 7 1
0 3 23 19 11 5 1
0 3 21 19 11 6 1
0 3 21 19 11 7 1
0 3 25 19 13 6 1
0 3 24 19 13 7 1
0 4 26 19 14 6 1
0 6 23 19 14 7 1
0 2 23 20 0 10 1
0 1 0 20 1 10 1
0 1 3 20 1 10 2
0 3 14 20 2 10 1
0 3 25 20 2 11 1
0 3 24 20 2 12 1
0 3 24 20 2 13 1
0 3 22 20 2 14 1
0 3 22 20 2 15 1
0 3 10 20 2 16 1
0 7 24 20 3 10 1
0 4 24 20 3 11 1
0 6 12 20 3 12 1
0 3 12 20 3 13 1
0 3 23 20 3 14 1
0 3 11 20 3 15 1
0 7 22 20 4 10 1
0 7 22 20 4 11 1
0 7 10 20 4 12 1
0 7 10 20 4 13 1
0 7 10 20 4 14 1
0 7 10 20 4 15 1
0 7 21 20 4 16 1
0 6 14 20 5 10 1
0 3 0 20 6 10 1
0 3 0 20 6 10 2
0 2 22 20 7 10 1
0 3 11 20 9 10 1
0 4 10 20 9 11 1
0 3 10 20 9 12 1
0 3 10 20 9 13 1
0 3 10 20 9 14 1
0 1 15 20 10 10 1
0 1 3 20 11 10 1
0 1 3 20 11 10 2
0 1 15 20 11 11 1
0 1 25 20 11 12 1
0 1 25 20 11 13 1
0 1 25 20 11 14 1
0 1 25 20 11 15 1
0 1 25 20 11 16 1
0 3 13 20 12 10 1
0 3 24 20 12 11 1
0 3 24 20 12 12 1
0 3 12 20 12 13 1
0 3 0 20 14 10 1
0 3 3 20 14 10 2
0 3 0 20 14 11 1
0 3 0 20 14 11 2
0 3 22 20 14 12 1
0 3 22 20 14 13 1
0 3 10 20 14 14 1
0 3 21 20 14 15 1
0 3 21 20 14 16 1
0 5 22 20 15 10 1
0 1 25
0 1 25
0 1 25
0 1 26
0 1 31
0 1 26
0 1 4
0 1 26
0 1 0
0 1 14
0 1 26
0 1 7
0 1 26
0 2 25
0 2 25
0 2 25
0 2 1
0 2 14
0 2 25
0 2 14
0 2 26
0 2 25
0 2 3
0 2 25
0 2 15
0 2 15
0 2 14
0 2 10
0 2 25
0 2 2
0 2 22
0 2 14
0 2 21
0 2 3
0 2 3
0 2 14
0 2 26
0 2 15
0 2 2
0 2 25
0 2 10
0 2 25
0 2 25
0 2 25
0 2 25
0 2 14
0 2 22
0 2 25
0 2 25
0 2 14
0 2 15
0 2 11
0 2 23
0 2 1
0 2 21
0 2 25
0 2 25
0 2 25
0 2 12
0 2 10
0 2 14
0 2 14
0 3 25
0 3 4
0 3 12
0 3 23
0 3 24
0 3 14
0 3 3
0 3 26
0 3 25
0 3 3
0 3 14
0 3 22
0 3 15
0 3 25
0 3 3
0 3 23
0 3 23
0 3 25
0 3 15
0 3 3
0 3 26
0 3 3
0 3 14
0 3 26
0 3 3
0 3 14
0 3 3
0 3 15
0 3 15
0 3 26
0 3 4
0 3 26
0 3 26
0 3 15
0 3 25
0 3 15
0 3 23
0 3 25
0 3 25
0 3 25
0 3 11
0 3 15
0 3 14
0 3 26
0 3 25
0 3 25
0 3 25
0 3 0
0 3 21
0 3 3
0 3 15
0 3 24
0 3 26
0 3 26
0 3 3
0 3 31
0 3 14
0 3 15
0 3 14
0 3 25
0 3 4
0 3 3
0 3 22
0 3 0
0 3 25
0 3 14
0 3 24
0 3 26
0 3 25
0 3 3
0 3 23
0 3 4
0 3 14
0 3 26
0 3 10
0 3 11
0 3 25
0 3 11
0 3 0
0 3 30
0 3 25
0 3 14
0 3 3
0 3 3
0 3 10
0 3 3
0 3 23
0 3 25
0 3 25
0 3 23
0 3 22
0 3 12
0 3 3
0 3 21
0 3 22
0 3 25
0 3 3
0 3 26
0 3 21
0 3 12
0 3 21
0 3 22
0 3 14
0 3 14
0 3 15
0 3 14
0 3 3
0 3 10
0 3 24
0 3 25
0 3 26
0 3 26
0 3 15
0 3 24
0 3 22
0 3 3
0 3 13
0 3 21
0 3 0
0 3 23
0 3 26
0 3 27
0 3 26
0 3 15
0 3 0
0 3 25
0 3 14
0 3 25
0 3 24
0 3 25
0 3 0
0 3 3
0 3 26
0 3 25
0 3 0
0 3 15
0 3 21
0 3 4
0 3 23
0 3 25
0 3 11
0 3 14
0 3 12
0 3 3
0 3 25
0 3 2
0 3 3
0 3 11
0 3 15
0 3 15
0 3 3
0 3 25
0 3 22
0 3 12
0 3 31
0 3 0
0 3 0
0 3 15
0 3 25
0 3 21
0 3 3
0 3 3
0 3 22
0 3 3
0 3 24
0 3 26
0 3 10
0 3 14
0 3 26
0 3 25
0 3 15
0 3 24
0 3 4
0 3 21
0 4 10
0 4 26
0 4 31
0 4 31
0 4 31
0 4 3
0 4 31
0 4 25
0 4 31
0 4 31
0 4 31
0 4 3
0 4 25
0 4 31
0 4 25
0 4 25
0 4 4
0 4 4
0 4 31
0 4 31
0 4 31
0 4 3
0 4 31
0 5 2
0 5 2
0 5 2
0 6 31
0 6 3
0 6 15
0 6 3
0 6 25
0 6 3
0 6 3
0 6 3
0 6 3
0 6 3
0 6 3
0 6 3
0 6 15
0 6 15
0 6 25
0 6 3
0 6 3
0 6 3
0 6 3
0 6 3
0 6 3
0 6 3
0 6 25
0 7 25
0 7 15
0 7 22
0 7 25
0 7 0
0 7 25
0 7 14
0 7 12
0 7 30
0 7 25
0 7 14
0 7 23
0 7 25
0 7 14
0 7 25
0 7 2
0 7 25
0 7 23
0 7 14
0 7 10
0 7 25
0 7 14
0 7 14
0 7 14
0 7 22
0 7 31
0 7 2
0 7 1
0 7 25
0 7 14
0 7 23
0 7 21
0 7 31
0 7 27
0 7 12
0 7 25
0 7 30
0 7 25
0 7 24
0 7 30
0 7 12
0 7 14
0 7 10
0 7 0
0 7 26
0 7 25
0 7 25
0 7 14
0 7 14
0 7 12
0 7 14
0 7 25
0 7 1
0 7 25
0 7 10
0 7 30
0 7 22
0 7 25
0 7 25
0 7 23
0 8 4
0 8 24
0 8 24
0 8 25
0 8 24
0 8 25
0 8 24
0 8 21
0 8 24
0 8 0
0 8 24
0 8 0
0 8 3
0 8 24
0 8 25
0 8 25
0 8 24
0 8 25
0 8 24
0 8 25
0 8 13
0 8 13
0 8 24
0 8 13
0 8 25
0 8 31
0 8 26
0 8 13
0 8 28
0 8 25
0 8 31
0 8 26
0 8 31
0 8 3
0 8 25
0 8 3
0 8 3
0 8 14
0 8 25
0 8 14
0 8 24
0 8 12
0 8 31
0 8 24
0 8 26
0 8 4
0 8 4
0 8 14
0 8 14
0 8 25
0 8 3
0 8 28
0 8 28
0 8 4
0 8 0
0 8 24
0 8 13
0 8 24
0 8 26
0 8 31
0 8 24
0 8 28
0 8 11
0 8 25
0 8 3
0 8 26
0 8 3
0 8 14
0 8 25
0 8 26
0 8 25
0 8 28
0 9 24
0 9 21
0 9 25
0 9 3
0 9 24
0 9 12
0 9 30
0 9 25
0 9 15
0 9 26
0 9 3
0 9 24
0 9 24
0 9 26
0 9 3
0 9 3
0 9 22
0 9 28
0 9 10
0 9 10
0 9 25
0 9 25
0 10 25
0 10 25
0 10 25
0 10 31
0 10 25
0 10 25
0 10 25
0 10 25
0 10 25
0 10 25
0 10 25
0 10 25
0 10 25
0 10 25
0 10 25
0 10 25
0 11 25
0 11 22
0 11 12
0 11 26
0 11 25
0 11 21
0 11 4
0 11 25
0 11 26
0 11 13
0 11 13
0 11 25
0 11 11
0 11 14
0 11 3
0 11 23
0 11 15
0 11 13
0 11 14
0 11 23
0 11 21
0 11 30
0 11 2
0 11 24
0 11 26
0 11 3
0 11 26
0 11 25
0 11 0
0 11 10
0 11 22
0 11 25
0 11 26
0 11 25
0 11 25
0 11 22
0 11 14
0 11 15
0 11 12
0 11 3
0 11 26
0 11 14
0 11 22
0 11 8
0 11 11
0 11 24
0 11 11
0 11 10
0 11 26
0 11 25
0 11 25
0 11 26
0 11 3
0 11 25
0 11 21
0 11 1
0 11 26
0 11 25
0 11 3
0 11 12
0 11 4
0 11 26
0 11 23
0 11 25
0 11 23
0 11 15
0 11 10
0 11 12
0 11 11
0 11 21
0 11 31
0 11 10
0 11 26
0 11 31
0 11 23
0 11 4
0 11 22
0 11 22
0 11 3
0 11 25
0 11 15
0 11 26
0 11 3
0 11 25
0 11 26
0 11 3
0 11 14
0 11 25
0 11 23
0 11 4
0 11 4
0 11 25
0 11 26
0 11 14
0 11 25
0 11 26
0 11 12
0 11 4
0 11 3
0 11 25
0 11 4
0 11 26
0 11 15
0 11 8
0 11 12
0 11 26
0 11 10
0 11 14
0 11 7
0 11 25
0 11 14
0 11 10
0 11 26
0 11 0
0 11 3
0 11 25
0 11 15
0 11 14
0 11 25
0 11 15
0 11 26
0 11 4
0 11 30
0 11 14
0 11 23
0 11 26
0 11 26
0 11 15
0 11 14
0 11 25
0 11 25
0 11 26
0 11 24
0 11 13
0 11 3
0 11 4
0 12 3
0 12 25
0 12 23
0 12 14
0 12 25
0 12 26
0 12 3
0 12 31
0 12 3
0 12 4
0 12 14
0 12 25
0 12 3
0 12 26
0 12 1
0 12 31
0 12 25
0 12 14
0 12 25
0 12 14
0 12 22
0 12 31
0 12 24
0 12 26
0 12 25
0 12 25
0 12 25
0 12 1
0 12 13
0 12 25
0 12 3
0 12 4
0 12 25
0 12 26
0 12 15
0 12 14
0 12 30
0 12 31
0 12 26
0 12 22
0 12 25
0 12 23
0 12 21
0 12 23
0 12 24
0 12 27
0 12 4
0 12 25
0 12 21
0 12 1
0 12 12
0 12 14
0 12 21
0 12 25
0 12 25
0 12 0
0 12 15
0 12 24
0 12 14
0 12 4
0 12 21
0 12 3
0 12 25
0 12 31
0 12 31
0 12 15
0 12 12
0 12 25
0 12 12
0 12 24
0 12 25
0 12 26
0 12 10
0 12 24
0 12 25
0 12 25
0 12 26
0 12 15
0 12 25
0 12 21
0 12 25
0 12 25
0 12 25
0 12 2
0 12 15
0 12 11
0 12 22
0 12 25
0 12 15
0 12 3
0 12 22
0 12 14
0 12 25
0 12 24
0 12 3
0 12 3
0 12 25
0 12 3
0 12 3
0 12 30
0 12 26
0 12 25
0 12 26
0 12 25
0 12 31
0 12 10
0 12 14
0 12 25
0 12 3
0 12 31
0 12 14
0 12 22
0 12 12
0 12 25
0 12 25
0 12 25
0 12 11
0 12 30
0 12 0
0 12 11
0 12 25
0 12 24
0 12 23
0 12 3
0 12 22
0 12 25
0 12 26
0 12 13
0 12 0
0 12 3
0 12 25
0 12 14
0 12 1
0 12 26
0 12 25
0 12 23
0 12 31
0 12 25
0 12 25
0 12 11
0 12 15
0 12 31
0 12 14
0 12 25
0 12 14
0 12 26
0 12 25
0 12 24
0 12 3
0 12 25
0 12 14
0 12 25
0 12 25
0 12 10
0 12 23
0 12 10
0 12 21
0 12 10
0 12 31
0 12 15
0 12 15
0 12 14
0 12 25
0 12 2
0 12 3
0 12 24
0 12 14
0 12 25
0 12 0
0 12 3
0 12 31
0 12 10
0 12 3
0 12 31
0 12 14
0 12 14
0 12 14
0 12 25
0 12 26
0 12 25
0 12 28
0 12 25
0 12 31
0 12 15
0 12 25
0 12 25
0 12 25
0 12 3
0 12 26
0 5 3
0 3 22
0 3 24
0 3 3
0 3 3
0 3 0
0 3 3
0 10 22
0 5 23
0 5 24
0 5 24
0 3 25
0 3 25
0 3 26
0 3 25
0 3 25
0 3 15
0 3 3
0 3 3
0 8 25
0 8 14
0 8 14
0 8 4
0 8 4
0 3 15
0 6 25
0 6 15
0 6 2
0 6 4
0 6 3
0 6 3
0 8 22
0 8 25
0 8 4
0 8 4
0 8 4
0 8 4
0 6 25
0 6 14
0 6 2
0 6 4
0 6 3
0 6 3
0 3 24
0 3 13
0 3 15
0 3 3
0 3 3
0 3 24
0 3 13
0 3 3
0 3 4
0 3 2
0 3 2
0 3 23
0 3 26
0 3 3
0 3 3
0 3 3
0 3 3
0 9 26
0 9 26
0 9 2
0 9 3
0 8 2
0 8 3
0 6 22
0 6 0
0 6 4
0 6 4
0 6 0
0 6 3
0 6 3
0 2 25
0 2 4
0 2 4
0 2 4
0 2 4
0 2 4
0 2 4
0 2 24
0 2 26
0 2 26
0 2 3
0 2 3
0 2 26
0 2 26
0 3 23
0 5 23
0 5 2
0 5 3
0 5 4
0 5 3
0 5 3
0 5 3
0 4 22
0 4 25
0 4 4
0 4 4
0 4 4
0 4 4
0 4 2
0 7 26
0 7 15
0 7 25
0 7 2
0 7 3
0 7 3
0 7 2
0 7 3
0 7 3
0 7 22
0 7 22
0 7 22
0 7 22
0 7 11
0 7 25
0 7 25
0 7 14
0 7 26
0 7 21
0 7 3
0 7 3
0 7 3
0 7 3
0 5 24
0 5 13
0 5 25
0 5 3
0 5 3
0 5 23
0 5 25
0 5 3
0 5 4
0 5 3
0 5 3
0 3 23
0 3 2
0 3 3
0 3 4
0 3 3
0 3 3
0 3 3
0 2 25
0 4 14
0 4 15
0 4 31
0 7 3
0 5 3
0 2 26
0 2 26
0 4 15
0 7 31
0 7 26
0 7 26
0 7 26
0 7 31
0 5 23
0 5 24
0 5 24
0 7 13
0 7 14
0 2 24
0 2 25
0 2 15
0 4 15
0 7 26
0 8 14
0 8 4
0 8 4
0 8 3
0 8 4
0 1 26
0 1 26
0 1 26
0 1 15
0 2 24
0 2 26
0 2 26
0 2 15
0 2 4
0 7 6
0 1 26
0 1 26
0 2 4
0 2 4
0 2 4
0 2 4
0 7 25
0 7 25
0 7 25
0 7 26
0 7 15
0 1 25
0 1 25
0 1 25
0 2 31
0 7 31
0 2 25
0 2 26
0 2 26
0 2 3
0 2 3
0 2 8
0 2 8
0 7 22
0 7 22
0 7 22
0 7 22
0 7 26
0 2 23
0 2 24
0 2 24
0 2 24
0 2 24
0 7 25
0 7 26
0 7 2
0 7 3
0 7 3
0 7 2
0 7 3
0 7 3
0 2 25
0 7 25
0 7 25
0 7 26
0 7 26
0 2 22
0 2 25
0 2 26
0 2 4
0 2 4
0 2 4
0 2 4
0 2 25
0 3 24
0 3 24
0 3 24
0 3 13
0 3 2
0 3 0
0 3 12
0 3 26
0 3 3
0 3 3
0 9 3
0 3 2
0 3 3
0 3 3
0 3 26
0 3 4
0 3 3
0 3 21
0 3 22
0 3 3
0 3 3
0 3 4
0 3 0
0 3 0
0 3 3
0 6 26
0 6 26
0 6 4
0 6 4
0 6 4
0 6 4
0 6 23
0 3 26
0 3 15
0 3 4
0 3 4
0 3 4
0 3 4
0 1 4
0 2 25
0 2 26
0 2 26
0 9 26
0 1 14
0 1 26
0 1 26
0 1 26
0 1 4
0 5 1
0 7 22
0 7 22
0 7 25
0 7 30
0 7 15
0 3 22
0 3 22
0 3 22
0 3 30
0 3 30
0 9 3
0 2 25
0 2 25
0 2 25
0 2 15
0 2 15
0 2 23
0 2 25
0 2 14
0 2 4
0 2 4
0 2 24
0 2 26
0 2 26
0 2 26
0 2 4
0 2 2
0 4 26
0 4 26
0 4 4
0 4 4
0 4 4
0 4 4
0 8 23
0 8 23
0 8 23
0 8 23
0 8 24
0 8 22
0 8 23
0 4 4
0 2 26
0 2 26
0 2 26
0 6 4
0 6 4
0 6 4
0 2 26
0 2 26
0 2 26
0 6 4
0 5 4
0 3 23
0 3 23
0 3 26
0 3 31
0 3 3
0 3 3
0 6 24
0 6 24
0 6 3
0 6 3
0 6 3
0 6 0
0 6 2
0 6 3
0 3 24
0 3 14
0 8 25
0 8 3
0 8 4
0 3 7
0 3 7
0 5 23
0 5 0
0 5 0
0 5 3
0 5 1
0 3 8
0 3 4
0 7 21
0 7 22
0 7 22
0 7 22
0 7 30
0 2 26
0 2 26
0 2 26
0 2 3
0 4 7
0 4 25
0 4 15
0 4 31
0 7 22
0 7 24
0 7 25
0 7 30
0 7 2
0 7 2
0 4 25
0 7 25
0 2 25
0 2 25
0 2 26
0 2 31
0 4 26
0 4 26
0 4 26
0 4 15
0 4 13
0 4 25
0 4 26
0 2 12
0 2 24
0 2 3
0 2 3
0 2 3
0 2 3
0 2 3
0 2 3
0 5 21
0 5 0
0 3 0
0 5 0
0 3 0
0 1 26
0 2 26
0 2 26
0 2 26
0 6 22
0 6 23
0 6 12
0 6 12
0 6 14
0 2 13
0 2 14
0 2 26
0 2 26
0 2 26
0 6 25
0 6 14
0 6 14
0 6 26
0 6 26
0 6 21
0 6 10
0 6 11
0 2 2
0 6 0
0 6 0
0 3 23
0 3 15
0 3 15
0 3 15
0 3 15
0 3 6
0 2 12
0 2 30
0 6 2
0 3 8
0 2 22
0 2 22
0 2 26
0 2 31
0 7 21
0 7 25
0 7 25
0 7 30
0 7 30
0 2 26
0 7 26
0 3 21
0 3 26
0 3 26
0 3 3
0 3 4
0 3 7
0 3 4
0 3 22
0 3 22
0 3 22
0 3 25
0 3 30
0 3 25
0 3 25
0 3 14
0 3 1
0 3 4
0 3 7
0 7 7
0 2 7
0 7 24
0 7 14
0 7 31
0 7 3
0 7 3
0 7 7
0 7 3
0 4 7
0 4 30
0 4 13
0 4 30
0 4 15
0 2 30
0 2 2
0 2 2
0 2 3
0 2 3
0 2 1
0 2 2
0 2 3
0 2 3
0 9 24
0 9 30
0 9 3
0 9 3
0 9 0
0 9 3
0 8 22
0 1 25
0 1 26
0 1 26
0 1 3
0 1 3
0 1 3
0 1 3
0 8 23
0 8 2
0 8 2
0 8 3
0 8 4
0 8 2
0 8 2
0 8 3
0 8 4
0 4 25
0 4 25
0 4 25
0 4 30
0 4 30
0 4 15
0 4 31
0 4 25
0 4 25
0 4 26
0 4 26
0 4 31
0 4 31
0 4 13
0 4 14
0 4 26
0 4 26
0 4 26
0 4 3
0 4 4
0 4 3
0 4 3
0 3 22
0 3 23
0 3 23
0 3 12
0 3 12
0 3 15
0 3 31
0 4 26
0 4 26
0 4 26
0 4 26
0 4 31
0 9 0
0 3 6
0 7 23
0 7 23
0 7 13
0 7 25
0 6 22
0 10 24
0 10 25
0 6 10
0 3 10
0 3 11
0 3 11
0 3 11
0 3 12
0 3 12
0 3 24
0 2 4
0 3 4
0 1 26
0 2 13
0 6 22
0 6 22
0 5 21
0 6 24
0 1 4
0 7 22
0 7 22
0 7 22
0 7 22
0 7 22
0 7 22
0 7 24
0 7 25
0 7 25
0 7 26
0 7 15
0 7 15
0 2 23
0 2 23
0 3 22
0 3 23
0 9 24
0 2 14
0 4 26
0 6 21
0 3 11
0 3 23
0 3 23
0 3 23
0 5 13
0 2 3
0 2 4
0 7 23
0 7 22
0 7 22
0 7 22
0 7 22
0 1 14
0 1 3
0 1 3
0 1 3
0 1 4
0 2 1
0 2 23
0 6 23
